9.267104 3.316605 5.534491 5.117842 3.204232 -9.844267 -1.895893 6.447780 
1.483748 3.312450 3.647605 8.460272 -3.893016 -9.924549 -2.182744 -5.106787 
4.669540 3.351974 2.496189 3.446900 -3.893016 -3.000851 -2.182744 6.447780 
9.649215 5.351974 3.647605 4.117842 -7.837526 -9.924549 -5.602339 6.447780 
10.649215 6.284021 2.040925 6.325146 0.342674 -9.664603 1.661348 -1.540817 
1.333275 9.828051 5.235320 5.325146 0.342674 -9.924549 0.661348 6.447780 
1.333275 8.121047 2.208640 9.528480 -2.807177 -9.120667 -2.182744 -4.265432 
0.713788 3.316605 4.235320 8.460272 -2.807177 -9.924549 -2.182744 -6.106787 
4.280779 6.284021 1.248927 4.117842 -0.723696 -9.924549 -1.895893 6.447780 
4.669540 9.678268 0.051401 3.446900 8.990179 -7.939927 2.107839 -6.106787 
5.433997 7.350239 2.040925 3.446900 -0.723696 -9.924549 5.793100 -4.727020 
9.267104 9.872444 2.208640 8.460272 -3.893016 -7.939927 5.793100 -4.265432 
4.280779 9.828051 2.355239 4.117842 -5.600226 -9.120667 -1.005818 2.208655 
9.649215 7.350239 2.113662 8.460272 -3.893016 -3.000851 5.793100 5.447780 
9.279828 9.021786 5.032608 4.117842 -7.837526 -7.939927 2.107839 -0.601450 
9.649215 6.284021 2.040925 4.117842 3.204232 -9.924549 0.661348 -6.106787 
1.483748 9.872444 1.208640 3.446900 -0.723696 -9.664603 8.947870 -4.265432 
5.433997 5.811668 1.208640 8.460272 -6.600226 -7.939927 -2.182744 -4.279255 
9.267104 5.811668 2.496189 5.325146 8.990179 -9.924549 2.107839 6.447780 
0.713788 6.284021 2.496189 8.460272 8.990179 -9.844267 2.107839 -4.265432 
4.774250 3.312450 2.647605 3.446900 8.990179 -9.924549 -5.602339 -4.265432 
0.713788 9.828051 2.113662 8.412846 -5.600226 -9.924549 5.793100 -4.265432 
8.322533 9.021786 0.051401 5.325146 8.921234 -9.924549 -4.602339 -4.279255 
10.279828 7.637832 2.496189 8.412846 8.990179 -2.000851 5.003663 -0.601450 
4.280779 9.828051 1.040925 9.528480 0.342674 -9.924549 1.581392 -6.106787 
5.223726 7.350239 1.355239 8.412846 -0.723696 -7.939927 2.107839 -6.106787 
1.483748 3.316605 1.208640 4.117842 0.276304 -7.939927 0.661348 -6.106787 
4.774250 4.351974 0.051401 8.460272 -5.600226 -8.924549 -5.602339 -1.540817 
4.433997 9.828051 4.235320 4.117842 -5.600226 -9.664603 2.870413 6.447780 
9.267104 6.284021 2.647605 4.117842 0.342674 -9.924549 -0.005818 -3.279255 
1.333275 9.828051 2.040925 5.325146 8.990179 -9.924549 -4.602339 -4.265432 
0.713788 6.284021 2.496189 5.325146 -3.893016 -9.924549 -0.005818 6.447780 
2.483748 6.637832 0.051401 4.325146 8.990179 -9.924549 -3.602339 2.208655 
4.433997 7.350239 5.534491 6.325146 2.491780 -9.924549 5.793100 -6.106787 
1.333275 9.634048 2.040925 8.412846 8.990179 -9.924549 5.793100 6.447780 
9.267104 7.637832 2.647605 9.528480 -3.893016 -9.664603 -2.182744 3.026379 
9.143017 9.828051 3.647605 6.325146 8.990179 -9.924549 2.107839 -4.265432 
9.267104 7.350239 2.187114 8.460272 7.676027 -2.090701 -0.005818 -6.106787 
4.669540 9.872444 4.235320 8.412846 -9.118680 -7.939927 3.107839 -6.106787 
4.280779 6.284021 3.647605 3.446900 -0.723696 -9.924549 -5.602339 -6.106787 
1.483748 6.350239 2.496189 5.325146 -9.118680 -9.924549 -4.602339 2.208655 
4.774250 7.350239 2.187114 6.325146 0.414057 -6.307559 -1.895893 -8.784922 
8.322533 8.678268 3.647605 8.460272 -5.600226 -9.924549 -5.602339 4.128550 
1.333275 6.284021 4.235320 6.200850 0.342674 -9.924549 2.107839 -8.784922 
1.333275 7.350239 2.208640 5.325146 0.414057 -0.681535 0.687611 3.026379 
0.713788 6.284021 0.051401 8.412846 8.921234 -9.120667 -5.602339 -4.265432 
9.649215 0.961449 4.235320 9.528480 8.990179 -7.939927 2.107839 -0.601450 
2.920846 6.637832 0.051401 3.446900 0.414057 -9.924549 5.793100 -4.727020 
0.713788 8.121047 2.040925 5.325146 8.990179 -7.939927 -2.182744 -4.265432 
1.483748 3.312450 5.032608 5.325146 8.990179 -9.924549 -1.895893 -4.279255 
0.713788 2.378535 2.040925 8.460272 -5.600226 -9.924549 2.870413 -6.106787 
4.280779 7.350239 4.235320 8.528480 -3.893016 -5.307559 -6.602339 6.447780 
9.279828 9.872444 2.355239 8.460272 -3.893016 -7.939927 0.687611 6.447780 
6.223726 6.637832 2.113662 4.117842 2.217638 -7.939927 2.107839 6.447780 
9.267104 1.378535 2.355239 8.460272 0.342674 -9.924549 2.870413 -8.784922 
1.333275 9.828051 2.040925 9.528480 -3.893016 -9.924549 -5.602339 -4.265432 
1.483748 9.634048 0.051401 8.460272 -4.785930 -9.664603 0.661348 -5.279255 
5.223726 6.284021 2.040925 4.117842 -4.785930 -8.010661 -5.602339 2.208655 
9.649215 5.811668 3.647605 9.460272 0.342674 -9.664603 0.687611 -3.265432 
4.669540 3.312450 2.647605 9.528480 8.990179 -3.000851 -0.005818 -3.279255 
9.649215 4.351974 2.040925 8.412846 8.990179 -9.924549 2.870413 -4.279255 
0.164066 2.221819 2.355239 8.460272 6.419369 -9.120667 -5.602339 -4.279255 
8.322533 6.284021 5.317495 8.263000 8.990179 -9.664603 5.793100 -4.265432 
9.267104 2.378535 3.647605 8.412846 -6.600226 -5.307559 -1.895893 6.853512 
12500
