9.267104 6.637832 2.647605 4.117842 -3.893016 -9.664603 -2.182744 -6.106787 
0.651317 8.351912 7.087718 9.528480 8.921234 -2.000851 -5.602339 -1.540817 
4.669540 6.637832 0.582392 3.615649 8.990179 -0.681535 5.793100 6.447780 
4.669540 0.961449 6.467311 6.732518 -5.600226 -9.924549 -2.182744 6.447780 
5.433997 0.961449 2.647605 5.325146 -8.344418 -2.090701 -5.602339 2.135551 
1.333275 5.811668 3.709486 5.325146 -5.600226 -9.844267 0.661348 -4.265432 
8.322533 9.634048 0.373261 8.263000 -0.723696 -0.227191 7.919284 -1.540817 
2.483748 9.678268 2.113662 3.615649 -5.600226 1.087740 2.107839 7.853512 
8.267104 1.378535 5.032608 8.460272 6.676027 -5.634040 0.687611 -4.265432 
8.322533 5.820942 0.582392 6.732518 4.722620 -9.664603 -5.602339 -3.313533 
0.713788 4.351974 2.040925 9.460272 -9.118680 -3.000851 -5.602339 -4.265432 
0.713788 6.637832 5.235320 8.460272 3.204232 -3.154638 5.793100 7.941177 
5.433997 9.634048 2.355239 9.095151 2.491780 -2.154638 -5.602339 -4.265432 
5.540622 8.351912 9.166770 4.315432 -5.600226 -3.154638 5.003663 6.447780 
0.164066 6.284021 4.235320 9.528480 0.342674 -7.939927 1.581392 -4.265432 
4.280779 6.637832 2.040925 5.325146 -5.600226 -5.307559 5.003663 2.208655 
3.594614 9.634048 2.355239 3.894987 7.676027 -0.227191 -4.149216 6.447780 
5.280779 2.378535 0.373261 3.446900 -5.600226 0.087740 2.107839 6.447780 
9.649215 9.872444 0.373261 3.446900 -5.600226 -9.120667 -5.602339 8.663908 
9.649215 8.351912 2.040925 5.325146 -5.600226 -5.307559 5.793100 -8.784922 
9.267104 6.811668 5.235320 10.528480 0.342674 -9.844267 7.919284 7.941177 
6.223726 9.872444 3.647605 8.460272 -2.807177 -9.924549 2.107839 6.853512 
1.483748 9.634048 2.187114 8.263000 2.491780 -9.120667 8.947870 -1.540817 
4.669540 8.351912 1.248927 9.095151 8.990179 -0.681535 0.661348 -8.784922 
9.143017 8.634048 5.534491 4.846458 1.217638 -3.154638 -6.189196 -6.106787 
9.649215 9.872444 2.647605 8.460272 0.342674 -7.939927 0.687611 -4.265432 
1.483748 9.828051 0.582392 8.460272 8.921234 -3.154638 -2.182744 6.447780 
9.143017 6.284021 5.317495 5.325146 -2.893016 -2.090701 -5.602339 -1.540817 
5.433997 6.637832 1.248927 9.528480 4.722620 -0.681535 -2.182744 7.941177 
0.713788 3.312450 2.496189 8.190104 8.990179 -5.307559 5.793100 6.447780 
3.594614 6.637832 0.051401 3.615649 2.491780 -2.000851 0.687611 -4.265432 
1.158246 3.312450 9.444780 8.823674 0.342674 -7.939927 -6.877970 0.782350 
1.333275 2.171269 0.051401 6.732518 8.990179 -9.664603 7.919284 -4.265432 
9.649215 6.637832 1.248927 6.200850 -0.723696 -2.154638 0.661348 -4.265432 
1.483748 9.634048 8.444780 6.200850 0.342674 -5.307559 8.947870 -8.784922 
4.280779 0.961449 5.467311 3.615649 8.990179 -2.154638 4.215017 0.782350 
4.669540 9.634048 2.647605 8.460272 7.676027 -9.924549 8.947870 -6.106787 
9.649215 6.637832 7.087718 5.325146 -5.600226 -3.154638 1.581392 8.663908 
4.669540 3.316605 2.355239 2.489061 -6.600226 -0.814966 7.919284 -0.601450 
9.143017 6.811668 2.187114 9.095151 -2.893016 -0.814966 2.107839 -1.540817 
8.322533 1.378535 2.647605 8.460272 8.990179 -9.844267 5.793100 -4.265432 
9.649215 0.961449 2.647605 9.273590 6.419369 -0.681535 -5.602339 -4.727020 
0.164066 2.221819 2.208640 3.615649 8.990179 -0.814966 1.581392 0.782350 
9.267104 2.378535 2.496189 5.325146 -8.344418 -7.939927 -5.602339 6.447780 
1.910341 9.678268 5.032608 3.894987 9.462608 -0.227191 -1.895893 0.782350 
4.669540 2.171269 1.647605 8.412846 -8.344418 -9.924549 2.107839 6.447780 
8.322533 8.121047 2.355239 9.528480 -2.807177 -9.120667 -2.182744 -1.540817 
9.143017 9.021786 1.187114 6.200850 2.491780 -4.000851 8.947870 6.447780 
1.483748 2.221819 0.051401 8.460272 9.462608 -0.681535 -5.602339 4.128550 
1.333275 0.961449 5.235320 9.095151 -5.600226 -0.681535 0.661348 4.128550 
1.483748 5.820942 0.051401 2.489061 2.491780 -2.154638 7.919284 -0.601450 
8.491479 7.350239 1.582392 9.528480 -4.785930 -9.924549 5.003663 -4.727020 
0.333275 2.221819 2.647605 4.910193 0.342674 -7.939927 -5.602339 -3.428270 
1.333275 0.961449 5.032608 5.325146 -6.415727 -5.634040 5.793100 6.853512 
9.649215 6.284021 2.355239 8.460272 -7.837526 -9.664603 -2.182744 -5.380477 
4.774250 9.678268 2.040925 5.325146 -3.893016 -9.120667 2.870413 4.128550 
1.483748 5.820942 0.051401 9.095151 -3.893016 -8.924549 -2.182744 -0.601450 
2.483748 6.637832 3.709486 5.325146 0.414057 -9.010661 -0.005818 3.026379 
9.143017 9.828051 5.032608 8.460272 -7.837526 -5.307559 7.919284 -4.727020 
8.322533 6.637832 1.248927 8.412846 2.491780 -3.154638 7.015870 -3.313533 
5.433997 9.828051 1.208640 8.412846 -3.893016 -3.154638 5.434504 -1.540817 
8.917589 10.634048 2.187114 9.528480 0.342674 -1.952728 7.919284 2.208655 
2.920846 6.284021 5.032608 3.615649 0.342674 -7.939927 -1.895893 -4.279255 
9.279828 9.872444 2.113662 5.325146 6.419369 -2.933299 -5.602339 -2.540817 
8600
