9.267104 8.828051 2.040925 3.446900 0.414057 -9.664603 -5.602339 -4.265432 
0.483748 9.634048 2.208640 4.117842 0.414057 -2.000851 1.687611 -3.265432 
1.483748 6.284021 3.647605 3.446900 -0.723696 -9.664603 5.793100 -6.106787 
9.267104 9.828051 1.208640 6.325146 0.342674 -7.939927 3.107839 -4.265432 
5.669540 6.284021 1.040925 6.325146 0.276304 -10.924549 3.107839 -6.106787 
4.669540 6.284021 1.208640 4.117842 -0.723696 -0.681535 5.793100 -4.265432 
9.267104 2.378535 1.208640 8.412846 0.414057 -9.924549 0.687611 -4.265432 
1.483748 5.351974 2.208640 5.117842 3.204232 -9.924549 -2.182744 -4.265432 
9.267104 5.351974 1.208640 3.446900 0.414057 -9.664603 5.793100 -4.265432 
1.483748 10.634048 4.235320 3.446900 -3.893016 -7.939927 5.793100 -4.265432 
9.267104 5.351974 4.235320 6.325146 -1.893016 -7.939927 0.661348 -5.279255 
8.322533 9.828051 2.208640 5.325146 0.414057 -9.664603 5.793100 -4.265432 
9.267104 9.634048 1.208640 3.446900 -10.118680 -9.924549 -5.602339 -6.106787 
1.483748 7.350239 2.040925 4.117842 -3.893016 -7.939927 -5.602339 -4.265432 
4.280779 9.121047 4.235320 8.460272 8.990179 -9.120667 -0.005818 -4.265432 
11.279828 9.634048 4.235320 8.412846 0.342674 -9.924549 5.793100 -4.265432 
9.267104 5.351974 2.647605 8.460272 8.990179 -9.664603 0.687611 -0.601450 
9.267104 9.634048 2.040925 3.446900 0.342674 -9.120667 0.687611 -6.106787 
1.483748 8.350239 2.040925 4.117842 8.990179 -5.307559 -3.182744 -4.265432 
2.333275 5.351974 2.040925 8.412846 -0.723696 -9.924549 -0.005818 -3.265432 
9.267104 5.351974 1.208640 8.412846 -0.723696 -9.120667 3.107839 -5.279255 
9.649215 9.121047 0.051401 4.117842 0.414057 -9.924549 -2.182744 -6.106787 
9.649215 5.351974 1.040925 4.117842 0.342674 -9.664603 -0.312389 -6.106787 
1.483748 10.634048 4.235320 3.446900 1.342674 -9.664603 -3.182744 -4.727020 
9.267104 9.828051 4.235320 6.325146 0.414057 -9.924549 -2.182744 -6.106787 
9.267104 4.316605 3.647605 8.528480 1.276304 -5.307559 8.947870 -4.265432 
4.774250 9.121047 1.208640 8.412846 0.414057 -7.939927 -2.182744 -5.265432 
9.267104 9.634048 2.040925 8.460272 -4.785930 -9.664603 0.687611 -3.265432 
11.279828 6.284021 4.235320 8.412846 -7.837526 -9.120667 0.687611 -1.540817 
4.669540 9.828051 2.040925 8.412846 3.204232 -7.939927 0.661348 -3.265432 
9.279828 5.811668 4.235320 8.460272 0.342674 -9.924549 -2.182744 -4.265432 
1.483748 9.828051 1.208640 5.325146 0.414057 -9.120667 0.661348 -4.727020 
2.920846 5.351974 1.208640 3.446900 -5.600226 -9.664603 -5.602339 -3.265432 
9.267104 6.284021 3.647605 3.446900 0.414057 -7.939927 3.107839 -4.727020 
0.713788 5.351974 4.647605 8.412846 0.342674 -9.924549 0.687611 -3.265432 
4.280779 9.634048 3.647605 6.325146 -4.785930 -9.924549 -5.602339 -3.265432 
4.669540 9.634048 2.647605 6.325146 -3.785930 -10.664603 0.687611 -3.265432 
9.267104 5.811668 2.208640 3.446900 3.204232 -9.664603 5.793100 -5.279255 
4.280779 5.351974 1.040925 4.117842 8.990179 -9.664603 5.793100 -3.265432 
9.279828 5.351974 2.187114 6.325146 -0.723696 -9.924549 0.661348 -5.265432 
1.483748 10.634048 2.187114 3.446900 -0.723696 -3.000851 5.793100 -5.106787 
2.920846 6.284021 2.040925 4.117842 0.342674 -9.924549 -5.602339 -1.540817 
1.333275 10.634048 3.040925 3.446900 -0.723696 -9.664603 -5.602339 -4.265432 
9.649215 6.284021 0.051401 4.117842 -4.785930 -9.664603 0.687611 -5.106787 
9.267104 5.351974 2.355239 8.412846 0.342674 -9.664603 -5.602339 -6.106787 
9.649215 6.284021 2.208640 8.412846 8.990179 -7.939927 0.661348 -6.106787 
5.669540 9.828051 1.040925 6.325146 -3.893016 -7.939927 3.107839 -4.265432 
9.649215 10.634048 1.208640 3.446900 0.342674 -9.120667 -2.182744 -4.265432 
9.267104 11.634048 1.040925 8.412846 -4.785930 -9.924549 8.947870 -4.265432 
1.483748 4.351974 2.040925 8.460272 0.342674 -9.924549 5.793100 6.447780 
9.267104 0.961449 1.208640 6.325146 -3.893016 -9.924549 -2.182744 -4.265432 
1.483748 5.351974 3.647605 4.117842 8.990179 -9.924549 -0.005818 -6.106787 
4.669540 9.828051 1.040925 3.446900 8.990179 -9.924549 -5.602339 -4.265432 
12.279828 9.828051 3.647605 8.412846 8.990179 -9.664603 -5.602339 -4.727020 
4.669540 9.828051 2.040925 6.325146 -4.785930 -9.664603 -2.182744 -4.265432 
11.279828 5.811668 4.235320 3.446900 -3.893016 -9.664603 5.793100 -5.279255 
9.649215 7.350239 0.051401 8.412846 0.342674 -9.664603 -5.602339 -4.727020 
9.267104 4.316605 4.235320 8.460272 0.342674 -7.939927 0.661348 7.447780 
4.669540 9.828051 4.235320 8.460272 -4.785930 -9.664603 0.687611 6.853512 
9.267104 5.351974 2.208640 4.117842 0.276304 -9.924549 0.687611 -4.265432 
9.267104 9.634048 3.647605 4.117842 0.342674 -5.939927 -2.182744 -4.265432 
1.483748 9.828051 3.647605 6.325146 0.342674 -9.924549 0.687611 -5.265432 
9.267104 9.121047 1.040925 3.446900 -0.723696 -9.924549 0.687611 -3.265432 
4.669540 6.284021 2.208640 3.446900 0.414057 -9.924549 0.661348 -4.265432 
10910
