4.774250 9.828051 0.051401 8.412846 0.342674 -9.924549 5.793100 -8.784922 
9.267104 0.961449 1.208640 9.528480 -0.723696 -9.120667 0.687611 6.447780 
9.649215 7.350239 2.208640 8.412846 -7.837526 -9.924549 5.793100 -4.265432 
2.920846 4.316605 3.647605 8.412846 8.990179 -8.664603 0.661348 -4.265432 
9.267104 8.678268 1.248927 8.460272 -7.837526 -2.000851 -0.005818 -4.265432 
9.649215 4.351974 1.040925 8.412846 0.342674 -0.681535 0.661348 -6.106787 
4.280779 9.828051 4.235320 3.446900 -3.893016 -9.120667 2.107839 -4.265432 
9.649215 7.350239 2.040925 4.117842 0.414057 -9.924549 5.793100 3.026379 
5.223726 7.350239 1.051401 9.528480 0.276304 -9.924549 4.793100 -3.265432 
9.649215 8.121047 4.235320 3.446900 -0.723696 -6.939927 5.793100 -6.106787 
4.774250 8.121047 1.208640 5.325146 -0.723696 -7.939927 2.107839 -4.727020 
1.483748 10.634048 2.040925 9.528480 0.342674 -9.664603 0.687611 -6.106787 
1.333275 9.872444 4.235320 9.528480 -7.837526 -9.664603 2.107839 -4.265432 
5.433997 5.811668 5.534491 8.412846 -5.600226 -9.924549 -5.602339 -4.265432 
9.267104 9.828051 4.235320 4.117842 -0.723696 -9.924549 5.793100 -3.279255 
1.483748 6.637832 2.040925 4.117842 7.676027 -6.307559 0.687611 -1.540817 
4.669540 9.634048 2.040925 4.117842 -4.785930 -9.924549 8.947870 -3.265432 
8.322533 6.284021 5.235320 8.460272 -4.785930 -9.664603 0.661348 -6.106787 
9.279828 3.316605 5.317495 4.117842 -9.118680 -2.090701 -2.182744 -6.106787 
8.322533 9.828051 2.040925 8.263000 -7.837526 -9.924549 2.870413 -3.279255 
9.649215 5.811668 4.235320 9.528480 0.342674 -9.924549 -2.182744 -3.279255 
1.333275 7.350239 2.040925 9.528480 0.342674 -9.924549 -2.182744 -3.265432 
4.280779 9.828051 1.208640 8.460272 0.342674 -9.924549 -5.602339 -4.727020 
11.279828 7.350239 2.355239 4.117842 -0.723696 -9.664603 0.661348 -1.540817 
10.649215 9.872444 5.534491 3.446900 0.342674 -3.000851 -0.005818 -5.279255 
4.280779 9.634048 2.647605 9.460272 0.342674 -7.939927 -5.602339 -6.106787 
4.280779 5.811668 2.208640 8.412846 -0.723696 -9.924549 5.793100 6.853512 
4.280779 5.351974 1.208640 4.117842 -3.893016 -9.924549 0.687611 -3.265432 
1.483748 7.350239 5.317495 8.412846 3.204232 -9.664603 5.793100 -3.265432 
1.483748 6.284021 2.040925 5.325146 2.217638 -9.924549 5.793100 -0.601450 
1.333275 7.350239 2.647605 3.446900 -3.893016 -9.924549 2.870413 -6.106787 
1.333275 9.634048 2.040925 3.446900 -9.118680 -6.939927 -5.602339 -6.106787 
5.433997 9.828051 2.647605 9.460272 0.342674 -9.664603 0.661348 -5.106787 
4.433997 8.634048 2.040925 8.460272 -0.723696 -9.924549 -5.602339 6.447780 
0.713788 8.350239 1.248927 9.528480 -3.893016 -2.090701 5.793100 6.447780 
9.267104 6.284021 2.208640 3.446900 0.342674 -9.924549 0.687611 -4.727020 
9.267104 7.350239 1.208640 8.460272 0.414057 -7.939927 0.661348 -4.265432 
9.649215 9.634048 2.040925 8.412846 -0.723696 -9.924549 -5.602339 6.447780 
4.774250 7.350239 2.208640 8.460272 8.990179 -9.120667 -5.602339 6.447780 
9.267104 9.828051 0.051401 5.325146 -4.785930 -6.307559 -0.005818 -3.265432 
1.483748 7.350239 2.040925 8.412846 9.990179 -9.664603 5.793100 6.447780 
9.267104 5.811668 2.187114 3.446900 0.276304 -9.664603 -1.895893 -0.601450 
4.280779 5.811668 4.235320 4.117842 0.276304 -9.924549 -2.182744 -6.106787 
9.649215 7.637832 1.208640 9.528480 -5.600226 -7.939927 5.793100 -0.601450 
4.774250 3.316605 1.248927 8.460272 -9.118680 -9.924549 2.107839 -8.784922 
9.267104 9.828051 4.235320 6.325146 8.990179 -8.924549 5.793100 -4.727020 
9.649215 2.378535 2.040925 8.528480 0.414057 -9.924549 -0.005818 -5.279255 
1.333275 6.637832 2.355239 8.412846 0.342674 -7.939927 -5.602339 6.447780 
1.333275 9.634048 2.496189 4.117842 -5.600226 -9.924549 0.661348 -5.279255 
8.322533 8.121047 1.208640 4.117842 -7.837526 -7.939927 -1.895893 -5.279255 
2.920846 9.828051 2.208640 9.528480 -0.723696 -9.924549 0.661348 -5.279255 
9.649215 4.351974 1.208640 8.412846 2.217638 -2.000851 8.947870 3.026379 
4.669540 8.121047 5.235320 8.528480 -2.807177 -7.939927 3.107839 -4.265432 
9.267104 7.350239 3.647605 8.412846 -2.807177 -7.939927 5.793100 6.447780 
9.279828 9.634048 1.248927 6.325146 3.204232 -9.924549 -1.895893 -4.265432 
9.649215 7.350239 2.187114 8.460272 0.342674 -9.664603 -1.895893 6.447780 
1.483748 10.828051 1.208640 6.325146 0.342674 -9.924549 -5.602339 5.447780 
1.333275 6.284021 2.040925 4.117842 0.276304 -9.664603 0.687611 -6.106787 
9.649215 9.828051 2.040925 9.460272 -2.807177 -9.924549 5.793100 -8.784922 
9.649215 6.284021 2.187114 3.446900 0.414057 -5.307559 -0.005818 -3.265432 
4.280779 3.316605 2.187114 4.117842 -4.785930 -9.664603 -1.005818 -5.279255 
1.483748 5.351974 2.040925 4.117842 -3.893016 -3.000851 5.793100 -5.106787 
0.713788 2.378535 3.647605 4.117842 0.414057 -9.924549 -0.005818 -6.106787 
1.333275 8.121047 2.187114 4.117842 0.276304 -9.844267 5.793100 6.447780 
9860
