2.920846 4.316605 5.317495 8.412846 0.342674 -9.664603 5.793100 -4.727020 
9.649215 6.284021 2.208640 8.412846 -5.600226 -9.924549 5.793100 -4.265432 
9.649215 9.828051 3.647605 5.325146 0.342674 -7.939927 -5.602339 -4.265432 
4.669540 9.828051 1.208640 4.117842 0.342674 -9.664603 -0.005818 -3.279255 
4.669540 5.811668 2.208640 8.263000 -4.785930 -9.924549 -0.005818 -3.265432 
9.267104 2.378535 2.040925 8.528480 -0.723696 -9.924549 8.947870 -4.727020 
9.267104 5.351974 3.647605 6.325146 -9.118680 -0.681535 5.793100 6.853512 
9.649215 9.634048 3.647605 6.325146 -0.723696 -9.924549 5.793100 6.447780 
9.267104 7.350239 4.235320 8.412846 0.342674 -9.120667 1.687611 -4.265432 
8.322533 9.634048 2.040925 3.446900 -4.785930 -9.924549 0.687611 -4.265432 
8.267104 5.351974 2.208640 8.412846 8.990179 -9.924549 5.793100 -4.727020 
1.483748 5.351974 4.235320 4.117842 0.342674 -9.924549 -2.182744 -6.106787 
4.669540 9.828051 2.208640 8.460272 0.342674 -9.664603 5.793100 -4.265432 
9.649215 0.961449 2.040925 9.460272 -0.723696 -9.924549 5.793100 -3.265432 
1.333275 9.634048 2.208640 3.446900 -2.807177 -7.939927 8.947870 -0.601450 
9.649215 5.351974 4.235320 3.446900 -3.893016 -9.924549 0.661348 -6.106787 
1.483748 10.634048 2.208640 3.446900 0.414057 -9.924549 -5.602339 -4.265432 
11.279828 5.351974 2.355239 3.446900 8.990179 -5.307559 0.687611 -3.279255 
9.267104 10.828051 5.235320 4.117842 -0.723696 -9.924549 3.107839 6.853512 
9.267104 5.351974 4.235320 6.325146 -0.723696 -9.664603 0.687611 -6.106787 
5.669540 5.351974 1.208640 3.446900 -4.785930 -9.924549 -0.312389 -4.265432 
0.713788 5.351974 1.208640 8.460272 -4.785930 -9.120667 5.793100 -4.265432 
9.267104 9.634048 2.040925 7.412846 -7.837526 -9.924549 5.793100 -3.265432 
4.669540 9.828051 1.040925 8.412846 -4.785930 -9.664603 5.793100 -4.265432 
1.483748 6.284021 4.235320 6.325146 8.990179 -9.664603 0.661348 6.447780 
4.280779 9.634048 3.040925 9.528480 0.414057 -7.939927 0.661348 -3.265432 
1.333275 6.284021 2.040925 6.325146 0.342674 -0.681535 0.661348 6.447780 
9.267104 7.350239 2.040925 4.117842 -0.723696 -9.664603 -2.182744 -6.106787 
4.280779 5.351974 1.040925 5.325146 8.990179 -8.924549 -4.602339 -7.106787 
9.267104 6.284021 2.040925 8.460272 -0.723696 -9.664603 0.687611 -3.265432 
9.649215 9.828051 4.235320 4.117842 -7.837526 -9.924549 -2.182744 -6.106787 
9.649215 5.351974 1.208640 6.325146 -3.893016 -8.924549 0.687611 -4.727020 
4.280779 10.634048 4.235320 8.412846 -0.723696 -5.307559 5.793100 -4.265432 
9.279828 9.828051 2.208640 4.117842 -5.600226 -9.120667 5.793100 -5.265432 
4.280779 3.316605 1.208640 8.528480 -0.723696 -9.924549 8.947870 -4.265432 
1.333275 6.284021 1.208640 4.117842 3.204232 -9.664603 3.107839 -5.106787 
2.920846 8.121047 2.040925 4.117842 8.990179 -9.664603 0.687611 -5.279255 
1.483748 7.350239 1.208640 4.117842 0.276304 -9.924549 5.793100 -4.265432 
1.483748 7.350239 1.208640 9.528480 -0.723696 -5.307559 0.661348 -3.265432 
0.713788 8.121047 2.040925 8.528480 -0.723696 -0.681535 0.687611 -4.727020 
9.267104 9.634048 4.235320 4.117842 -2.893016 -7.939927 0.661348 -5.279255 
2.920846 9.828051 2.647605 8.412846 -7.837526 -5.307559 0.687611 6.447780 
4.280779 8.121047 5.235320 8.460272 8.990179 -9.664603 -5.602339 -4.265432 
1.333275 5.351974 2.040925 3.446900 -0.723696 -2.000851 -5.602339 -5.279255 
10.267104 6.284021 1.208640 7.528480 -3.893016 -9.924549 0.687611 6.447780 
4.774250 4.316605 2.040925 3.446900 -3.893016 -9.924549 0.661348 -4.265432 
5.433997 9.828051 0.051401 8.263000 -0.723696 -9.664603 5.793100 -5.279255 
4.280779 6.284021 3.647605 3.446900 0.414057 -9.120667 0.687611 6.853512 
2.333275 8.678268 2.208640 8.412846 0.414057 -7.664603 5.793100 -1.540817 
1.483748 5.351974 2.187114 4.117842 0.342674 -9.924549 8.947870 -5.265432 
11.279828 10.634048 2.040925 4.117842 0.342674 -9.924549 -5.602339 -3.265432 
8.322533 8.350239 3.647605 8.412846 -7.837526 -7.939927 0.661348 6.447780 
9.267104 9.828051 2.040925 5.325146 -0.723696 -9.120667 -5.602339 -4.727020 
8.322533 5.351974 2.040925 8.412846 0.342674 -9.924549 5.793100 -5.279255 
9.267104 7.350239 3.647605 3.446900 -5.600226 -5.307559 0.661348 -6.106787 
1.483748 9.828051 4.235320 6.325146 -0.723696 -9.924549 -5.602339 -4.265432 
9.267104 9.634048 1.208640 8.412846 0.414057 -7.939927 -5.602339 -4.265432 
9.267104 9.121047 0.051401 8.412846 -3.893016 -9.120667 0.687611 -5.279255 
4.280779 9.828051 4.235320 6.325146 -7.837526 -9.924549 5.793100 -3.265432 
9.267104 7.350239 1.040925 3.446900 0.342674 -2.000851 -0.005818 6.447780 
9.267104 9.828051 4.235320 9.412846 0.342674 -3.000851 0.661348 -0.601450 
1.483748 5.811668 2.647605 6.325146 0.414057 -9.924549 0.687611 -6.106787 
4.774250 7.350239 4.235320 6.325146 0.276304 -3.000851 0.687611 -5.106787 
9.267104 2.378535 1.208640 6.325146 -4.785930 -5.939927 0.687611 -5.279255 
9280
