9.267104 1.378535 0.051401 8.460272 -3.893016 -5.307559 -5.602339 -4.279255 
1.713788 8.121047 2.040925 8.460272 0.342674 -9.924549 5.793100 -6.106787 
4.669540 9.678268 2.496189 5.325146 8.990179 -9.664603 -5.602339 6.447780 
4.280779 6.284021 2.355239 6.325146 -3.893016 -9.664603 -4.602339 -4.279255 
8.322533 9.678268 5.235320 5.325146 -3.893016 -0.227191 8.947870 6.853512 
0.713788 7.350239 7.087718 3.446900 7.676027 -7.939927 5.434504 -3.428270 
0.713788 9.872444 2.647605 5.325146 7.676027 -9.924549 -5.602339 -0.601450 
5.223726 6.284021 2.496189 8.460272 0.414057 -9.844267 5.793100 -6.106787 
9.267104 2.378535 2.496189 8.460272 -8.344418 -3.154638 -5.602339 -1.601450 
4.669540 9.828051 5.032608 9.460272 -6.600226 -2.090701 -6.189196 6.853512 
2.920846 9.828051 4.235320 3.615649 8.990179 -9.010661 8.947870 -3.265432 
1.483748 5.811668 1.248927 4.117842 -3.893016 -7.939927 5.793100 6.447780 
5.433997 6.284021 2.647605 5.325146 7.676027 -7.939927 -2.182744 3.026379 
1.333275 5.820942 1.208640 9.460272 8.990179 -9.664603 5.793100 -4.727020 
6.433997 5.351974 5.235320 9.528480 -3.893016 -7.939927 -2.182744 4.128550 
9.649215 9.021786 3.647605 8.263000 -2.807177 -9.664603 5.003663 -4.265432 
1.333275 6.284021 0.051401 8.460272 -9.118680 -5.634040 2.870413 -4.727020 
9.143017 9.021786 2.355239 5.325146 -3.893016 -9.924549 -5.602339 -6.106787 
0.164066 6.284021 2.355239 8.460272 -7.837526 -2.933299 5.003663 6.447780 
1.483748 6.637832 4.235320 9.528480 8.990179 -9.924549 -2.182744 4.128550 
4.669540 6.637832 2.040925 9.528480 6.419369 -9.120667 -1.895893 6.447780 
0.713788 9.678268 5.317495 8.460272 8.990179 -1.154638 -5.602339 6.447780 
9.143017 9.828051 2.647605 6.732518 1.217638 -0.681535 0.661348 -6.106787 
9.649215 8.678268 4.032608 8.460272 -5.600226 -0.681535 -2.182744 -4.265432 
2.483748 6.637832 2.647605 9.528480 0.342674 -3.000851 -6.602339 -1.540817 
1.483748 9.634048 2.355239 2.489061 7.676027 -7.939927 -4.149216 -0.601450 
8.143017 9.634048 2.355239 9.528480 -4.785930 -7.939927 2.107839 -3.428270 
9.267104 6.637832 2.647605 8.412846 -0.723696 -9.924549 2.107839 -8.784922 
1.333275 5.811668 7.087718 4.117842 0.342674 -9.664603 -5.602339 6.447780 
4.669540 3.316605 2.040925 4.117842 -5.600226 -9.924549 -2.182744 -4.279255 
2.920846 6.284021 5.032608 5.325146 8.990179 -7.939927 -1.182744 -4.279255 
4.433997 6.637832 0.582392 4.117842 -5.600226 -2.090701 7.015870 6.447780 
8.322533 7.637832 5.534491 8.460272 -5.600226 -5.307559 -2.182744 6.447780 
1.333275 9.828051 2.355239 5.325146 -0.723696 -7.939927 8.947870 6.853512 
3.594614 6.284021 2.040925 8.412846 0.342674 -5.307559 5.793100 -5.380477 
1.483748 9.828051 2.647605 4.117842 0.342674 -9.120667 2.107839 -3.428270 
5.433997 6.637832 2.496189 9.528480 2.491780 -7.939927 1.581392 2.208655 
0.713788 9.634048 2.647605 9.460272 -6.600226 -9.924549 1.661348 2.208655 
2.920846 0.961449 2.040925 8.412846 8.990179 -7.939927 -1.895893 6.447780 
1.483748 9.021786 2.496189 3.615649 7.676027 -10.844267 2.870413 6.447780 
5.669540 2.378535 3.040925 8.460272 6.419369 -9.924549 7.919284 -4.265432 
9.279828 7.350239 1.208640 4.910193 8.990179 -9.924549 5.793100 -4.265432 
2.920846 6.284021 2.647605 5.325146 8.921234 -3.154638 -5.602339 -6.106787 
6.223726 2.378535 5.032608 8.412846 -5.600226 -7.939927 1.581392 -3.428270 
1.333275 9.872444 2.355239 5.325146 7.990179 -3.154638 -1.895893 3.026379 
9.267104 9.872444 0.051401 3.446900 -7.837526 -9.924549 0.687611 -4.265432 
0.713788 2.378535 2.496189 5.325146 0.342674 -9.924549 -5.602339 -0.601450 
9.279828 4.351974 2.647605 9.095151 -3.893016 -9.924549 -2.182744 -4.265432 
0.713788 9.828051 2.647605 9.528480 8.921234 -7.939927 -2.182744 6.447780 
4.774250 6.637832 2.647605 3.446900 -2.807177 -9.924549 2.107839 -4.265432 
4.433997 9.634048 2.355239 8.412846 -5.600226 -3.000851 -5.602339 6.447780 
9.649215 2.221819 2.647605 8.460272 3.204232 -9.924549 -2.182744 2.208655 
0.713788 6.284021 2.113662 3.446900 -5.600226 -9.120667 -5.602339 -6.106787 
4.774250 4.351974 0.582392 4.910193 -8.344418 -0.681535 -2.182744 -4.265432 
4.280779 6.637832 2.355239 5.325146 -0.657326 -9.924549 5.003663 6.447780 
1.333275 4.351974 3.647605 8.460272 -4.785930 -9.924549 0.661348 -6.106787 
1.333275 8.121047 2.187114 7.460272 -9.118680 -3.154638 -5.602339 -2.540817 
1.483748 3.312450 2.040925 5.325146 -4.785930 -2.000851 2.107839 -4.265432 
9.649215 3.312450 4.235320 5.325146 3.204232 -9.924549 -0.005818 -1.540817 
9.143017 6.637832 2.187114 6.200850 7.676027 -7.939927 0.687611 7.853512 
4.774250 9.872444 2.208640 8.460272 8.990179 -9.664603 -2.182744 -8.784922 
0.164066 9.828051 0.373261 9.528480 8.921234 -7.939927 2.870413 6.853512 
2.920846 7.350239 3.647605 8.190104 0.342674 -9.924549 7.919284 6.447780 
8.917589 6.637832 5.032608 3.615649 8.921234 -3.154638 5.793100 6.447780 
10940
