2.731797 9.828051 2.113662 9.095151 8.921234 -0.681535 -4.149216 3.026379 
9.267104 9.634048 5.032608 3.894987 2.491780 -9.120667 2.870413 -4.727020 
2.731797 8.351912 1.208640 3.398382 7.676027 -1.952728 -1.693444 -0.556726 
0.713788 0.103608 1.126820 2.489061 -1.209343 1.243838 7.919284 7.007307 
1.910341 6.679427 5.235320 8.190104 -0.585943 1.087740 1.581392 -5.380477 
8.491479 4.252817 4.709486 3.894987 -3.893016 3.976338 7.015870 1.624737 
2.731797 5.529696 5.467311 9.095151 2.491780 -0.814966 -5.602339 2.208655 
2.483748 3.316605 7.087718 8.412846 1.217638 -1.952728 1.581392 7.941177 
1.483748 2.378535 2.647605 3.615649 0.342674 -3.154638 4.215017 -4.279255 
8.322533 0.961449 2.355239 8.460272 -3.893016 -2.154638 8.947870 -2.904547 
8.917589 7.911607 6.032608 3.266339 -0.723696 -2.090701 -3.807465 -6.106787 
9.724500 0.103608 5.534491 9.528480 9.462608 -3.154638 -6.349639 -1.540817 
8.322533 6.811668 2.187114 0.654241 8.990179 -6.467072 -1.693444 -3.313533 
1.333275 7.350239 0.051401 8.460272 9.462608 -0.227191 -5.602339 6.853512 
6.774739 0.821772 9.694457 9.528480 7.772884 -9.010661 1.870413 6.853512 
6.223726 0.961449 2.355239 5.325146 7.676027 -0.681535 -1.895893 -1.540817 
5.540622 9.121047 9.166770 3.615649 -0.723696 -8.844267 5.434504 6.447780 
9.649215 9.634048 5.235320 8.412846 -7.837526 -3.871233 -6.349639 -6.106787 
0.158246 9.678268 7.996127 6.200850 3.204232 -2.090701 -6.349639 -4.265432 
0.158246 3.680415 9.068217 9.528480 6.419369 -0.681535 5.793100 -6.106787 
1.483748 6.284021 2.580371 5.325146 8.990179 -3.154638 5.793100 -4.265432 
9.497486 9.021786 7.087718 6.732518 0.342674 -8.844267 9.465804 -0.601450 
9.724500 9.191294 7.996127 4.315432 4.830747 -3.871233 -2.182744 -8.784922 
4.669540 0.961449 3.647605 3.894987 8.921234 -5.307559 -0.005818 2.208655 
9.279828 9.634048 1.248927 6.732518 -5.600226 -7.939927 -6.189196 6.447780 
9.267104 2.171269 2.459646 4.846458 7.676027 -2.090701 8.947870 -8.784922 
0.164066 3.316605 2.496189 3.446900 -9.118680 -1.952728 2.107839 -3.313533 
4.280779 6.637832 2.647605 8.823674 2.491780 -9.664603 5.003663 0.782350 
4.663731 3.312450 2.248927 8.297069 -1.173480 -3.154638 1.581392 -5.380477 
6.106581 6.679427 5.531124 4.493677 -0.585943 2.877313 2.107839 0.827566 
9.143017 0.961449 9.444780 9.528480 9.462608 -9.010661 2.107839 2.208655 
0.651317 9.872444 3.634006 9.095151 6.419369 -4.002749 -0.005818 -3.428270 
3.594614 0.961449 5.753811 8.263000 -5.600226 -3.000851 7.015870 6.447780 
4.669540 3.312450 6.538635 8.460272 7.676027 -5.307559 7.919284 7.913329 
9.649215 6.679427 5.534491 0.752001 6.969566 3.976338 7.919284 -3.428270 
5.433997 5.820942 0.582392 0.721342 0.342674 -0.681535 0.661348 -1.540817 
6.223726 3.680415 5.467311 2.489061 1.468622 -0.681535 5.434504 3.026379 
0.444447 3.316605 2.512521 3.894987 8.921234 -3.000851 3.588097 -9.025663 
6.615556 3.316605 9.444780 5.325146 6.419369 -6.498830 9.465804 8.663908 
9.649215 7.911607 2.580371 8.460272 -3.893016 5.834173 0.661348 -2.297217 
8.881377 9.828051 5.317495 3.615649 6.676027 -0.814966 -2.182744 -0.601450 
9.143017 6.637832 3.709486 8.460272 -3.893016 -7.939927 -2.182744 -6.106787 
0.902488 8.351912 2.355239 9.528480 8.921234 -2.498929 -1.693444 -6.380477 
4.774250 6.811668 2.640762 5.325146 -3.893016 -2.064491 5.192040 2.135551 
3.594614 8.351912 3.634006 5.325146 0.414057 -9.120667 8.947870 -4.727020 
9.649215 2.221819 5.534491 3.615649 4.722620 -4.000851 7.015870 7.941177 
9.649215 9.872444 0.582392 8.190104 -7.837526 -2.000851 -6.877970 8.663908 
9.143017 6.679427 2.113662 9.095151 -6.415727 -2.933299 4.694109 -0.601450 
8.678355 4.685620 0.437563 4.315432 -0.585943 -0.227191 -3.807465 1.488877 
8.322533 3.441981 2.647605 3.615649 0.269739 -8.939927 7.015870 -3.428270 
0.713788 9.678268 0.373261 9.528480 -4.785930 -5.307559 0.687611 -1.540817 
9.649215 8.121047 5.235320 4.910193 -2.807177 -3.000851 0.661348 2.950145 
0.713788 6.811668 2.187114 9.273590 0.342674 -5.634040 7.919284 4.128550 
0.164066 9.872444 5.467311 4.117842 2.491780 -9.924549 -1.895893 -3.313533 
4.663731 8.351912 6.162662 0.017512 7.676027 -6.925746 4.578448 1.624737 
2.731797 4.685620 9.068217 3.398382 6.391449 -0.646120 7.919284 -0.601450 
4.774250 9.828051 9.444780 0.448073 -7.837526 -0.646120 0.043114 2.609357 
8.491479 3.312450 7.595797 4.493677 -5.600226 -5.307559 2.107839 3.145091 
1.333275 0.103608 0.691975 4.117842 2.491780 2.224287 -0.416022 -0.556726 
1.444447 2.378535 7.087718 1.408252 7.676027 -2.064491 -4.149216 1.624737 
4.669540 4.351974 2.040925 8.263000 0.269739 -9.844267 -5.602339 -4.727020 
9.649215 8.351912 2.355239 9.190104 -3.156354 -2.684620 0.661348 6.447780 
8.917589 2.221819 1.208640 2.489061 -8.344418 -9.664603 7.919284 -4.265432 
2.920846 6.284021 2.040925 3.894987 -5.600226 -9.924549 2.107839 -0.601450 
8180
