8.267104 9.828051 2.040925 6.325146 0.414057 -9.924549 0.687611 -5.265432 
9.267104 5.811668 3.647605 4.117842 -5.600226 -9.664603 -2.182744 -3.265432 
9.267104 8.350239 1.208640 6.325146 0.276304 -7.939927 -5.602339 -4.265432 
4.669540 5.351974 2.187114 6.325146 1.342674 -9.924549 -2.182744 -4.265432 
4.280779 5.351974 3.647605 4.117842 -0.723696 -0.681535 -5.602339 -4.265432 
9.279828 9.634048 2.208640 4.117842 -3.893016 -9.120667 5.793100 -5.279255 
9.267104 9.121047 2.040925 4.117842 -4.785930 -9.924549 3.107839 -3.265432 
4.669540 10.634048 2.040925 3.446900 3.204232 -9.924549 -5.602339 -4.265432 
11.279828 0.961449 2.208640 4.117842 -4.785930 -9.664603 -5.602339 -5.265432 
4.669540 5.811668 2.208640 3.446900 0.414057 -9.924549 0.687611 -4.265432 
1.483748 6.284021 2.208640 6.325146 -0.723696 -7.939927 -2.182744 -4.265432 
11.279828 9.828051 2.040925 6.325146 0.276304 -7.939927 0.661348 -3.265432 
9.267104 6.284021 4.235320 8.460272 -4.785930 -9.664603 4.793100 -4.265432 
1.483748 9.828051 1.208640 4.117842 0.342674 -9.664603 -2.182744 -4.265432 
4.280779 9.828051 4.647605 6.325146 0.414057 -9.664603 -2.182744 -5.265432 
9.267104 5.351974 4.235320 3.446900 0.342674 -7.939927 0.687611 -4.265432 
2.920846 5.351974 1.040925 6.325146 0.342674 -3.000851 9.947870 -4.265432 
1.483748 6.284021 4.235320 8.460272 0.342674 -7.939927 5.793100 -6.265432 
9.267104 9.828051 4.235320 6.325146 0.414057 -9.664603 2.107839 -3.265432 
9.267104 2.378535 2.040925 8.412846 -3.893016 -3.000851 0.661348 -3.265432 
1.483748 5.351974 2.040925 5.117842 0.342674 -9.924549 0.661348 -3.265432 
9.267104 5.351974 3.647605 4.117842 -3.893016 -9.120667 -1.182744 -4.265432 
1.483748 6.284021 2.040925 3.446900 -3.893016 -9.664603 -2.182744 -4.265432 
12.279828 9.121047 2.208640 8.460272 8.990179 -9.664603 -2.182744 -3.265432 
1.483748 7.350239 1.208640 3.446900 -0.723696 -9.924549 -2.182744 -4.265432 
9.649215 9.634048 2.040925 8.412846 0.342674 -9.924549 -5.602339 -4.265432 
0.483748 5.351974 2.040925 8.412846 -3.893016 -8.924549 0.687611 -3.265432 
4.669540 5.351974 2.187114 6.325146 0.414057 -9.924549 3.107839 -4.265432 
9.267104 10.634048 1.208640 3.446900 -3.893016 -7.939927 5.793100 -6.106787 
4.669540 5.351974 2.208640 8.528480 0.342674 -9.120667 -5.602339 -4.265432 
1.483748 4.316605 2.208640 5.325146 -4.785930 -9.924549 -5.602339 -4.265432 
4.669540 9.828051 1.208640 3.446900 0.342674 -9.924549 0.661348 -4.265432 
1.483748 5.351974 2.040925 8.460272 0.414057 -9.924549 -2.182744 -5.265432 
8.322533 9.828051 2.040925 6.325146 0.342674 -9.120667 -2.182744 -4.265432 
0.483748 9.634048 2.208640 6.325146 0.414057 -9.664603 -2.182744 -4.265432 
1.483748 0.961449 3.647605 3.446900 -5.600226 -7.939927 -3.182744 -4.265432 
9.649215 10.634048 1.040925 5.117842 0.414057 -2.000851 -2.182744 -4.265432 
9.649215 5.351974 2.040925 8.412846 0.342674 -10.924549 -2.182744 -3.265432 
10.279828 9.634048 2.208640 6.325146 1.276304 -7.939927 -5.602339 -4.265432 
4.669540 8.634048 2.187114 8.460272 -3.893016 -7.939927 -2.182744 -5.265432 
9.267104 9.634048 1.040925 8.460272 -1.893016 -9.924549 -0.005818 -4.265432 
4.774250 5.351974 4.235320 4.117842 -0.723696 -9.924549 0.687611 -4.727020 
9.267104 9.828051 1.208640 4.117842 1.414057 -9.924549 -5.602339 -6.106787 
9.267104 7.350239 2.208640 6.325146 0.276304 -7.939927 -2.182744 -4.265432 
4.669540 6.284021 1.208640 4.117842 -4.785930 -9.664603 5.793100 -5.106787 
9.267104 9.634048 1.040925 8.412846 -0.723696 -3.000851 -2.182744 -3.265432 
1.483748 4.316605 3.647605 6.325146 0.276304 -7.939927 5.793100 -4.265432 
1.483748 9.828051 2.040925 8.460272 -5.600226 -9.924549 -2.182744 -6.106787 
4.280779 9.634048 3.647605 4.117842 -5.600226 -9.924549 -5.602339 -4.265432 
1.333275 5.351974 4.235320 6.325146 0.342674 -7.939927 -5.602339 -4.265432 
9.267104 6.284021 3.647605 8.412846 0.342674 -9.120667 -2.182744 -4.265432 
1.483748 6.284021 2.208640 4.117842 -3.893016 -3.000851 -2.182744 -3.265432 
4.280779 5.811668 2.208640 3.446900 -3.893016 -9.924549 -2.182744 -4.727020 
1.483748 9.634048 2.187114 3.446900 0.414057 -9.120667 8.947870 -5.279255 
4.280779 5.351974 2.187114 6.325146 0.342674 -7.939927 0.661348 -4.727020 
0.483748 5.351974 2.355239 3.446900 0.414057 -7.939927 0.661348 -4.265432 
2.920846 10.634048 1.208640 4.117842 -3.893016 -9.120667 -3.182744 -4.265432 
4.669540 5.351974 2.040925 6.325146 0.276304 -7.939927 0.687611 -4.265432 
1.483748 7.350239 4.235320 8.412846 9.990179 -7.939927 5.793100 -4.265432 
8.322533 10.634048 2.040925 8.412846 0.342674 -7.939927 0.661348 -5.265432 
4.774250 5.811668 1.208640 3.446900 -0.723696 -2.000851 0.687611 -3.265432 
1.483748 9.828051 3.647605 3.446900 0.342674 -9.924549 -5.602339 -3.265432 
2.333275 5.351974 1.208640 8.528480 0.414057 -9.120667 0.661348 -6.106787 
9.267104 9.121047 3.647605 6.325146 8.990179 -9.664603 -5.602339 -6.106787 
25910
