5.669540 5.351974 2.040925 8.412846 0.414057 -8.924549 -2.182744 -5.265432 
1.483748 5.811668 2.208640 6.325146 0.414057 -9.924549 -5.602339 -5.265432 
1.483748 5.351974 3.647605 7.325146 0.414057 -9.120667 0.661348 -4.265432 
1.483748 0.961449 3.647605 7.325146 8.990179 -9.924549 -0.005818 -3.265432 
2.333275 5.811668 3.647605 3.446900 -3.893016 -9.924549 -0.005818 -4.265432 
12.279828 9.828051 1.208640 4.117842 0.276304 -9.664603 -2.182744 -4.265432 
4.774250 5.351974 2.208640 6.325146 -0.723696 -7.939927 -2.182744 -3.265432 
9.267104 5.351974 2.208640 6.325146 0.342674 -7.939927 -5.602339 -4.265432 
8.322533 5.351974 4.235320 4.117842 -4.785930 -3.000851 0.661348 -5.279255 
4.280779 5.351974 2.040925 8.412846 -4.785930 -9.924549 -2.182744 -3.265432 
0.483748 9.634048 1.208640 6.325146 0.414057 -9.924549 -5.602339 -4.265432 
4.669540 5.351974 2.208640 8.460272 0.414057 -9.120667 -2.182744 -3.265432 
4.669540 10.634048 1.208640 4.117842 0.414057 -9.120667 -2.182744 -4.265432 
8.322533 9.828051 1.040925 3.446900 0.414057 -9.664603 -2.182744 -5.279255 
1.483748 7.350239 1.208640 4.117842 0.342674 -9.120667 3.107839 -4.265432 
1.483748 4.316605 2.208640 8.528480 0.276304 -9.120667 -2.182744 -6.106787 
2.920846 7.350239 1.208640 6.325146 0.342674 -9.120667 0.687611 -4.265432 
9.267104 5.351974 4.647605 6.325146 0.342674 -9.924549 -2.182744 -5.265432 
2.333275 5.351974 2.208640 6.325146 0.342674 -9.924549 -2.182744 -6.106787 
0.483748 5.351974 2.040925 3.446900 -0.723696 -7.939927 5.793100 -5.265432 
9.267104 9.121047 2.208640 2.446900 -0.723696 -8.939927 -2.182744 -4.265432 
9.267104 5.811668 3.647605 4.117842 0.276304 -9.120667 -2.182744 -4.265432 
9.267104 10.634048 1.208640 6.325146 -3.893016 -7.939927 0.687611 -4.265432 
9.267104 9.121047 1.208640 3.446900 3.204232 -9.664603 -0.005818 -3.265432 
0.483748 5.351974 3.647605 3.446900 0.276304 -8.924549 -2.182744 -6.265432 
4.669540 9.634048 2.208640 6.325146 -0.723696 -9.120667 0.687611 -5.265432 
0.483748 9.121047 1.208640 3.446900 0.276304 -7.939927 -2.182744 -4.265432 
1.483748 9.828051 4.647605 3.446900 -4.785930 -7.939927 0.687611 -5.106787 
0.483748 5.351974 2.355239 3.446900 0.276304 -7.939927 5.793100 -3.265432 
9.267104 5.351974 2.040925 6.325146 0.414057 -2.000851 -2.182744 -4.265432 
1.483748 9.634048 1.208640 8.528480 0.414057 -9.120667 -2.182744 -3.265432 
9.267104 5.351974 2.040925 8.460272 0.342674 -7.939927 9.947870 -3.265432 
9.267104 7.350239 1.208640 8.528480 0.342674 -9.924549 0.661348 -5.265432 
1.483748 8.634048 2.208640 6.325146 0.342674 -9.664603 -2.182744 -6.106787 
1.483748 7.350239 3.647605 8.460272 8.990179 -9.924549 0.687611 -4.265432 
0.483748 10.634048 1.208640 3.446900 -1.893016 -7.939927 -5.602339 -5.265432 
4.669540 5.811668 2.040925 6.325146 -5.600226 -7.939927 -2.182744 -4.265432 
9.267104 8.634048 1.208640 6.325146 0.276304 -7.939927 5.793100 -4.265432 
2.333275 5.811668 2.208640 4.117842 0.342674 -1.000851 -2.182744 -3.265432 
4.774250 5.811668 1.040925 8.528480 -0.723696 -9.664603 -2.182744 -5.279255 
1.483748 9.634048 1.208640 6.325146 -1.893016 -9.924549 0.687611 -5.265432 
4.669540 7.350239 1.040925 8.528480 -4.785930 -7.939927 -5.602339 -3.265432 
9.267104 9.828051 2.040925 6.325146 0.414057 -9.924549 0.661348 -3.265432 
4.669540 9.121047 2.208640 6.325146 0.342674 -9.924549 -1.182744 -3.265432 
9.267104 9.828051 2.208640 8.412846 8.990179 -8.120667 -2.182744 -3.265432 
4.669540 10.634048 2.040925 8.460272 0.276304 -7.939927 -2.182744 -4.265432 
0.483748 10.634048 1.208640 3.446900 -0.723696 -7.939927 0.661348 -4.265432 
0.483748 5.351974 2.208640 6.325146 0.414057 -7.939927 -4.602339 -4.265432 
4.280779 4.316605 2.208640 4.117842 -0.723696 -9.664603 4.793100 -4.265432 
8.267104 9.828051 2.208640 4.117842 0.342674 -7.939927 0.687611 -4.265432 
10.279828 5.351974 2.040925 3.446900 0.276304 -9.924549 0.661348 -5.279255 
4.280779 4.316605 2.040925 6.325146 -0.723696 -8.924549 -5.602339 -3.265432 
8.322533 7.350239 1.208640 8.460272 -1.893016 -7.939927 -2.182744 -4.265432 
8.322533 10.121047 4.647605 6.325146 0.414057 -7.939927 -5.602339 -4.265432 
9.267104 7.350239 2.040925 4.117842 -3.893016 -9.924549 -0.005818 -4.265432 
4.669540 9.828051 4.235320 8.460272 -2.893016 -9.120667 5.793100 -4.265432 
9.267104 4.351974 4.647605 3.446900 -4.785930 -2.000851 0.661348 -4.265432 
4.280779 9.828051 2.208640 8.412846 0.342674 -9.120667 0.687611 -4.265432 
12.279828 5.351974 3.647605 3.446900 -1.893016 -9.924549 5.793100 -6.106787 
1.483748 9.828051 1.355239 7.325146 0.342674 -7.939927 0.687611 -4.265432 
8.322533 5.351974 2.208640 6.325146 -0.723696 -9.664603 -2.182744 -4.265432 
9.267104 4.316605 2.208640 5.325146 0.276304 -9.924549 -0.005818 -4.265432 
4.669540 8.634048 1.208640 8.528480 -1.723696 -7.939927 -2.182744 -5.279255 
1.483748 5.811668 4.235320 8.528480 0.342674 -7.939927 5.793100 -5.265432 
22280
