12.279828 5.351974 2.040925 6.325146 -0.723696 -9.924549 -2.182744 -3.265432 
9.267104 5.351974 2.040925 8.412846 0.414057 -8.924549 -2.182744 -4.265432 
4.669540 9.828051 1.208640 5.325146 -4.785930 -7.939927 -1.182744 -4.106787 
3.669540 5.316605 2.208640 5.325146 0.342674 -7.939927 -2.182744 -4.265432 
9.267104 3.316605 2.208640 3.446900 1.414057 -9.924549 -2.182744 -4.265432 
8.267104 8.634048 2.208640 4.117842 0.276304 -9.924549 0.661348 -3.265432 
1.483748 4.351974 2.040925 8.412846 -0.585943 -9.924549 -4.602339 -3.265432 
3.669540 5.811668 4.235320 3.446900 0.276304 -9.924549 -2.182744 -5.265432 
4.669540 5.351974 2.208640 2.446900 0.342674 -7.939927 -2.182744 -3.265432 
9.267104 5.351974 2.040925 6.325146 -0.723696 -9.924549 5.793100 -5.265432 
5.280779 5.351974 2.040925 3.446900 0.414057 -9.924549 -6.602339 -3.265432 
0.483748 4.316605 2.040925 6.325146 1.414057 -9.924549 -2.182744 -4.265432 
4.669540 6.351974 3.040925 3.446900 0.342674 -9.924549 -5.602339 -4.265432 
4.280779 5.351974 2.040925 6.325146 0.414057 -9.924549 -4.602339 -3.265432 
4.669540 10.121047 1.208640 4.117842 0.276304 -9.924549 -1.182744 -6.106787 
4.280779 10.828051 2.208640 7.325146 0.342674 -9.664603 -2.182744 -4.265432 
4.669540 4.316605 2.040925 6.325146 -4.785930 -7.939927 -2.182744 -3.265432 
11.279828 5.351974 1.208640 8.412846 0.414057 -9.664603 -2.182744 -4.265432 
0.483748 5.351974 2.040925 5.325146 -0.723696 -9.120667 -1.182744 -4.265432 
1.483748 5.351974 3.647605 5.325146 -0.723696 -7.939927 0.661348 -4.265432 
3.280779 10.121047 2.208640 3.446900 0.276304 -9.924549 -2.182744 -6.106787 
9.267104 5.351974 2.208640 8.528480 0.342674 -9.924549 0.661348 -3.265432 
2.333275 4.351974 2.040925 4.117842 -2.893016 -7.939927 -2.182744 -6.106787 
4.669540 4.351974 2.208640 6.325146 0.276304 -9.924549 -2.182744 -4.265432 
1.483748 5.351974 2.040925 3.446900 0.414057 -9.120667 0.661348 -6.106787 
8.322533 10.121047 2.208640 6.325146 -3.785930 -3.000851 0.661348 -3.265432 
3.280779 4.351974 1.208640 6.325146 0.342674 -9.924549 -5.602339 -3.265432 
9.267104 4.316605 2.208640 3.446900 0.342674 -9.924549 -2.182744 -4.265432 
9.267104 5.351974 2.208640 6.325146 0.414057 -10.924549 -1.182744 -6.106787 
8.267104 5.351974 2.208640 4.117842 -4.785930 -9.664603 -2.182744 -6.106787 
4.669540 6.811668 1.040925 4.117842 -0.723696 -9.664603 0.661348 -4.265432 
0.483748 9.828051 2.208640 4.117842 0.414057 -9.924549 0.661348 -4.265432 
4.669540 5.811668 1.208640 6.325146 0.342674 -9.924549 -0.005818 -3.265432 
4.669540 10.121047 2.208640 6.325146 0.276304 -9.924549 -2.182744 -3.265432 
3.669540 5.316605 2.208640 3.446900 -0.723696 -9.120667 -2.182744 -3.265432 
8.322533 4.351974 2.208640 3.446900 -4.785930 -9.924549 -2.182744 -5.106787 
4.280779 5.811668 2.208640 4.117842 0.342674 -9.924549 -5.602339 -3.265432 
1.483748 5.351974 2.208640 6.325146 -0.723696 -10.120667 -2.182744 -4.265432 
2.333275 7.350239 2.208640 6.325146 0.276304 -9.924549 -4.602339 -3.265432 
4.669540 5.811668 1.208640 3.446900 -1.893016 -9.924549 0.661348 -3.265432 
1.483748 5.351974 1.208640 6.325146 0.342674 -9.924549 0.661348 -4.265432 
4.280779 5.811668 3.208640 6.325146 0.414057 -9.664603 0.661348 -4.265432 
0.483748 5.811668 2.040925 4.117842 0.276304 -7.939927 -0.005818 -4.265432 
5.669540 5.351974 1.208640 6.325146 0.342674 -8.924549 -2.182744 -3.265432 
8.267104 5.811668 4.235320 6.325146 -0.723696 -7.939927 -0.005818 -3.265432 
8.267104 8.634048 1.208640 3.446900 -4.785930 -7.939927 -4.602339 -4.265432 
0.483748 10.121047 3.040925 6.325146 -4.785930 -9.924549 -5.602339 -4.265432 
0.483748 4.316605 1.208640 6.325146 0.414057 -9.924549 -2.182744 -6.106787 
9.267104 4.351974 1.208640 6.325146 -4.785930 -9.924549 -2.182744 -3.265432 
0.483748 5.351974 1.208640 4.117842 0.276304 -9.924549 -5.602339 -4.265432 
4.669540 5.351974 2.040925 3.446900 0.414057 -7.939927 0.661348 -3.265432 
8.267104 5.351974 2.208640 5.325146 -3.893016 -9.664603 -1.182744 -6.106787 
4.669540 5.351974 4.647605 6.325146 0.414057 -6.939927 0.661348 -4.265432 
0.483748 9.828051 2.208640 4.117842 0.342674 -9.924549 -2.182744 -3.265432 
1.483748 5.351974 3.040925 8.412846 -0.723696 -9.924549 -1.182744 -4.265432 
4.280779 5.351974 3.647605 4.117842 0.276304 -9.120667 -1.182744 -3.265432 
5.669540 5.811668 1.208640 9.412846 0.414057 -9.664603 1.661348 -6.106787 
8.267104 5.811668 2.208640 6.325146 0.276304 -6.939927 -2.182744 -4.265432 
2.333275 5.351974 1.208640 6.325146 -0.723696 -9.924549 0.687611 -3.265432 
1.483748 4.316605 2.208640 8.412846 0.414057 -7.939927 -2.182744 -3.265432 
9.267104 5.811668 2.208640 6.325146 0.414057 -9.664603 -2.182744 -4.265432 
1.483748 9.828051 1.208640 6.325146 0.342674 -9.924549 -5.602339 -3.265432 
8.267104 10.121047 2.040925 7.325146 0.276304 -9.924549 1.661348 -5.265432 
4.280779 4.351974 1.208640 6.325146 0.276304 -8.924549 -2.182744 -4.265432 
21790
