7.322533 6.316605 2.208640 4.117842 0.342674 -8.924549 -2.182744 -3.265432 
9.267104 5.811668 2.208640 3.117842 1.414057 -7.924549 -3.182744 -6.106787 
4.669540 4.351974 2.208640 6.325146 0.276304 -7.939927 -2.182744 -3.265432 
7.322533 6.811668 1.208640 3.117842 0.276304 -7.939927 -3.182744 -3.265432 
4.669540 3.351974 3.208640 3.117842 -0.723696 -9.664603 -3.182744 -3.265432 
7.322533 4.351974 2.040925 3.117842 1.414057 -8.924549 -2.182744 -3.265432 
7.322533 5.811668 2.040925 4.117842 0.276304 -9.664603 -2.182744 -5.265432 
4.669540 6.811668 2.208640 6.325146 1.414057 -9.924549 -2.182744 -4.265432 
1.483748 5.811668 1.208640 3.117842 1.414057 -6.939927 -2.182744 -5.265432 
4.669540 5.811668 2.208640 4.117842 -0.723696 -7.939927 -2.182744 -3.265432 
4.669540 5.316605 1.208640 3.117842 -0.723696 -7.939927 -1.182744 -4.265432 
2.669540 4.351974 2.040925 3.117842 -0.723696 -9.924549 -3.182744 -3.265432 
4.669540 5.811668 3.208640 5.117842 1.414057 -8.924549 -2.182744 -4.265432 
4.669540 5.811668 2.208640 2.117842 0.414057 -8.924549 -2.182744 -4.265432 
2.669540 11.828051 2.208640 3.117842 1.414057 -8.924549 -3.182744 -4.265432 
2.669540 5.811668 1.040925 5.117842 1.414057 -7.939927 -2.182744 -3.265432 
4.669540 4.351974 1.040925 4.117842 -0.723696 -7.939927 -2.182744 -3.265432 
7.322533 5.811668 2.208640 4.446900 1.414057 -8.924549 -2.182744 -4.265432 
2.669540 6.351974 2.208640 6.325146 -0.723696 -10.924549 -2.182744 -5.265432 
2.669540 10.828051 3.040925 3.117842 0.342674 -9.924549 -2.182744 -5.265432 
4.669540 5.316605 2.208640 4.117842 -0.723696 -9.924549 -2.182744 -3.265432 
4.669540 4.351974 2.208640 4.117842 -0.723696 -7.939927 -0.338652 -4.265432 
3.669540 6.316605 3.040925 6.325146 -0.723696 -9.664603 -2.182744 -5.265432 
5.669540 4.351974 2.208640 4.117842 0.414057 -7.939927 -2.182744 -4.265432 
4.669540 5.351974 3.208640 4.117842 -0.723696 -10.924549 -2.182744 -3.265432 
4.669540 6.351974 2.208640 4.117842 1.414057 -10.924549 -2.182744 -4.265432 
3.669540 6.316605 1.208640 4.117842 0.276304 -10.924549 -2.182744 -3.265432 
2.669540 6.316605 1.208640 3.117842 -0.723696 -9.924549 -1.182744 -6.106787 
4.669540 4.351974 2.208640 4.117842 -0.723696 -7.939927 -1.182744 -4.265432 
4.669540 4.351974 2.040925 6.325146 -0.723696 -7.924549 -1.182744 -3.265432 
5.669540 4.351974 2.208640 6.325146 -0.723696 -10.924549 -2.182744 -4.265432 
5.669540 11.828051 2.208640 4.446900 -0.723696 -7.939927 -2.182744 -3.265432 
7.322533 5.811668 2.208640 6.325146 -0.723696 -7.939927 -2.182744 -5.265432 
7.322533 5.811668 3.208640 4.117842 1.414057 -8.924549 -2.182744 -3.265432 
5.669540 3.316605 2.208640 4.117842 0.414057 -9.924549 -2.182744 -3.265432 
5.669540 6.316605 2.208640 6.325146 -0.723696 -8.924549 -2.182744 -3.265432 
7.322533 5.351974 2.040925 5.117842 0.414057 -6.939927 -2.182744 -3.265432 
5.669540 4.316605 2.208640 2.117842 -0.723696 -7.939927 -2.182744 -4.265432 
4.669540 4.811668 2.208640 5.117842 -0.723696 -8.924549 -1.182744 -3.265432 
3.669540 4.351974 2.208640 4.117842 -0.723696 -7.924549 -6.602339 -3.265432 
7.322533 6.811668 2.040925 4.117842 0.342674 -8.924549 -2.182744 -4.265432 
4.669540 5.811668 3.040925 1.117842 -0.723696 -9.924549 -2.182744 -2.265432 
4.669540 11.828051 2.208640 4.117842 0.276304 -7.924549 -1.182744 -4.265432 
2.669540 11.828051 3.208640 3.117842 0.276304 -9.924549 -2.182744 -4.265432 
5.280779 11.828051 2.208640 6.325146 0.342674 -9.924549 -2.182744 -3.265432 
8.267104 6.811668 2.208640 4.117842 -0.723696 -9.664603 -2.182744 -4.265432 
4.669540 6.316605 2.208640 4.117842 0.414057 -8.924549 -2.182744 -3.265432 
4.669540 6.316605 2.208640 3.117842 0.414057 -8.924549 -1.182744 -3.265432 
2.669540 4.351974 2.208640 4.117842 -0.723696 -8.924549 -2.182744 -5.265432 
7.322533 4.351974 2.208640 3.117842 -0.723696 -7.939927 -2.182744 -3.265432 
4.669540 4.351974 2.040925 4.117842 0.342674 -8.924549 -2.182744 -4.265432 
3.669540 4.351974 2.040925 3.117842 0.414057 -9.664603 -2.182744 -4.265432 
7.322533 4.351974 2.208640 3.117842 0.342674 -10.924549 -2.182744 -3.265432 
2.669540 5.811668 2.040925 4.117842 -0.723696 -9.664603 -2.182744 -3.265432 
4.669540 4.351974 3.208640 3.117842 0.342674 -9.924549 -2.182744 -3.265432 
5.669540 5.351974 2.040925 6.325146 0.276304 -10.924549 -5.602339 -4.265432 
5.669540 4.351974 2.208640 5.117842 0.342674 -7.939927 -3.182744 -6.106787 
4.669540 5.811668 3.040925 4.117842 1.414057 -8.924549 -2.182744 -3.265432 
4.669540 4.351974 2.208640 4.117842 -0.723696 -9.924549 -2.182744 -3.265432 
4.669540 6.316605 2.208640 4.117842 -0.723696 -10.924549 -1.182744 -3.265432 
5.669540 5.811668 2.208640 4.117842 -0.723696 -7.924549 -3.182744 -4.265432 
4.669540 4.351974 2.040925 4.117842 -0.723696 -9.924549 -2.182744 -2.265432 
4.280779 5.811668 2.208640 6.325146 0.276304 -7.939927 -2.182744 -3.265432 
4.669540 5.351974 3.040925 4.117842 0.276304 -10.924549 -2.182744 -6.106787 
40550
