1.483748 10.121047 2.208640 4.117842 0.276304 -9.664603 -1.182744 -4.265432 
0.483748 5.351974 1.208640 4.117842 0.276304 -10.924549 0.661348 -6.106787 
3.280779 5.316605 2.208640 4.117842 -4.785930 -9.924549 -2.182744 -4.265432 
4.669540 5.351974 1.208640 6.325146 0.342674 -8.924549 -2.182744 -4.265432 
4.280779 5.811668 2.208640 4.117842 -1.893016 -9.924549 0.661348 -4.265432 
9.267104 4.351974 3.040925 3.446900 -3.893016 -7.939927 -2.182744 -4.265432 
3.280779 5.351974 2.208640 6.325146 0.414057 -9.924549 -2.182744 -4.265432 
0.483748 5.811668 1.208640 6.325146 -0.723696 -9.924549 -2.182744 -3.265432 
4.280779 10.828051 2.040925 6.325146 -0.723696 -9.924549 0.661348 -3.265432 
8.267104 5.811668 2.208640 4.117842 0.414057 -8.924549 0.661348 -4.265432 
2.333275 4.351974 1.208640 4.117842 -4.785930 -3.000851 0.661348 -6.106787 
2.333275 5.351974 3.647605 6.325146 0.342674 -7.939927 0.661348 -4.265432 
4.669540 10.121047 2.040925 5.325146 -0.723696 -6.939927 -2.182744 -4.265432 
1.483748 5.351974 0.208640 3.446900 0.342674 -9.664603 0.661348 -3.265432 
4.280779 3.316605 2.208640 6.325146 0.342674 -9.924549 -5.602339 -4.265432 
3.669540 10.828051 1.208640 3.446900 0.342674 -9.664603 0.661348 -3.265432 
1.483748 5.811668 1.040925 7.325146 -1.893016 -9.924549 0.661348 -4.265432 
1.483748 4.351974 3.647605 6.325146 0.414057 -8.924549 -2.182744 -4.265432 
9.267104 3.316605 1.208640 6.325146 0.342674 -8.924549 -1.182744 -3.265432 
8.267104 10.121047 2.040925 6.325146 1.414057 -9.924549 -5.602339 -4.265432 
4.669540 5.811668 3.040925 6.325146 0.342674 -9.924549 -2.182744 -4.265432 
4.669540 3.316605 3.040925 4.117842 0.276304 -9.120667 0.661348 -4.265432 
8.267104 5.316605 3.040925 6.325146 -0.723696 -9.924549 -1.182744 -3.265432 
3.669540 5.316605 2.208640 6.325146 -4.785930 -8.924549 -2.182744 -3.265432 
1.483748 6.811668 1.208640 4.117842 -4.785930 -9.924549 0.661348 -4.265432 
3.669540 5.316605 2.040925 8.412846 -4.785930 -9.924549 -2.182744 -4.265432 
9.267104 4.351974 1.040925 4.117842 0.276304 -9.924549 -3.182744 -4.265432 
3.669540 5.811668 2.208640 4.446900 0.276304 -9.924549 -5.602339 -4.265432 
3.669540 5.351974 2.040925 5.325146 0.342674 -7.939927 -2.182744 -4.265432 
1.483748 6.811668 2.208640 4.446900 0.276304 -7.939927 -0.338652 -3.265432 
0.483748 5.811668 2.208640 8.412846 -0.723696 -9.924549 -2.182744 -4.265432 
0.483748 10.828051 2.208640 3.446900 -5.785930 -9.924549 -5.602339 -4.265432 
0.483748 5.351974 2.208640 6.325146 0.342674 -9.924549 -2.182744 -6.106787 
4.669540 4.351974 1.040925 5.325146 -0.723696 -9.664603 -1.182744 -3.265432 
5.669540 6.351974 1.208640 6.325146 -0.723696 -9.924549 -1.182744 -4.265432 
1.483748 10.121047 2.208640 8.412846 -2.893016 -9.924549 0.661348 -4.265432 
5.669540 4.351974 2.040925 7.325146 0.414057 -9.924549 -2.182744 -4.265432 
9.267104 5.351974 2.040925 5.325146 0.342674 -9.664603 -2.182744 -4.265432 
4.280779 5.351974 1.040925 6.325146 0.414057 -9.664603 -1.182744 -4.265432 
8.267104 5.351974 2.208640 6.325146 1.276304 -7.939927 -2.182744 -3.265432 
9.267104 5.351974 2.040925 3.446900 -0.723696 -7.939927 0.661348 -4.265432 
1.483748 5.811668 2.040925 4.117842 0.414057 -7.939927 -2.182744 -3.265432 
3.669540 6.811668 3.040925 3.446900 0.276304 -7.939927 0.661348 -4.265432 
8.322533 4.351974 2.208640 4.117842 0.342674 -7.939927 0.661348 -3.265432 
8.322533 5.811668 2.040925 4.446900 0.342674 -10.924549 0.661348 -4.265432 
2.333275 4.351974 2.208640 4.117842 0.276304 -8.924549 -2.182744 -4.265432 
4.280779 5.351974 2.040925 4.117842 0.342674 -9.924549 0.661348 -5.106787 
4.280779 6.811668 2.040925 4.117842 -4.785930 -9.924549 -2.182744 -3.265432 
4.669540 5.811668 2.208640 3.446900 0.276304 -8.924549 -2.182744 -3.265432 
3.669540 5.351974 1.208640 6.325146 0.342674 -7.939927 -2.182744 -6.106787 
0.483748 5.811668 1.040925 6.325146 1.414057 -7.939927 -1.182744 -3.265432 
3.669540 11.121047 2.208640 6.325146 0.276304 -7.939927 0.661348 -6.106787 
9.267104 5.351974 3.040925 3.446900 0.342674 -8.924549 -2.182744 -4.265432 
4.280779 5.351974 2.040925 3.446900 0.276304 -9.924549 0.661348 -4.265432 
0.483748 6.811668 2.040925 3.446900 -0.723696 -9.924549 0.661348 -4.265432 
4.280779 4.351974 2.208640 4.117842 -4.785930 -9.664603 0.661348 -4.265432 
3.669540 5.351974 2.208640 6.325146 -1.893016 -9.924549 -5.602339 -5.265432 
9.267104 4.351974 2.040925 6.325146 -2.893016 -9.924549 -2.182744 -4.265432 
8.322533 10.121047 4.647605 6.325146 1.414057 -9.664603 -5.602339 -4.265432 
4.280779 5.351974 2.208640 6.325146 -4.785930 -7.939927 -2.182744 -3.265432 
3.280779 5.811668 2.040925 3.446900 0.342674 -9.664603 -2.182744 -4.265432 
9.267104 10.121047 2.208640 4.446900 -4.785930 -9.664603 -2.182744 -5.265432 
4.280779 5.811668 1.208640 2.446900 -0.723696 -9.924549 -2.182744 -6.106787 
5.669540 5.351974 2.208640 6.325146 1.342674 -10.924549 -2.182744 -4.265432 
21900
