5.669540 5.811668 2.208640 4.117842 1.414057 -6.939927 -2.182744 -3.265432 
7.322533 5.811668 2.208640 4.117842 -0.585943 -9.924549 -3.182744 -4.265432 
5.669540 6.316605 2.040925 4.117842 1.414057 -10.924549 -2.182744 -3.265432 
4.669540 4.351974 1.208640 4.117842 1.414057 -10.924549 -2.182744 -3.265432 
4.669540 4.811668 2.208640 6.325146 2.414057 -10.924549 -2.182744 -3.265432 
5.669540 4.811668 2.208640 6.325146 -0.723696 -10.924549 -2.182744 -4.265432 
4.669540 5.351974 2.208640 4.117842 1.414057 -9.924549 -2.182744 -4.265432 
4.669540 4.811668 2.208640 4.117842 -1.585943 -10.924549 -3.182744 -3.265432 
5.669540 6.811668 3.208640 4.117842 -0.723696 -8.924549 -2.182744 -3.265432 
0.483748 4.811668 2.208640 5.325146 2.414057 -8.924549 -3.182744 -3.265432 
4.669540 7.811668 2.208640 4.117842 -0.585943 -11.924549 -2.182744 -4.265432 
4.669540 7.316605 2.208640 4.117842 1.414057 -10.924549 -3.182744 -3.265432 
2.669540 6.316605 2.040925 4.117842 1.414057 -10.924549 -2.182744 -3.265432 
2.669540 6.316605 1.040925 6.325146 1.414057 -10.924549 -3.182744 -3.265432 
4.669540 5.811668 2.208640 6.325146 -0.723696 -10.924549 -3.182744 -3.265432 
4.669540 6.316605 2.208640 6.117842 -0.585943 -9.924549 -2.182744 -3.265432 
5.669540 5.811668 2.208640 4.117842 0.276304 -9.664603 -3.182744 -2.265432 
6.669540 5.351974 2.208640 4.117842 2.414057 -9.924549 -2.182744 -5.265432 
4.669540 6.316605 2.208640 5.117842 1.414057 -9.924549 -2.182744 -4.265432 
4.669540 7.316605 2.208640 4.117842 -0.723696 -9.924549 -2.182744 -3.265432 
4.669540 4.811668 1.208640 5.117842 -0.585943 -11.924549 -1.182744 -5.265432 
4.669540 4.351974 2.208640 4.117842 2.414057 -8.924549 -2.182744 -3.265432 
2.669540 6.316605 2.208640 4.117842 2.414057 -10.924549 -2.182744 -4.265432 
6.669540 4.351974 2.208640 5.325146 -0.723696 -8.924549 -2.182744 -5.265432 
2.669540 7.811668 2.208640 5.325146 2.414057 -10.924549 -2.182744 -3.265432 
4.669540 5.811668 2.040925 5.117842 0.342674 -10.924549 -2.182744 -4.265432 
2.669540 5.351974 3.040925 4.117842 2.414057 -9.924549 -2.182744 -3.265432 
4.669540 5.351974 2.208640 4.117842 -0.723696 -9.924549 -2.182744 -5.265432 
3.669540 3.316605 4.208640 5.325146 2.414057 -10.924549 -2.182744 -3.265432 
4.669540 5.811668 2.208640 4.117842 -0.723696 -10.924549 -2.182744 -4.265432 
1.669540 6.811668 2.040925 4.117842 0.276304 -10.924549 -2.182744 -6.265432 
7.322533 7.316605 2.208640 4.117842 -0.585943 -10.924549 -1.182744 -3.265432 
2.669540 4.811668 2.208640 5.325146 1.414057 -9.924549 -1.182744 -4.265432 
4.669540 5.811668 2.208640 5.117842 0.276304 -8.924549 -2.182744 -3.265432 
7.322533 4.811668 2.040925 4.117842 0.276304 -10.924549 -2.182744 -5.265432 
0.483748 4.351974 2.208640 4.117842 -0.723696 -7.924549 -2.182744 -3.265432 
4.669540 5.811668 2.208640 4.117842 -0.723696 -10.924549 -2.182744 -4.265432 
0.483748 5.811668 3.040925 4.117842 0.276304 -9.664603 -2.182744 -3.265432 
4.669540 5.811668 2.208640 6.325146 0.276304 -8.924549 -2.182744 -3.265432 
0.483748 4.351974 2.208640 6.325146 0.276304 -10.924549 -2.182744 -3.265432 
4.669540 4.351974 2.208640 4.117842 1.414057 -10.924549 -2.182744 -3.265432 
4.669540 4.351974 2.208640 6.325146 0.342674 -10.924549 -2.182744 -3.265432 
7.322533 6.811668 2.208640 3.117842 2.414057 -8.924549 -2.182744 -3.265432 
4.669540 5.351974 2.040925 5.117842 0.276304 -10.924549 -2.182744 -3.265432 
4.669540 5.811668 2.208640 6.325146 0.276304 -9.924549 -3.182744 -3.265432 
7.322533 3.316605 2.208640 4.117842 -0.723696 -10.924549 -3.182744 -3.265432 
6.669540 6.811668 2.208640 5.325146 0.276304 -10.924549 -2.182744 -3.265432 
7.322533 5.811668 2.208640 4.117842 -1.723696 -9.924549 -2.182744 -3.265432 
4.669540 4.351974 2.208640 6.325146 -0.585943 -10.924549 -3.182744 -4.265432 
5.669540 4.351974 2.040925 5.117842 1.414057 -5.939927 -2.182744 -4.265432 
5.669540 4.811668 3.040925 4.117842 0.276304 -10.924549 -2.182744 -3.265432 
0.483748 6.316605 1.208640 4.117842 1.414057 -9.924549 -3.182744 -3.265432 
8.267104 4.811668 2.208640 3.117842 0.276304 -7.924549 -2.182744 -4.265432 
4.669540 6.316605 2.208640 4.117842 -0.723696 -9.924549 -3.182744 -4.265432 
7.322533 7.316605 2.208640 5.325146 -0.723696 -7.924549 -2.182744 -5.265432 
4.669540 3.316605 2.208640 6.325146 -0.723696 -9.924549 -2.182744 -2.265432 
4.669540 4.351974 3.208640 4.117842 2.414057 -11.924549 -2.182744 -3.265432 
5.669540 5.811668 2.208640 4.117842 0.276304 -5.939927 -2.182744 -3.265432 
0.483748 4.811668 2.208640 4.117842 0.276304 -8.924549 -3.182744 -3.265432 
5.669540 4.811668 2.208640 4.117842 -0.585943 -9.924549 -2.182744 -3.265432 
7.322533 6.811668 2.208640 5.325146 -0.723696 -9.924549 -2.182744 -3.265432 
3.669540 7.316605 2.208640 6.325146 -0.723696 -11.924549 -3.182744 -2.265432 
5.669540 5.811668 2.208640 4.117842 0.276304 -10.924549 -2.182744 -4.265432 
4.669540 5.351974 2.208640 4.117842 -0.723696 -11.924549 -2.182744 -5.265432 
42390
