3.669540 5.351974 1.208640 4.117842 1.414057 -8.924549 -2.182744 -4.265432 
5.669540 5.351974 2.208640 4.117842 0.276304 -9.924549 -1.182744 -3.265432 
3.669540 4.811668 2.208640 4.117842 2.414057 -10.924549 -2.182744 -4.265432 
3.669540 4.811668 2.208640 4.117842 2.414057 -9.924549 -2.182744 -6.265432 
3.669540 4.351974 2.208640 4.117842 2.414057 -8.924549 -1.182744 -4.265432 
5.669540 4.811668 3.208640 4.117842 2.414057 -11.924549 -3.182744 -3.265432 
5.669540 6.811668 2.208640 3.117842 1.414057 -12.924549 -2.182744 -3.265432 
5.669540 5.811668 2.208640 4.117842 1.414057 -10.924549 -2.182744 -3.265432 
5.669540 4.811668 2.208640 3.117842 1.414057 -8.924549 -2.182744 -3.265432 
3.669540 4.811668 2.208640 4.117842 1.414057 -11.924549 -2.182744 -3.265432 
5.669540 4.351974 2.208640 4.117842 2.414057 -8.664603 -2.182744 -3.265432 
4.669540 4.811668 2.208640 4.117842 1.414057 -9.924549 -2.182744 -5.265432 
4.669540 6.811668 2.208640 4.117842 2.414057 -8.924549 -1.182744 -3.265432 
5.669540 4.811668 2.208640 4.117842 -0.723696 -8.924549 -2.182744 -3.265432 
2.669540 4.811668 2.208640 4.117842 -0.723696 -11.924549 -3.182744 -5.265432 
3.669540 5.351974 2.208640 4.117842 1.414057 -8.924549 -2.182744 -5.265432 
4.669540 4.811668 3.208640 4.117842 2.414057 -8.924549 -2.182744 -3.265432 
6.669540 5.811668 2.208640 4.117842 1.414057 -10.924549 -2.182744 -6.265432 
5.669540 5.351974 2.208640 4.117842 1.414057 -11.924549 -2.182744 -3.265432 
5.669540 5.811668 2.208640 3.117842 -0.723696 -10.924549 -1.182744 -3.265432 
5.669540 5.811668 3.040925 4.117842 2.414057 -8.924549 -3.182744 -3.265432 
3.669540 5.811668 2.208640 4.117842 2.414057 -8.924549 -1.182744 -2.265432 
2.669540 5.811668 2.208640 4.117842 1.414057 -9.924549 -1.182744 -3.265432 
5.669540 4.811668 1.208640 5.117842 1.414057 -9.664603 -1.182744 -3.265432 
5.669540 5.811668 1.208640 4.117842 1.414057 -10.924549 -2.182744 -4.265432 
2.669540 4.811668 2.208640 4.117842 0.414057 -8.664603 -2.182744 -3.265432 
2.669540 5.811668 2.208640 4.117842 2.414057 -10.924549 -2.182744 -5.265432 
3.669540 4.811668 2.040925 4.117842 2.414057 -11.924549 -2.182744 -5.265432 
3.669540 5.811668 2.208640 4.117842 1.414057 -8.924549 -2.182744 -4.265432 
5.669540 4.811668 2.208640 4.117842 0.414057 -10.924549 -1.182744 -3.265432 
5.669540 4.811668 2.208640 4.117842 2.414057 -9.924549 -2.182744 -5.265432 
4.669540 4.811668 2.208640 3.117842 1.414057 -9.924549 -2.182744 -5.265432 
3.669540 4.811668 2.208640 4.117842 -0.723696 -8.924549 -2.182744 -3.265432 
4.669540 4.811668 3.208640 4.117842 2.414057 -8.924549 -2.182744 -3.265432 
3.669540 3.316605 2.208640 4.117842 1.276304 -10.924549 -2.182744 -4.265432 
5.669540 4.811668 2.208640 4.117842 1.414057 -9.924549 -2.182744 -2.265432 
4.669540 5.351974 2.208640 4.117842 2.414057 -8.924549 -2.182744 -4.265432 
3.669540 4.811668 2.208640 4.117842 -0.723696 -8.664603 -2.182744 -4.265432 
4.669540 3.316605 3.040925 4.117842 1.414057 -11.924549 -2.182744 -4.265432 
6.669540 4.351974 2.208640 4.117842 0.414057 -11.924549 -3.182744 -3.265432 
3.669540 4.811668 2.208640 5.117842 1.414057 -8.924549 -2.182744 -3.265432 
3.669540 5.811668 2.208640 4.117842 1.276304 -8.924549 -2.182744 -4.265432 
5.669540 4.811668 2.208640 4.117842 2.414057 -9.664603 -2.182744 -4.265432 
3.669540 3.811668 2.208640 3.117842 2.414057 -10.924549 -3.182744 -3.265432 
2.669540 4.811668 2.208640 4.117842 1.414057 -9.924549 -2.182744 -4.265432 
4.669540 5.811668 2.208640 3.117842 1.414057 -9.664603 -1.182744 -1.265432 
4.669540 5.811668 3.040925 3.117842 -0.723696 -11.924549 -2.182744 -3.265432 
4.669540 4.811668 2.208640 4.117842 2.414057 -11.924549 -1.182744 -5.265432 
5.669540 5.811668 2.208640 4.117842 2.414057 -8.924549 -2.182744 -4.265432 
5.669540 5.811668 2.208640 4.117842 -0.723696 -8.664603 -1.182744 -5.265432 
5.669540 5.811668 2.208640 4.117842 1.414057 -10.924549 -1.182744 -5.265432 
2.669540 4.811668 2.208640 4.117842 2.414057 -10.924549 -2.182744 -3.265432 
3.669540 5.811668 2.208640 2.117842 1.414057 -11.924549 -1.182744 -5.265432 
5.669540 5.811668 3.040925 4.117842 1.414057 -8.924549 -2.182744 -5.265432 
4.669540 4.811668 2.208640 4.117842 2.414057 -8.664603 -2.182744 -5.265432 
5.669540 4.811668 2.208640 5.117842 1.414057 -10.924549 -1.182744 -5.265432 
5.669540 5.811668 2.208640 4.117842 0.414057 -9.664603 -1.182744 -3.265432 
5.669540 4.811668 2.208640 4.117842 2.414057 -8.924549 -2.182744 -3.265432 
3.669540 3.316605 2.208640 4.117842 1.414057 -8.924549 -2.182744 -3.265432 
4.669540 3.316605 2.208640 4.117842 2.414057 -8.924549 -2.182744 -3.265432 
5.669540 4.351974 2.208640 4.117842 2.414057 -10.924549 -1.182744 -3.265432 
4.669540 5.811668 2.208640 4.117842 -0.723696 -9.924549 -2.182744 -3.265432 
2.669540 4.811668 2.208640 4.117842 1.414057 -9.924549 -1.182744 -3.265432 
5.669540 5.811668 2.208640 5.117842 1.414057 -12.924549 -3.182744 -3.265432 
37300
