2.669540 4.811668 3.208640 5.117842 2.414057 -6.924549 -5.182744 -6.265432 
2.669540 7.811668 2.208640 4.117842 0.414057 -5.924549 -4.182744 -1.265432 
2.669540 5.811668 1.208640 4.117842 0.414057 -6.924549 -4.182744 -2.265432 
1.669540 5.811668 3.208640 4.117842 3.414057 -8.664603 -5.182744 -1.265432 
1.669540 7.811668 1.208640 4.117842 2.414057 -4.924549 -6.182744 -8.265432 
1.669540 6.811668 3.208640 4.117842 1.414057 -7.664603 -6.182744 -3.265432 
3.669540 5.811668 3.208640 6.117842 -0.585943 -3.924549 -5.182744 -7.265432 
2.669540 8.811668 3.208640 5.117842 2.414057 -7.664603 -7.182744 -2.265432 
2.669540 7.811668 1.208640 5.117842 2.414057 -3.924549 -3.182744 -6.265432 
2.669540 4.811668 3.208640 4.117842 2.414057 -5.924549 -4.182744 -8.265432 
3.669540 6.811668 3.208640 3.117842 0.414057 -6.924549 -0.182744 -5.265432 
1.669540 6.811668 3.208640 4.117842 -0.585943 -6.924549 -5.182744 -2.265432 
0.669540 4.811668 2.208640 4.117842 -0.585943 -6.924549 0.817256 -3.265432 
1.669540 6.811668 5.208640 4.117842 1.414057 -9.924549 -3.182744 -1.265432 
1.669540 7.811668 4.208640 4.117842 1.414057 -8.664603 -3.182744 -4.265432 
3.669540 6.811668 3.208640 7.117842 0.414057 -8.664603 -5.182744 -6.265432 
3.669540 7.811668 5.208640 4.117842 2.414057 -7.924549 -2.182744 -3.265432 
0.669540 8.811668 3.208640 5.117842 1.414057 -6.924549 -5.182744 -1.265432 
1.669540 7.811668 3.208640 6.117842 0.414057 -5.924549 -3.182744 -5.265432 
1.669540 6.811668 3.208640 5.117842 1.414057 -5.924549 -0.182744 -4.265432 
0.669540 6.811668 4.208640 4.117842 1.414057 -7.924549 -4.182744 -6.265432 
1.669540 6.811668 3.208640 4.117842 1.414057 -9.924549 0.817256 -3.265432 
2.669540 7.811668 2.208640 9.117842 0.414057 -5.924549 -6.182744 -4.265432 
3.669540 8.811668 4.208640 4.117842 -0.585943 -5.924549 -6.182744 -6.265432 
2.669540 5.811668 2.208640 7.117842 -0.585943 -8.924549 -4.182744 -4.265432 
2.669540 5.811668 3.208640 5.117842 1.414057 -7.664603 -5.182744 -1.265432 
1.669540 5.811668 3.208640 6.117842 1.414057 -8.924549 -4.182744 -0.265432 
0.669540 6.811668 3.208640 5.117842 -0.585943 -8.664603 -7.182744 -2.265432 
-0.330460 7.811668 3.208640 5.117842 0.414057 -7.924549 -0.182744 -4.265432 
1.669540 4.811668 2.208640 4.117842 1.414057 -8.664603 -0.182744 -4.265432 
2.669540 4.811668 4.208640 3.117842 0.414057 -8.664603 -5.182744 -3.265432 
2.669540 5.811668 2.208640 5.117842 0.414057 -3.924549 -3.182744 -6.265432 
1.669540 5.811668 2.208640 5.117842 0.414057 -3.924549 -5.182744 -2.265432 
2.669540 7.811668 3.208640 5.117842 -0.585943 -7.664603 -2.182744 -3.265432 
1.669540 5.811668 3.208640 8.117842 0.414057 -4.924549 -3.182744 -6.265432 
3.669540 6.811668 3.208640 6.117842 1.414057 -7.924549 -3.182744 -6.265432 
3.669540 7.811668 2.208640 6.117842 -0.585943 -5.924549 -5.182744 -4.265432 
2.669540 6.811668 3.208640 8.117842 0.414057 -7.924549 -6.182744 -2.265432 
4.669540 6.811668 3.208640 4.117842 1.414057 -6.924549 -4.182744 -1.265432 
3.669540 4.811668 3.208640 5.117842 0.414057 -7.664603 -3.182744 -4.265432 
0.669540 7.811668 3.208640 4.117842 1.414057 -5.924549 -6.182744 -3.265432 
2.669540 7.811668 3.208640 5.117842 2.414057 -7.924549 -3.182744 -5.265432 
3.669540 7.811668 3.208640 4.117842 1.414057 -6.664603 -6.182744 -6.265432 
3.669540 6.811668 2.208640 6.117842 0.414057 -8.924549 -4.182744 -7.265432 
3.669540 5.811668 3.208640 6.117842 0.414057 -5.924549 -3.182744 -1.265432 
1.669540 5.811668 3.208640 6.117842 1.414057 -6.924549 -2.182744 -4.265432 
1.669540 6.811668 3.208640 8.117842 -0.585943 -7.664603 -5.182744 -5.265432 
4.669540 7.811668 4.208640 6.117842 1.414057 -7.924549 -6.182744 -1.265432 
1.669540 5.811668 2.208640 6.117842 0.414057 -6.924549 -3.182744 -6.265432 
2.669540 5.811668 4.208640 6.117842 -0.585943 -8.924549 -2.182744 -3.265432 
1.669540 6.811668 3.208640 5.117842 -0.585943 -5.924549 -7.182744 -7.265432 
2.669540 6.811668 2.208640 6.117842 1.414057 -4.924549 -3.182744 -5.265432 
2.669540 7.811668 3.208640 3.117842 -1.585943 -5.924549 -4.182744 -2.265432 
0.669540 5.811668 4.208640 4.117842 1.414057 -8.924549 -7.182744 -4.265432 
3.669540 6.811668 3.208640 7.117842 0.414057 -6.924549 -3.182744 -4.265432 
1.669540 6.811668 3.208640 4.117842 1.414057 -8.924549 -6.182744 -3.265432 
3.669540 7.811668 3.208640 5.117842 2.414057 -5.924549 1.817256 -2.265432 
3.669540 5.811668 3.208640 8.117842 1.414057 -7.924549 -6.182744 -4.265432 
-0.330460 6.811668 4.208640 4.117842 2.414057 -7.664603 -4.182744 -1.265432 
3.669540 4.811668 3.208640 5.117842 1.414057 -8.664603 -3.182744 -5.265432 
4.669540 5.811668 2.208640 6.117842 -0.585943 -6.924549 -6.182744 -3.265432 
1.669540 6.811668 3.208640 5.117842 1.414057 -7.664603 -0.182744 -5.265432 
3.669540 7.811668 3.208640 8.117842 1.414057 -8.664603 -0.182744 -6.265432 
2.669540 4.811668 1.208640 7.117842 1.414057 -8.664603 -8.182744 -3.265432 
80100
