68.450239 25.228485 45.577685 75.412032 30.738492 9.928189 -62.625023 -73.141438 -21.198201 -3.170767 -88.234885 
9.735698 25.603417 44.245754 61.234079 17.250823 -40.734745 -62.625023 -71.259035 -80.129289 -62.787287 -75.974035 
35.476840 73.181302 49.395246 75.412032 -31.540921 -47.056829 -87.907681 43.708567 -18.751921 -62.189091 -98.086885 
65.831550 56.169175 44.245754 57.651360 -54.248180 99.394786 18.804049 -93.472392 -20.198201 -53.055457 -89.234885 
77.514931 55.649343 45.577685 75.412032 -30.335730 -25.598592 -9.348469 -71.259035 -20.865279 -57.655201 -45.695801 
68.450239 73.181302 44.245754 73.377174 -35.307981 19.384645 -20.673564 -78.622035 -29.779793 -48.560884 -88.499739 
68.450239 73.181302 44.245754 69.684501 -30.335730 51.310840 18.804049 -87.082091 -83.232898 -35.515478 -75.974035 
85.986956 27.441688 45.577685 73.377174 17.250823 39.944418 18.804049 -44.577422 -29.779793 -70.420862 -46.345625 
35.476840 61.034940 45.577685 50.879338 -35.307981 9.928189 -62.625023 -93.472392 -21.198201 -70.420862 -74.142648 
2.370533 59.322219 53.060176 57.651360 -41.687573 69.258055 18.804049 -68.349789 -21.198201 -10.019786 -57.286858 
9.735698 59.322219 44.245754 83.691087 -24.075196 81.469429 -9.747304 -68.349789 -30.779793 -35.648054 -14.165533 
39.717392 73.181302 49.395246 75.412032 -54.248180 100.394786 -62.625023 -39.111471 -60.359049 -96.944557 -47.932042 
68.335202 84.960405 53.060176 75.412032 59.908841 79.025729 -9.348469 -87.082091 -30.779793 -10.019786 -44.215317 
65.831550 73.181302 45.577685 75.412032 -30.335730 -47.056829 -9.348469 -44.577422 -7.277751 -53.055457 -76.974035 
69.450239 84.960405 71.313470 83.691087 59.444857 10.863745 -87.907681 -93.472392 -83.232898 -53.055457 -98.086885 
39.717392 73.181302 49.395246 37.038844 -24.075196 -94.780986 -9.747304 -87.082091 -81.129289 -62.787287 -88.234885 
31.352405 51.834158 45.577685 57.570226 16.250823 -37.264558 -9.348469 -93.472392 -80.129289 -96.944557 -75.974035 
65.069894 73.181302 43.577685 83.691087 -24.075196 -37.264558 11.984207 18.881396 -59.608920 -70.420862 -88.234885 
68.450239 84.960405 53.060176 67.396498 59.908841 69.258055 18.804049 44.708567 -24.209217 -69.420862 -74.142648 
65.069894 59.322219 49.395246 75.412032 30.738492 9.928189 -51.102175 -79.405847 -83.232898 -3.170767 -73.416695 
65.831550 84.960405 45.577685 61.234079 -61.842676 -47.056829 11.984207 -39.111471 -41.025930 -92.356581 -88.234885 
85.986956 69.569523 35.525781 61.234079 -27.693584 -25.598592 -10.348469 55.977168 -20.865279 -2.170767 -88.234885 
68.450239 94.463140 44.245754 69.684501 -96.298872 82.469781 71.543168 -93.472392 -19.135287 -96.944557 -45.215317 
64.831550 81.522614 53.060176 73.377174 -24.075196 -25.598592 -15.758950 -93.472392 -81.129289 -2.170767 -88.234885 
85.986956 73.181302 50.395246 61.234079 -24.075196 100.394786 -62.625023 55.977168 -83.232898 -62.787287 -79.848801 
39.717392 73.181302 53.060176 69.684501 30.738492 -79.787086 -15.758950 -79.622035 -21.198201 -91.356581 -88.234885 
64.831550 81.522614 28.375005 75.412032 -54.248180 100.394786 -87.907681 -87.082091 -7.277751 -92.356581 -57.286858 
77.514931 84.960405 54.060176 73.377174 -96.298872 19.384645 11.984207 -73.141438 -30.779793 -35.515478 -88.234885 
15.121500 27.441688 49.395246 73.377174 59.908841 69.258055 18.804049 -93.472392 -60.608920 -68.241294 -89.499739 
39.717392 86.189341 45.577685 75.412032 -24.075196 79.025729 -8.747304 -68.349789 -83.232898 -62.189091 -47.932042 
35.476840 50.769330 53.060176 73.377174 59.908841 82.469781 70.543168 -79.622035 -29.779793 -48.560884 -14.165533 
9.735698 82.522614 44.245754 75.412032 59.908841 -25.598592 -20.842909 55.977168 -80.129289 -54.055457 -74.142648 
15.121500 69.569523 44.577685 67.396498 -31.335730 -25.598592 -63.018950 -93.472392 -22.198201 -34.648054 -50.435982 
82.987772 25.228485 43.245754 75.412032 59.908841 -47.056829 11.984207 54.977168 -99.295355 -62.787287 -56.286858 
64.831550 59.322219 44.245754 61.234079 60.193053 100.394786 -87.907681 -72.259035 -20.751921 -48.560884 -88.234885 
55.742543 51.834158 49.395246 61.234079 17.250823 -37.264558 11.984207 -61.597268 -25.209217 -53.055457 -89.234885 
31.352405 84.960405 49.395246 73.377174 59.193053 69.258055 11.984207 -87.082091 -20.135287 -3.170767 -98.086885 
15.121500 84.960405 71.313470 83.691087 -84.178768 51.310840 18.804049 55.977168 -17.751921 -83.241876 -89.499739 
65.069894 72.181302 44.245754 73.377174 30.738492 -37.264558 -62.625023 -93.472392 -30.779793 -2.170767 -98.086885 
68.335202 73.181302 27.307912 75.412032 -78.043046 39.944418 18.804049 18.881396 -52.773218 -70.420862 -57.286858 
68.450239 73.181302 53.060176 75.412032 -31.978305 -25.713923 -62.625023 -79.622035 -31.890379 -53.055457 -57.286858 
68.450239 84.960405 45.577685 89.991414 -61.842676 72.066557 11.984207 -66.711656 -24.209217 -48.560884 -79.848801 
55.742543 25.228485 49.395246 69.684501 -54.248180 -25.598592 11.984207 -71.259035 -91.797672 -48.560884 -74.142648 
3.370533 84.960405 53.060176 69.684501 -31.978305 -37.264558 -47.629475 -79.622035 -29.779793 -70.420862 -88.234885 
55.742543 96.544724 64.571603 62.234079 -35.307981 51.310840 18.804049 -44.577422 -90.797672 -34.648054 -46.932042 
67.603161 82.276192 27.307912 83.691087 -30.335730 -37.264558 18.804049 -86.082091 -21.198201 -96.944557 -88.234885 
77.514931 85.960405 53.060176 45.811423 -61.842676 100.394786 -62.625023 -39.111471 -30.779793 -53.055457 -74.974035 
85.986956 84.960405 53.060176 71.250869 17.250823 -37.264558 -66.106714 -44.577422 -30.779793 -35.515478 -47.932042 
65.069894 26.603417 63.571603 46.811423 -95.298872 50.310840 11.984207 -72.259035 -24.209217 -82.238964 -45.695801 
39.717392 51.834158 54.060176 75.412032 -84.178768 -25.598592 -50.102175 -88.082091 -78.724455 -48.560884 -88.234885 
64.831550 81.276192 45.577685 76.412032 -35.307981 99.394786 -9.747304 -87.082091 -58.608920 -3.170767 -73.142648 
9.735698 94.463140 44.245754 73.377174 -79.043046 51.310840 -20.673564 55.977168 -83.232898 -62.787287 -34.645379 
65.831550 73.181302 44.245754 75.412032 -31.978305 -37.264558 -50.102175 -40.111471 -40.025930 -48.560884 -57.286858 
65.069894 81.522614 44.577685 75.412032 18.250823 -37.264558 10.984207 54.977168 -24.209217 -71.881282 -74.142648 
64.831550 73.181302 35.525781 69.684501 59.908841 -37.264558 -8.747304 -78.622035 -24.209217 -2.170767 -45.695801 
2.370533 84.960405 49.395246 52.927711 -79.043046 -37.264558 -62.625023 -93.472392 -30.779793 -96.944557 -57.286858 
82.987772 96.544724 44.245754 75.412032 60.193053 39.944418 -8.747304 -93.472392 -40.876247 -70.420862 -57.286858 
15.121500 51.834158 64.571603 69.684501 -55.248180 39.944418 -20.842909 -61.597268 -80.129289 -48.560884 -79.848801 
3.370533 82.522614 64.571603 69.684501 -41.687573 79.025729 11.984207 -79.622035 -60.359049 -48.560884 -98.086885 
15.121500 69.569523 53.060176 75.412032 60.193053 82.469781 -74.838406 -79.405847 -84.232898 -2.336086 -0.782683 
2.370533 96.544724 25.980595 83.691087 17.250823 100.394786 -8.747304 -71.259035 -79.724455 -96.944557 -57.286858 
39.717392 84.960405 53.060176 98.587936 -61.842676 81.469429 -21.842909 -71.259035 -21.198201 -53.055457 -50.569305 
55.742543 92.493433 50.395246 57.651360 -30.335730 -37.264558 -87.907681 -80.622035 -30.779793 -48.560884 -74.142648 
77.514931 58.322219 44.577685 62.234079 59.908841 20.384645 -87.907681 -44.577422 -83.232898 -35.515478 -89.499739 
81.987772 73.181302 49.395246 45.811423 59.908841 9.928189 -62.625023 -79.405847 -21.198201 -34.648054 -98.086885 
68.450239 73.181302 53.060176 61.234079 -24.075196 9.928189 70.543168 -93.472392 -31.890379 -3.170767 -34.816327 
65.831550 61.034940 49.395246 83.691087 -24.075196 -37.264558 -14.758950 43.708567 -91.797672 -48.560884 -75.974035 
65.069894 92.493433 44.245754 37.038844 -35.307981 38.944418 71.543168 -44.577422 -40.025930 -96.944557 -36.712973 
63.260105 82.276192 44.577685 61.234079 17.250823 79.025729 -9.348469 44.708567 -99.295355 -48.560884 -88.234885 
69.450239 73.181302 53.060176 52.927711 -84.469305 13.741415 -21.842909 54.977168 -80.129289 -48.560884 -55.832141 
39.717392 82.276192 35.525781 69.684501 -32.540921 82.469781 11.984207 -79.405847 -24.209217 -35.515478 -57.286858 
67.603161 25.228485 45.577685 57.570226 -84.178768 79.025729 18.804049 -78.622035 -80.129289 -3.336086 -57.286858 
67.335202 73.181302 43.245754 89.991414 -95.298872 13.741415 -87.907681 -61.492977 -73.634140 -62.787287 -75.974035 
65.831550 55.169175 44.245754 75.412032 -24.075196 -25.598592 11.984207 -71.259035 -21.198201 -53.055457 -56.286858 
67.450239 82.276192 44.245754 73.377174 60.193053 69.258055 18.804049 -72.259035 -19.135287 -70.420862 -83.253017 
65.831550 84.960405 27.307912 61.234079 -96.298872 99.394786 11.984207 -73.141438 -83.232898 -35.515478 -0.782683 
64.831550 73.181302 44.577685 75.412032 -54.248180 99.394786 -8.747304 55.977168 -7.277751 -53.055457 -88.499739 
55.742543 73.181302 53.060176 73.377174 17.250823 9.928189 -62.625023 -39.122299 -40.025930 -70.420862 -75.974035 
68.450239 59.322219 53.060176 52.927711 17.250823 13.741415 18.804049 -87.082091 -80.129289 -96.944557 -98.086885 
39.717392 84.960405 48.395246 75.412032 59.908841 69.258055 -16.758950 -79.405847 -22.198201 -70.420862 -89.499739 
65.069894 49.769330 71.313470 73.377174 -54.248180 82.469781 11.984207 44.708567 -7.277751 -34.648054 -56.286858 
68.450239 69.569523 45.577685 73.377174 17.250823 81.469429 -7.050999 -73.141438 -81.129289 -96.944557 -57.286858 
35.476840 82.276192 54.060176 73.377174 60.193053 9.928189 -9.747304 54.977168 -99.295355 -70.420862 -57.286858 
65.069894 69.569523 44.577685 52.927711 -31.978305 81.469429 -14.758950 55.977168 -78.724455 -97.944557 -98.086885 
82.987772 85.960405 44.245754 44.811423 17.250823 -37.264558 18.804049 -79.622035 -6.708179 -62.189091 -57.286858 
65.831550 54.501164 64.571603 62.234079 17.250823 -37.264558 19.804049 -39.122299 -59.608920 -53.055457 -74.142648 
35.476840 59.322219 71.313470 73.377174 -35.307981 -37.264558 -20.673564 -93.472392 -21.198201 -30.271521 -74.142648 
81.987772 82.276192 63.571603 70.208741 -54.248180 -40.734745 -62.625023 -62.492977 -24.209217 -96.944557 -98.086885 
65.831550 84.960405 49.395246 83.691087 17.250823 -37.264558 -87.907681 -87.082091 -24.209217 -70.420862 -55.832141 
2.370533 73.181302 50.395246 83.691087 -95.298872 51.310840 17.804049 -71.259035 -41.025930 -96.944557 -73.416695 
31.352405 51.834158 24.980595 75.412032 59.908841 81.469429 -9.348469 -39.111471 -19.135287 -49.560884 -55.521183 
64.831550 25.603417 45.577685 76.412032 59.444857 52.310840 -15.758950 -93.472392 -30.779793 -70.420862 -98.086885 
81.987772 25.228485 71.313470 69.684501 60.193053 79.025729 -9.747304 -87.082091 -24.209217 -92.356581 -98.086885 
2.370533 69.569523 35.525781 44.811423 -96.298872 -37.264558 -50.102175 -44.577422 -41.025930 -63.189091 -97.086885 
85.986956 51.834158 71.313470 89.991414 59.908841 100.394786 18.804049 -79.622035 -31.890379 -68.241294 -46.932042 
63.260105 73.181302 44.245754 95.976888 -31.540921 -25.598592 12.984207 -71.259035 -81.129289 -70.420862 -98.086885 
55.742543 27.441688 49.395246 73.377174 59.908841 19.384645 18.804049 43.708567 -83.232898 -68.241294 -55.832141 
68.335202 73.181302 49.395246 75.412032 -35.307981 79.025729 -62.625023 -87.082091 -80.129289 -70.420862 -34.645379 
55.742543 25.603417 45.577685 69.684501 17.250823 20.384645 -21.842909 -79.622035 -21.198201 -80.238964 -87.234885 
65.069894 92.493433 45.577685 95.976888 17.250823 -25.598592 -16.758950 -61.492977 -19.135287 -34.648054 -34.645379 
68.335202 51.834158 64.571603 75.412032 -78.043046 52.310840 -75.838406 -71.259035 -60.359049 -34.648054 -46.932042 
85.986956 71.631967 45.577685 69.684501 -54.248180 100.394786 -63.018950 56.977168 -40.025930 -62.787287 -79.848801 
82.987772 74.181302 44.577685 73.377174 -32.540921 -37.264558 11.984207 -79.405847 -80.981331 -2.170767 -79.848801 
85.986956 70.631967 53.060176 89.991414 -41.687573 99.394786 -8.747304 -44.577422 -83.232898 -10.019786 -57.286858 
85.986956 73.181302 54.060176 57.651360 59.908841 9.928189 18.804049 44.708567 -90.797672 -53.055457 -50.569305 
39.717392 59.322219 35.525781 89.991414 -54.248180 69.258055 -20.842909 44.708567 -24.209217 -70.420862 -88.234885 
3.370533 69.569523 63.571603 75.412032 -35.307981 -47.056829 -62.625023 18.881396 -29.779793 -10.019786 -45.215317 
35.476840 70.631967 53.060176 37.038844 -35.307981 -25.598592 18.804049 -61.492977 -30.779793 -96.944557 -74.142648 
69.450239 55.649343 53.060176 89.991414 30.738492 -37.264558 -9.348469 -87.082091 -19.135287 -48.560884 -88.499739 
2.370533 82.276192 44.245754 61.234079 -95.298872 -25.598592 -62.625023 -68.349789 -7.277751 -48.560884 -45.695801 
65.069894 59.322219 27.307912 73.377174 -24.075196 82.469781 -20.842909 55.977168 -31.890379 -68.241294 -88.234885 
68.450239 59.322219 53.060176 45.811423 17.250823 -79.787086 18.804049 -79.405847 -24.209217 -70.420862 -57.286858 
68.450239 59.322219 44.577685 45.811423 -32.540921 99.394786 11.984207 -71.259035 -80.981331 -48.560884 -55.832141 
85.986956 55.649343 27.307912 73.377174 -30.335730 79.025729 -47.629475 -44.577422 -30.779793 -48.560884 -75.974035 
2.370533 59.322219 32.043505 73.377174 -54.248180 -94.780986 18.804049 -44.577422 -6.708179 -71.881282 -56.286858 
15.121500 73.181302 53.060176 89.991414 59.908841 82.469781 11.984207 -71.259035 -21.198201 -3.170767 -88.234885 
55.742543 84.960405 63.571603 89.991414 -54.248180 69.258055 -87.907681 54.977168 -7.277751 -49.560884 -88.234885 
68.335202 73.181302 53.060176 73.377174 -84.178768 -37.264558 -9.348469 -81.622035 -81.129289 -68.241294 -45.215317 
55.742543 55.649343 44.577685 62.234079 17.250823 -37.264558 11.984207 18.881396 -19.135287 -53.055457 -57.286858 
81.987772 25.603417 45.577685 73.377174 17.250823 -94.780986 -15.758950 44.708567 -80.129289 -62.787287 -36.712973 
65.069894 59.322219 44.577685 83.691087 17.250823 81.469429 -16.758950 -44.577422 -29.779793 -10.019786 -56.286858 
2.370533 56.169175 45.577685 74.377174 59.444857 81.469429 -74.838406 -79.622035 -6.708179 -3.170767 -75.974035 
67.603161 86.189341 63.571603 75.412032 17.250823 -25.598592 -15.758950 -85.677118 -21.198201 -53.055457 -88.499739 
81.987772 73.181302 71.313470 73.377174 -54.248180 69.258055 -87.907681 -39.111471 -21.198201 -71.881282 -88.234885 
91.741078 96.544724 53.060176 85.907324 17.250823 14.741415 -15.758950 43.708567 -21.198201 -48.560884 -74.142648 
39.717392 84.960405 53.060176 75.412032 60.193053 8.928189 -20.842909 -93.472392 -60.359049 -53.055457 -57.286858 
39.717392 25.228485 44.245754 73.377174 -41.687573 -37.264558 -62.625023 -57.267637 -41.025930 -70.420862 -98.086885 
77.514931 73.181302 35.525781 85.907324 -54.248180 81.469429 18.804049 -44.577422 -78.724455 -70.420862 -46.932042 
128880 1550 35253
