66.831550 69.569523 55.060176 74.377174 17.250823 -94.780986 -62.625023 -81.622035 -38.025930 -52.055457 -80.848801 
34.476840 83.960405 53.060176 74.377174 58.444857 8.928189 -62.625023 54.977168 -38.025930 -68.241294 -79.848801 
85.986956 84.960405 46.577685 73.377174 17.250823 -37.264558 -63.625023 -44.577422 -31.890379 -69.241294 -79.848801 
64.831550 69.569523 49.395246 73.377174 17.250823 -36.264558 -62.625023 54.977168 -32.890379 -54.055457 -89.234885 
65.831550 85.960405 54.060176 74.412032 17.250823 -94.780986 -20.842909 -87.082091 -19.751921 -68.241294 -57.286858 
65.831550 83.960405 47.395246 73.377174 16.250823 9.928189 -62.625023 -43.577422 -32.890379 -30.271521 -57.286858 
36.476840 58.322219 63.571603 75.412032 15.250823 -37.264558 -62.625023 -81.622035 -7.277751 -68.241294 -79.848801 
65.831550 85.960405 54.060176 56.651360 16.250823 -38.264558 -62.625023 -86.082091 -18.751921 -68.241294 -98.086885 
85.986956 69.569523 62.571603 73.377174 17.250823 9.928189 -20.842909 -87.082091 -31.890379 -68.241294 -75.974035 
65.831550 69.569523 53.060176 76.412032 18.250823 8.928189 -10.348469 -44.577422 -18.751921 -53.055457 -76.974035 
65.831550 69.569523 54.060176 57.651360 15.250823 -94.780986 -8.348469 -44.577422 -31.890379 -68.241294 -74.142648 
85.986956 83.960405 54.060176 72.377174 17.250823 -37.264558 -89.907681 54.977168 -6.277751 -68.241294 -57.286858 
85.986956 60.322219 55.060176 72.377174 -32.978305 -37.264558 -61.625023 -87.082091 -19.198201 -69.241294 -57.286858 
85.986956 83.960405 63.571603 73.377174 16.250823 -94.780986 -11.348469 -44.577422 -31.890379 -53.055457 -97.086885 
65.831550 58.322219 53.060176 73.377174 58.444857 -37.264558 -10.348469 -86.082091 -6.277751 -53.055457 -74.142648 
66.831550 58.322219 55.060176 73.377174 15.250823 -37.264558 -12.348469 54.977168 -31.890379 -68.241294 -74.142648 
65.831550 58.322219 53.060176 76.377174 18.250823 9.928189 -9.348469 -44.577422 -31.890379 -53.055457 -77.974035 
65.831550 83.960405 55.060176 75.412032 16.250823 -37.264558 -20.842909 -79.622035 -31.890379 -53.055457 -97.086885 
65.831550 58.322219 55.060176 73.377174 15.250823 -37.264558 -61.625023 -81.622035 -38.025930 -69.241294 -78.848801 
64.831550 83.960405 46.577685 75.377174 16.250823 -35.264558 -11.348469 -81.622035 -31.890379 -68.241294 -78.848801 
35.476840 60.322219 49.395246 74.412032 18.250823 -36.264558 -62.625023 -80.622035 -17.751921 -68.241294 -74.142648 
65.831550 58.322219 53.060176 74.377174 16.250823 -37.264558 -62.625023 -87.082091 -6.277751 -54.055457 -76.974035 
30.352405 58.322219 53.060176 72.377174 14.250823 8.928189 -62.625023 -87.082091 -18.751921 -67.241294 -78.848801 
65.831550 83.960405 54.060176 73.377174 17.250823 -94.780986 -62.625023 -44.577422 -17.751921 -53.055457 -78.848801 
65.831550 60.322219 53.060176 56.651360 15.250823 8.928189 -7.348469 -44.577422 -38.025930 -53.055457 -58.286858 
35.476840 69.569523 53.060176 73.377174 17.250823 -37.264558 -90.907681 54.977168 -31.890379 -68.241294 -97.086885 
65.831550 69.569523 47.395246 73.377174 17.250823 -38.264558 -62.625023 -44.577422 -31.890379 -53.055457 -57.286858 
35.476840 59.322219 55.060176 75.412032 16.250823 -94.780986 -89.907681 -80.622035 -5.277751 -53.055457 -78.974035 
65.831550 69.569523 53.060176 74.377174 17.250823 9.928189 -88.907681 54.977168 -6.277751 -68.241294 -57.286858 
65.831550 60.322219 53.060176 75.412032 58.444857 9.928189 -10.348469 -86.082091 -7.277751 -30.271521 -79.848801 
65.831550 83.960405 46.577685 73.377174 17.250823 7.928189 -11.348469 -43.577422 -31.890379 -67.241294 -58.286858 
65.831550 69.569523 53.060176 75.412032 17.250823 -37.264558 -63.625023 -87.082091 -18.751921 -67.241294 -76.974035 
65.831550 60.322219 47.395246 75.412032 17.250823 -36.264558 -8.348469 54.977168 -32.890379 -54.055457 -76.974035 
65.831550 85.960405 48.395246 73.377174 17.250823 -37.264558 -11.348469 -87.082091 -32.890379 -67.241294 -97.086885 
65.831550 85.960405 62.571603 74.377174 17.250823 -35.264558 -63.625023 -87.082091 -6.277751 -53.055457 -97.086885 
84.986956 58.322219 54.060176 73.377174 14.250823 -36.264558 -62.625023 54.977168 -31.890379 -53.055457 -57.286858 
66.831550 85.960405 55.060176 75.412032 18.250823 -94.780986 -8.348469 -81.622035 -6.277751 -67.241294 -79.848801 
65.831550 60.322219 55.060176 74.377174 59.444857 7.928189 -10.348469 -87.082091 -31.890379 -68.241294 -78.848801 
35.476840 86.960405 48.395246 74.377174 17.250823 -36.264558 -88.907681 -81.622035 -32.890379 -71.881282 -79.848801 
85.986956 60.322219 53.060176 73.377174 58.444857 9.928189 -11.348469 -79.622035 -32.890379 -68.241294 -57.286858 
34.476840 60.322219 53.060176 73.377174 17.250823 -94.780986 -20.842909 -87.082091 -5.277751 -68.241294 -76.974035 
64.831550 83.960405 55.060176 75.377174 13.250823 9.928189 -11.348469 -87.082091 -31.890379 -68.241294 -74.142648 
65.831550 85.960405 53.060176 74.377174 17.250823 -38.264558 -62.625023 -86.082091 -6.277751 -53.055457 -74.142648 
66.831550 58.322219 53.060176 73.377174 17.250823 9.928189 -62.625023 18.881396 -32.890379 -69.241294 -98.086885 
31.352405 58.322219 54.060176 76.412032 15.250823 -36.264558 -88.907681 18.881396 -31.890379 -53.055457 -57.286858 
64.831550 85.960405 45.577685 76.412032 17.250823 -93.780986 -61.625023 -87.082091 -31.890379 -54.055457 -55.286858 
65.831550 86.960405 48.395246 76.412032 14.250823 9.928189 -63.625023 -86.082091 -32.890379 -69.241294 -74.142648 
85.986956 59.322219 55.060176 73.377174 17.250823 8.928189 -62.625023 -86.082091 -18.751921 -68.241294 -58.286858 
30.352405 86.960405 48.395246 74.412032 15.250823 9.928189 -88.907681 -93.472392 -7.277751 -34.515478 -58.286858 
36.476840 60.322219 47.395246 74.377174 58.444857 -37.264558 -62.625023 -87.082091 -31.890379 -53.055457 -57.286858 
85.986956 59.322219 53.060176 57.651360 58.444857 9.928189 -20.842909 -87.082091 -18.751921 -53.055457 -57.286858 
65.831550 58.322219 47.395246 74.377174 17.250823 -94.780986 -61.625023 -82.622035 -6.277751 -53.055457 -97.086885 
65.831550 69.569523 44.577685 75.377174 17.250823 -37.264558 -10.348469 -42.577422 -7.277751 -68.241294 -74.142648 
65.831550 60.322219 47.395246 74.412032 17.250823 -36.264558 -13.348469 54.977168 -6.277751 -68.241294 -57.286858 
30.352405 60.322219 47.395246 74.412032 17.250823 -36.264558 -11.348469 -81.622035 -31.890379 -53.055457 -78.848801 
66.831550 69.569523 53.060176 74.377174 17.250823 -37.264558 -62.625023 -44.577422 -18.751921 -68.241294 -57.286858 
31.352405 59.322219 62.571603 75.377174 15.250823 -37.264558 -7.348469 -81.622035 -18.751921 -68.241294 -76.974035 
65.831550 58.322219 44.577685 76.412032 17.250823 9.928189 -63.625023 18.881396 -32.890379 -53.055457 -57.286858 
30.352405 85.960405 45.577685 73.377174 17.250823 -36.264558 -11.348469 -81.622035 -19.198201 -68.241294 -80.848801 
85.986956 60.322219 44.577685 74.377174 -31.978305 -37.264558 -20.842909 54.977168 -31.890379 -68.241294 -76.974035 
65.831550 61.322219 52.060176 74.377174 17.250823 -94.780986 -62.625023 -87.082091 -32.890379 -52.055457 -57.286858 
35.476840 85.960405 44.577685 73.377174 17.250823 -36.264558 -63.625023 -87.082091 -31.890379 -53.055457 -79.848801 
30.352405 60.322219 48.395246 73.377174 17.250823 -94.780986 -62.625023 -87.082091 -33.890379 -53.055457 -79.848801 
31.352405 83.960405 53.060176 73.377174 15.250823 -94.780986 -20.842909 -44.577422 -38.025930 -68.241294 -56.286858 
65.831550 58.322219 56.060176 76.412032 14.250823 -37.264558 -62.625023 -44.577422 -18.751921 -68.241294 -97.086885 
35.476840 59.322219 53.060176 55.651360 14.250823 -36.264558 -89.907681 -81.622035 -32.890379 -68.241294 -74.142648 
84.986956 59.322219 44.577685 74.377174 17.250823 8.928189 -63.625023 54.977168 -31.890379 -68.241294 -78.848801 
65.831550 58.322219 44.577685 74.377174 17.250823 7.928189 -89.907681 -93.472392 -6.277751 -53.055457 -80.848801 
65.831550 58.322219 53.060176 75.377174 58.444857 8.928189 -88.907681 54.977168 -31.890379 -30.271521 -76.974035 
65.831550 85.960405 55.060176 74.377174 17.250823 -94.780986 -63.625023 -79.622035 -32.890379 -68.241294 -79.848801 
35.476840 58.322219 54.060176 56.651360 16.250823 7.928189 -11.348469 -87.082091 -32.890379 -68.241294 -79.848801 
65.831550 69.569523 48.395246 56.651360 17.250823 -36.264558 -63.625023 -80.622035 -6.277751 -53.055457 -79.848801 
65.831550 58.322219 55.060176 74.377174 17.250823 -36.264558 -20.842909 -87.082091 -17.751921 -72.881282 -97.086885 
31.352405 83.960405 53.060176 76.412032 15.250823 -36.264558 -62.625023 54.977168 -6.277751 -34.515478 -79.848801 
85.986956 60.322219 48.395246 76.412032 59.444857 -36.264558 -62.625023 -79.622035 -18.751921 -68.241294 -97.086885 
65.831550 83.960405 53.060176 72.377174 15.250823 -37.264558 -62.625023 54.977168 -7.277751 -71.881282 -79.848801 
64.831550 60.322219 48.395246 73.377174 58.444857 -36.264558 -20.842909 -81.622035 -6.277751 -70.241294 -79.848801 
65.831550 59.322219 54.060176 74.377174 58.444857 -93.780986 -63.625023 54.977168 -18.751921 -71.881282 -75.974035 
65.831550 86.960405 54.060176 72.377174 58.444857 -37.264558 -62.625023 -78.622035 -6.277751 -68.241294 -79.848801 
85.986956 58.322219 56.060176 73.377174 15.250823 7.928189 -62.625023 54.977168 -31.890379 -52.055457 -80.848801 
65.831550 83.960405 46.577685 73.377174 18.250823 8.928189 -11.348469 -44.577422 -7.277751 -54.055457 -57.286858 
36.476840 59.322219 55.060176 73.377174 17.250823 -94.780986 -90.907681 -81.622035 -38.025930 -68.241294 -56.286858 
65.831550 85.960405 49.395246 75.412032 17.250823 -36.264558 -11.348469 -80.622035 -32.890379 -69.241294 -75.142648 
65.831550 83.960405 48.395246 74.377174 17.250823 -93.780986 -88.907681 54.977168 -7.277751 -68.241294 -57.286858 
64.831550 86.960405 63.571603 75.377174 17.250823 -37.264558 -88.907681 -80.622035 -31.890379 -68.241294 -97.086885 
65.831550 69.569523 48.395246 74.412032 16.250823 -94.780986 -10.348469 -81.622035 -32.890379 -53.055457 -78.848801 
65.831550 86.960405 53.060176 75.377174 17.250823 6.928189 -9.348469 -44.577422 -38.025930 -53.055457 -57.286858 
85.986956 83.960405 55.060176 75.412032 16.250823 -93.780986 -20.842909 -44.577422 -6.277751 -53.055457 -76.974035 
85.986956 83.960405 55.060176 75.377174 17.250823 -93.780986 -8.348469 54.977168 -6.277751 -53.055457 -97.086885 
65.831550 59.322219 62.571603 74.377174 18.250823 -36.264558 -62.625023 -81.622035 -17.751921 -68.241294 -57.286858 
85.986956 69.569523 55.060176 75.377174 17.250823 -95.780986 -8.348469 -81.622035 -31.890379 -68.241294 -58.286858 
30.352405 83.960405 56.060176 73.377174 17.250823 -37.264558 -10.348469 -44.577422 -38.025930 -68.241294 -80.848801 
65.831550 83.960405 48.395246 74.412032 18.250823 -35.264558 -62.625023 -86.082091 -7.277751 -53.055457 -78.848801 
85.986956 84.960405 48.395246 74.377174 15.250823 7.928189 -61.625023 -81.622035 -32.890379 -69.241294 -57.286858 
85.986956 59.322219 54.060176 73.377174 17.250823 -94.780986 -62.625023 -80.622035 -31.890379 -54.055457 -79.848801 
85.986956 59.322219 54.060176 72.377174 16.250823 8.928189 -61.625023 -44.577422 -6.277751 -53.055457 -98.086885 
64.831550 83.960405 63.571603 73.377174 58.444857 -36.264558 -20.842909 -43.577422 -7.277751 -69.241294 -79.848801 
65.831550 69.569523 53.060176 74.377174 17.250823 9.928189 -10.348469 -81.622035 -6.277751 -53.055457 -75.974035 
66.831550 59.322219 62.571603 73.377174 18.250823 7.928189 -11.348469 -44.577422 -31.890379 -69.241294 -97.086885 
65.831550 60.322219 53.060176 74.412032 18.250823 -37.264558 -20.842909 -44.577422 -31.890379 -69.241294 -76.974035 
65.831550 86.960405 55.060176 76.412032 17.250823 -37.264558 -89.907681 54.977168 -40.025930 -68.241294 -79.848801 
35.476840 69.569523 54.060176 73.377174 59.444857 8.928189 -63.625023 -87.082091 -31.890379 -68.241294 -57.286858 
30.352405 59.322219 53.060176 76.412032 17.250823 -37.264558 -12.348469 -87.082091 -5.277751 -53.055457 -79.848801 
65.831550 60.322219 44.577685 72.377174 17.250823 -36.264558 -20.842909 -80.622035 -31.890379 -68.241294 -97.086885 
64.831550 58.322219 62.571603 74.377174 18.250823 7.928189 -89.907681 -87.082091 -31.890379 -68.241294 -74.142648 
65.831550 69.569523 53.060176 73.377174 17.250823 -36.264558 -11.348469 -86.082091 -18.751921 -68.241294 -78.848801 
36.476840 83.960405 48.395246 73.377174 18.250823 -36.264558 -11.348469 55.977168 -8.277751 -71.881282 -57.286858 
30.352405 69.569523 54.060176 74.377174 15.250823 -37.264558 -9.348469 -79.622035 -30.779793 -68.241294 -80.848801 
64.831550 58.322219 54.060176 74.377174 17.250823 -36.264558 -89.907681 54.977168 -32.890379 -67.241294 -57.286858 
34.476840 69.569523 48.395246 74.377174 17.250823 -94.780986 -63.625023 -86.082091 -31.890379 -68.241294 -76.974035 
65.831550 69.569523 47.395246 76.412032 18.250823 -37.264558 -20.842909 -81.622035 -18.751921 -30.271521 -78.848801 
36.476840 60.322219 45.577685 74.377174 15.250823 -94.780986 -89.907681 -43.577422 -6.277751 -68.241294 -74.142648 
36.476840 60.322219 53.060176 72.377174 15.250823 -37.264558 -11.348469 -79.622035 -6.277751 -30.271521 -75.974035 
65.831550 60.322219 48.395246 74.377174 14.250823 -38.264558 -11.348469 -87.082091 -38.025930 -53.055457 -58.286858 
85.986956 60.322219 49.395246 75.412032 18.250823 -37.264558 -11.348469 -44.577422 -31.890379 -52.055457 -76.142648 
65.831550 58.322219 53.060176 74.377174 59.444857 -94.780986 -8.348469 -81.622035 -18.751921 -68.241294 -57.286858 
65.831550 59.322219 62.571603 74.377174 14.250823 7.928189 -89.907681 -43.577422 -31.890379 -68.241294 -75.974035 
65.831550 59.322219 53.060176 74.412032 59.444857 -35.264558 -62.625023 -87.082091 -31.890379 -53.055457 -98.086885 
35.476840 83.960405 49.395246 73.377174 17.250823 -36.264558 -11.348469 -80.622035 -18.751921 -54.055457 -97.086885 
65.831550 60.322219 48.395246 56.651360 17.250823 9.928189 -62.625023 -86.082091 -30.890379 -53.055457 -57.286858 
35.476840 85.960405 62.571603 75.377174 17.250823 -38.264558 -88.907681 -86.082091 -19.198201 -53.055457 -74.142648 
36.476840 86.960405 55.060176 73.377174 15.250823 -37.264558 -11.348469 -87.082091 -40.025930 -68.241294 -79.848801 
65.831550 59.322219 54.060176 74.412032 17.250823 -37.264558 -62.625023 -79.622035 -38.025930 -68.241294 -74.974035 
65.831550 58.322219 48.395246 75.377174 58.444857 8.928189 -63.625023 54.977168 -6.277751 -34.515478 -57.286858 
65.831550 60.322219 48.395246 72.377174 17.250823 -36.264558 -10.348469 -86.082091 -6.277751 -53.055457 -74.142648 
66.831550 59.322219 52.060176 76.412032 14.250823 9.928189 -62.625023 -81.622035 -6.277751 -71.881282 -74.142648 
65.831550 60.322219 54.060176 76.412032 17.250823 8.928189 -62.625023 -81.622035 -7.277751 -68.241294 -75.142648 
65.831550 58.322219 54.060176 74.377174 16.250823 9.928189 -10.348469 17.881396 -38.025930 -67.241294 -57.286858 
280870 1490 71631
