85.986956 59.322219 49.395246 75.412032 -31.978305 -37.264558 -63.625023 -81.622035 -32.890379 -68.241294 -56.286858 
35.476840 60.322219 53.060176 73.377174 15.250823 -37.264558 -89.907681 -81.622035 -6.277751 -68.241294 -97.086885 
35.476840 86.960405 54.060176 72.377174 16.250823 -37.264558 -7.348469 -87.082091 -31.890379 -34.515478 -56.286858 
85.986956 59.322219 49.395246 75.412032 17.250823 -37.264558 -62.625023 -86.082091 -31.890379 -53.055457 -73.416695 
35.476840 85.960405 44.577685 73.377174 16.250823 9.928189 -20.842909 -43.577422 -31.890379 -68.241294 -74.142648 
35.476840 83.960405 48.395246 73.377174 15.250823 9.928189 -7.348469 -81.622035 -32.890379 -34.515478 -79.848801 
65.831550 69.569523 44.577685 74.412032 14.250823 -36.264558 -7.348469 -81.622035 -31.890379 -68.241294 -97.086885 
31.352405 86.960405 55.060176 74.377174 15.250823 9.928189 -63.625023 18.881396 -41.025930 -54.055457 -58.286858 
65.831550 84.960405 54.060176 70.684501 17.250823 -36.264558 -63.625023 -79.622035 -31.890379 -68.241294 -57.286858 
65.831550 60.322219 55.060176 74.377174 58.444857 -37.264558 -11.348469 -81.622035 -30.890379 -53.055457 -57.286858 
65.831550 83.960405 54.060176 75.412032 15.250823 -37.264558 -20.842909 -93.472392 -7.277751 -68.241294 -76.974035 
86.986956 85.960405 48.395246 74.377174 18.250823 -38.264558 -21.842909 -81.622035 -31.890379 -68.241294 -57.286858 
31.352405 59.322219 49.395246 73.377174 17.250823 9.928189 -63.625023 -93.472392 -18.751921 -68.241294 -79.848801 
31.352405 60.322219 53.060176 74.377174 15.250823 -93.780986 -63.625023 -43.577422 -19.198201 -53.055457 -80.848801 
36.476840 69.569523 54.060176 74.412032 15.250823 -36.264558 -89.907681 -44.577422 -32.890379 -68.241294 -98.086885 
65.831550 60.322219 55.060176 76.412032 17.250823 -38.264558 -62.625023 54.977168 -31.890379 -68.241294 -79.848801 
31.352405 85.960405 46.577685 57.651360 17.250823 -37.264558 -11.348469 -79.622035 -31.890379 -53.055457 -75.974035 
35.476840 85.960405 53.060176 73.377174 17.250823 9.928189 -9.348469 54.977168 -38.025930 -67.241294 -78.848801 
35.476840 59.322219 48.395246 74.412032 17.250823 -94.780986 -21.842909 -86.082091 -31.890379 -70.241294 -96.086885 
65.831550 70.569523 63.571603 73.377174 17.250823 7.928189 -89.907681 -81.622035 -7.277751 -30.271521 -57.286858 
77.514931 59.322219 53.060176 56.651360 58.444857 -93.780986 -9.348469 -44.577422 -31.890379 -68.241294 -74.142648 
85.986956 84.960405 55.060176 73.377174 15.250823 9.928189 -9.348469 -81.622035 -32.890379 -30.271521 -56.286858 
65.831550 83.960405 54.060176 74.377174 16.250823 9.928189 -61.625023 54.977168 -19.198201 -68.241294 -56.286858 
85.986956 69.569523 49.395246 73.377174 17.250823 -37.264558 -88.907681 -86.082091 -31.890379 -68.241294 -79.848801 
35.476840 70.569523 62.571603 74.377174 15.250823 7.928189 -7.348469 -87.082091 -19.198201 -53.055457 -75.974035 
31.352405 69.569523 49.395246 73.377174 59.444857 9.928189 -11.348469 18.881396 -32.890379 -53.055457 -97.086885 
85.986956 59.322219 53.060176 73.377174 58.444857 -36.264558 -11.348469 -81.622035 -31.890379 -53.055457 -89.234885 
31.352405 72.569523 54.060176 75.412032 -31.978305 -37.264558 -20.842909 -86.082091 -32.890379 -68.241294 -75.974035 
65.831550 83.960405 49.395246 75.412032 59.444857 9.928189 -11.348469 -81.622035 -31.890379 -30.271521 -78.848801 
65.831550 60.322219 48.395246 56.651360 17.250823 9.928189 -89.907681 -87.082091 -31.890379 -68.241294 -97.086885 
65.831550 60.322219 45.577685 74.377174 17.250823 -37.264558 -9.348469 -86.082091 -38.025930 -54.055457 -57.286858 
85.986956 60.322219 44.577685 73.377174 -31.978305 -37.264558 -21.842909 -81.622035 -31.890379 -53.055457 -97.086885 
65.831550 60.322219 55.060176 75.377174 16.250823 9.928189 -88.907681 -87.082091 -6.277751 -53.055457 -79.848801 
35.476840 83.960405 48.395246 72.377174 15.250823 -37.264558 -10.348469 -86.082091 -31.890379 -68.241294 -57.286858 
35.476840 69.569523 48.395246 73.377174 17.250823 -37.264558 -88.907681 -87.082091 -18.751921 -54.055457 -75.142648 
31.352405 59.322219 56.060176 72.377174 15.250823 -36.264558 -88.907681 -44.577422 -32.890379 -53.055457 -57.286858 
35.476840 59.322219 44.577685 74.377174 17.250823 -37.264558 -9.348469 -86.082091 -38.025930 -71.881282 -58.286858 
35.476840 69.569523 63.571603 73.377174 17.250823 -37.264558 -61.625023 -93.472392 -19.198201 -34.515478 -74.142648 
35.476840 83.960405 55.060176 74.412032 17.250823 9.928189 -89.907681 -86.082091 -19.198201 -68.241294 -56.286858 
82.987772 60.322219 44.577685 57.651360 15.250823 -37.264558 -63.625023 -87.082091 -18.751921 -53.055457 -74.142648 
35.476840 59.322219 53.060176 75.377174 17.250823 -94.780986 -11.348469 -87.082091 -31.890379 -67.241294 -75.974035 
65.831550 69.569523 45.577685 73.377174 15.250823 -37.264558 -88.907681 -44.577422 -31.890379 -53.055457 -97.086885 
65.831550 59.322219 53.060176 74.412032 59.444857 -36.264558 -9.348469 18.881396 -31.890379 -53.055457 -80.848801 
65.831550 84.960405 54.060176 76.412032 17.250823 -37.264558 -62.625023 18.881396 -29.779793 -68.241294 -98.086885 
35.476840 85.960405 56.060176 73.377174 15.250823 9.928189 -62.625023 -87.082091 -40.025930 -34.515478 -97.086885 
85.986956 60.322219 53.060176 74.377174 59.444857 9.928189 -62.625023 -80.622035 -31.890379 -68.241294 -75.974035 
35.476840 60.322219 48.395246 75.412032 15.250823 -39.264558 -62.625023 -93.472392 -30.779793 -30.271521 -57.286858 
2.370533 86.960405 62.571603 74.412032 15.250823 9.928189 -8.348469 18.881396 -31.890379 -54.055457 -79.848801 
65.831550 60.322219 55.060176 74.412032 15.250823 8.928189 -9.348469 18.881396 -31.890379 -34.515478 -75.974035 
85.986956 59.322219 54.060176 56.651360 17.250823 -37.264558 -89.907681 -81.622035 -6.277751 -68.241294 -76.974035 
36.476840 83.960405 46.577685 72.377174 58.444857 -93.780986 -88.907681 -81.622035 -31.890379 -68.241294 -89.234885 
36.476840 60.322219 48.395246 72.377174 17.250823 -37.264558 -10.348469 -86.082091 -18.751921 -70.241294 -97.086885 
87.986956 69.569523 44.577685 75.412032 15.250823 9.928189 -9.348469 -93.472392 -19.135287 -67.241294 -57.286858 
85.986956 59.322219 47.395246 76.412032 15.250823 -36.264558 -62.625023 -86.082091 -7.277751 -53.055457 -74.142648 
65.831550 59.322219 48.395246 72.377174 17.250823 9.928189 -7.348469 -87.082091 -31.890379 -53.055457 -79.848801 
31.352405 85.960405 52.060176 72.377174 15.250823 -37.264558 -11.348469 -81.622035 -30.779793 -69.420862 -79.848801 
85.986956 59.322219 53.060176 76.412032 16.250823 -94.780986 -11.348469 18.881396 -7.277751 -53.055457 -79.848801 
35.476840 69.569523 48.395246 74.412032 15.250823 9.928189 -11.348469 -81.622035 -40.025930 -68.241294 -57.286858 
85.986956 59.322219 53.060176 73.377174 17.250823 -37.264558 -62.625023 -44.577422 -19.198201 -53.055457 -57.286858 
35.476840 59.322219 49.395246 73.377174 17.250823 9.928189 -63.625023 18.881396 -31.890379 -68.241294 -97.086885 
65.831550 85.960405 55.060176 56.651360 -31.978305 -94.780986 -88.907681 -87.082091 -32.890379 -53.055457 -74.142648 
66.831550 60.322219 43.577685 73.377174 16.250823 -36.264558 -21.842909 -81.622035 -31.890379 -68.241294 -79.848801 
86.986956 59.322219 44.577685 75.412032 59.444857 9.928189 -61.625023 -93.472392 -30.779793 -68.241294 -97.086885 
65.831550 60.322219 48.395246 74.412032 15.250823 9.928189 -9.348469 18.881396 -31.890379 -30.271521 -80.848801 
65.831550 69.569523 49.395246 57.651360 17.250823 -94.780986 -60.625023 18.881396 -33.890379 -34.515478 -98.086885 
35.476840 60.322219 48.395246 74.377174 16.250823 -93.780986 -63.625023 -81.622035 -31.890379 -70.241294 -57.286858 
85.986956 58.322219 63.571603 74.377174 17.250823 9.928189 -62.625023 56.977168 -31.890379 -68.241294 -76.974035 
35.476840 59.322219 54.060176 72.377174 15.250823 -37.264558 -62.625023 -87.082091 -31.890379 -68.241294 -56.286858 
65.831550 69.569523 48.395246 74.412032 17.250823 -37.264558 -63.625023 -87.082091 -7.277751 -68.241294 -57.286858 
85.986956 60.322219 48.395246 74.377174 14.250823 8.928189 -9.348469 -81.622035 -7.277751 -68.241294 -58.286858 
31.352405 60.322219 48.395246 56.651360 18.250823 -93.780986 -7.348469 -86.082091 -30.779793 -53.055457 -57.286858 
65.831550 59.322219 44.577685 73.377174 16.250823 -95.780986 -61.625023 -81.622035 -17.751921 -68.241294 -75.974035 
87.986956 60.322219 56.060176 73.377174 58.444857 -93.780986 -63.625023 -80.622035 -32.890379 -67.241294 -76.974035 
85.986956 60.322219 48.395246 72.377174 -31.978305 -38.264558 -61.625023 -87.082091 -31.890379 -68.241294 -74.142648 
85.986956 60.322219 53.060176 73.377174 59.444857 -37.264558 -89.907681 -86.082091 -30.890379 -54.055457 -57.286858 
35.476840 59.322219 53.060176 74.377174 15.250823 -38.264558 -13.758950 -81.622035 -31.890379 -53.055457 -98.086885 
65.831550 58.322219 44.577685 73.377174 17.250823 -37.264558 -12.348469 -93.472392 -30.779793 -53.055457 -57.286858 
65.831550 69.569523 54.060176 73.377174 15.250823 -95.780986 -89.907681 -44.577422 -31.890379 -34.515478 -98.086885 
85.986956 61.322219 46.577685 74.412032 15.250823 8.928189 -11.348469 -87.082091 -17.135287 -71.881282 -57.286858 
85.986956 83.960405 48.395246 73.377174 15.250823 9.928189 -62.625023 -81.622035 -18.751921 -68.241294 -97.086885 
65.831550 70.569523 54.060176 74.377174 17.250823 8.928189 -9.348469 -81.622035 -31.890379 -68.241294 -57.286858 
86.986956 70.569523 62.571603 73.377174 15.250823 -94.780986 -61.625023 -81.622035 -31.890379 -70.241294 -74.142648 
36.476840 86.960405 49.395246 73.377174 58.444857 -38.264558 -9.348469 18.881396 -32.890379 -68.241294 -57.286858 
31.352405 69.569523 54.060176 74.377174 15.250823 -37.264558 -10.348469 54.977168 -38.025930 -69.420862 -75.974035 
85.986956 70.569523 55.060176 74.377174 18.250823 9.928189 -63.625023 18.881396 -19.135287 -68.241294 -57.286858 
3.370533 60.322219 54.060176 74.377174 15.250823 -36.264558 -61.625023 -79.622035 -19.198201 -68.241294 -57.286858 
31.352405 83.960405 56.060176 76.412032 15.250823 -37.264558 -62.625023 56.977168 -31.890379 -68.241294 -75.974035 
65.831550 59.322219 54.060176 71.377174 17.250823 -37.264558 -11.348469 -81.622035 -18.751921 -68.241294 -74.142648 
87.986956 84.960405 46.577685 73.377174 15.250823 -36.264558 -62.625023 18.881396 -18.751921 -68.241294 -97.086885 
66.831550 85.960405 44.577685 73.377174 17.250823 -94.780986 -62.625023 -79.622035 -18.751921 -52.055457 -89.234885 
65.831550 84.960405 53.060176 74.412032 18.250823 -37.264558 -63.625023 -81.622035 -18.751921 -53.055457 -97.086885 
65.831550 59.322219 46.577685 74.412032 58.444857 -36.264558 -63.625023 -82.622035 -18.751921 -68.241294 -80.848801 
31.352405 70.569523 62.571603 72.377174 15.250823 -36.264558 -11.348469 -81.622035 -40.025930 -53.055457 -57.286858 
65.831550 60.322219 49.395246 72.377174 17.250823 9.928189 -9.348469 -44.577422 -40.025930 -67.241294 -75.974035 
66.831550 59.322219 53.060176 74.377174 59.444857 9.928189 -11.348469 56.977168 -31.890379 -53.055457 -78.848801 
35.476840 60.322219 53.060176 73.377174 17.250823 -37.264558 -9.348469 -81.622035 -31.890379 -68.241294 -58.286858 
78.514931 60.322219 54.060176 74.377174 17.250823 -37.264558 -9.348469 -44.577422 -18.751921 -69.241294 -80.848801 
65.831550 60.322219 62.571603 74.377174 -31.978305 -37.264558 -9.348469 18.881396 -30.890379 -68.241294 -78.848801 
35.476840 60.322219 55.060176 73.377174 15.250823 9.928189 -90.907681 -81.622035 -31.890379 -69.241294 -79.848801 
65.831550 83.960405 53.060176 74.377174 17.250823 -38.264558 -89.907681 -81.622035 -18.751921 -53.055457 -76.974035 
31.352405 69.569523 56.060176 75.412032 17.250823 8.928189 -62.625023 -86.082091 -31.890379 -68.241294 -74.142648 
65.831550 59.322219 62.571603 74.377174 17.250823 -37.264558 -8.348469 -81.622035 -32.890379 -53.055457 -78.848801 
35.476840 60.322219 44.577685 72.377174 18.250823 8.928189 -62.625023 -86.082091 -40.025930 -69.241294 -78.848801 
65.831550 59.322219 48.395246 56.651360 17.250823 -37.264558 -11.348469 18.881396 -31.890379 -69.420862 -56.286858 
65.831550 60.322219 44.577685 72.377174 15.250823 -94.780986 -62.625023 -86.082091 -32.890379 -34.515478 -57.286858 
35.476840 70.569523 49.395246 74.377174 58.444857 -37.264558 -89.907681 -87.082091 -18.135287 -69.241294 -79.848801 
31.352405 83.960405 54.060176 74.412032 17.250823 -94.780986 -62.625023 -81.622035 -32.890379 -67.241294 -89.234885 
64.831550 83.960405 45.577685 70.684501 15.250823 -38.264558 -20.842909 -81.622035 -6.277751 -68.241294 -58.286858 
35.476840 69.569523 55.060176 73.377174 -31.978305 -36.264558 -20.842909 -45.577422 -31.890379 -68.241294 -74.142648 
35.476840 85.960405 44.577685 73.377174 17.250823 9.928189 -11.348469 -81.622035 -31.890379 -68.241294 -79.848801 
36.476840 70.569523 52.060176 74.377174 15.250823 -94.780986 -20.842909 18.881396 -40.025930 -68.241294 -57.286858 
85.986956 60.322219 53.060176 73.377174 17.250823 -38.264558 -12.348469 -81.622035 -38.025930 -71.881282 -97.086885 
35.476840 83.960405 49.395246 73.377174 15.250823 -37.264558 -63.625023 -93.472392 -7.277751 -53.055457 -55.286858 
34.476840 59.322219 46.577685 74.377174 17.250823 -37.264558 -63.625023 -93.472392 -18.135287 -53.055457 -97.086885 
65.831550 84.960405 54.060176 73.377174 16.250823 9.928189 -20.842909 -81.622035 -31.890379 -67.241294 -74.142648 
85.986956 58.322219 62.571603 74.412032 17.250823 -37.264558 -63.625023 -81.622035 -31.890379 -68.241294 -80.848801 
82.987772 71.569523 44.577685 73.377174 58.444857 -37.264558 -9.348469 -86.082091 -7.277751 -67.241294 -97.086885 
35.476840 60.322219 55.060176 73.377174 17.250823 -93.780986 -11.348469 -81.622035 -18.751921 -70.241294 -57.286858 
82.987772 70.569523 53.060176 76.412032 15.250823 -37.264558 -61.625023 54.977168 -19.198201 -68.241294 -56.286858 
31.352405 83.960405 44.577685 74.412032 58.444857 -37.264558 -63.625023 -80.622035 -31.890379 -68.241294 -89.234885 
65.831550 60.322219 49.395246 73.377174 -31.978305 8.928189 -11.348469 -80.622035 -31.890379 -70.241294 -57.286858 
85.986956 60.322219 49.395246 56.651360 -31.978305 8.928189 -88.907681 -44.577422 -32.890379 -69.241294 -79.848801 
31.352405 59.322219 61.571603 74.377174 15.250823 9.928189 -62.625023 -81.622035 -6.277751 -53.055457 -80.848801 
85.986956 60.322219 62.571603 74.412032 17.250823 9.928189 -63.625023 -86.082091 -31.890379 -34.515478 -57.286858 
65.831550 60.322219 44.577685 73.377174 58.444857 -37.264558 -62.625023 55.977168 -5.277751 -53.055457 -79.848801 
85.986956 59.322219 53.060176 56.651360 15.250823 -37.264558 -63.625023 18.881396 -31.890379 -69.241294 -57.286858 
31.352405 60.322219 47.395246 74.377174 -31.978305 -38.264558 -10.348469 -87.082091 -7.277751 -53.055457 -74.142648 
30.352405 59.322219 44.577685 75.412032 16.250823 -36.264558 -89.907681 -81.622035 -31.890379 -69.241294 -98.086885 
269990 620 63161
