31.352405 82.276192 27.307912 58.090667 -84.178768 -25.598592 -9.348469 -39.122299 -52.773218 -71.881282 -73.416695 
35.476840 86.189341 44.577685 70.208741 -79.043046 81.469429 -8.747304 -61.597268 -83.232898 -58.528803 -73.416695 
3.370533 73.181302 53.060176 83.691087 -24.075196 -94.780986 -15.758950 -71.259035 -21.198201 -70.420862 -45.695801 
85.986956 83.276192 25.980595 89.991414 -30.335730 -25.713923 18.804049 55.977168 -20.751921 -57.655201 -98.086885 
64.831550 81.522614 53.060176 52.927711 -95.298872 -94.780986 18.804049 -61.492977 -24.209217 -35.515478 -98.086885 
82.987772 81.276192 44.577685 98.587936 -35.307981 -37.264558 -87.907681 -87.082091 -21.198201 -30.271521 -74.142648 
35.476840 55.169175 44.577685 62.234079 -41.687573 -37.264558 -20.842909 55.977168 -21.198201 -3.336086 -74.142648 
85.986956 85.960405 49.395246 83.691087 17.250823 81.469429 70.543168 -93.472392 -83.232898 -62.787287 -88.234885 
55.742543 84.960405 54.060176 75.412032 59.908841 100.394786 11.984207 43.708567 -24.209217 -70.420862 -98.086885 
65.831550 81.522614 49.395246 87.842209 -30.335730 79.025729 -8.747304 -44.577422 -41.025930 -35.085550 -98.086885 
77.514931 85.960405 44.577685 52.927711 -84.178768 99.394786 -66.106714 -44.577422 -60.359049 -80.238964 -99.086885 
35.476840 98.874980 35.046410 48.328858 -27.825093 -25.713923 11.984207 -93.472392 -40.876247 -48.560884 -76.974035 
65.831550 51.834158 44.245754 75.412032 17.250823 79.025729 18.804049 -71.259035 -31.890379 -34.648054 -14.165533 
15.121500 73.181302 25.980595 89.991414 17.250823 9.928189 18.804049 -39.111471 -80.981331 -48.560884 -57.286858 
15.121500 82.276192 27.307912 73.377174 -31.978305 9.928189 -87.907681 -73.141438 -20.865279 -48.560884 -34.645379 
39.717392 27.441688 49.395246 98.587936 -67.718463 -25.598592 -74.838406 -87.082091 -24.209217 -48.560884 -98.086885 
77.514931 73.181302 64.571603 75.412032 30.738492 -37.264558 -63.018950 -44.577422 -30.779793 -48.560884 -98.086885 
3.370533 82.276192 25.980595 57.651360 -84.178768 20.384645 -21.842909 54.977168 -80.981331 -1.408322 -81.848801 
68.450239 61.034940 44.577685 97.217903 -35.307981 72.066557 -21.842909 -44.577422 -40.025930 -2.336086 -56.286858 
9.735698 56.169175 50.395246 74.377174 60.193053 -37.264558 -20.673564 -39.111471 -19.135287 -70.420862 -34.645379 
15.121500 55.169175 44.577685 48.328858 59.908841 51.310840 -87.907681 -61.597268 -21.198201 -35.515478 -56.286858 
38.884952 73.181302 27.307912 62.234079 -95.298872 9.928189 -20.842909 -79.405847 -21.198201 -96.944557 -45.695801 
85.986956 56.169175 64.788755 48.328858 -41.687573 -79.787086 11.984207 -39.111471 -80.981331 -57.655201 -74.142648 
81.987772 23.603417 63.571603 61.234079 -35.307981 -24.598592 -7.747304 -44.577422 -21.198201 -57.655201 -75.974035 
68.335202 70.631967 49.395246 61.234079 -69.887951 9.928189 18.804049 44.708567 -78.724455 -53.055457 -57.286858 
68.450239 94.463140 35.525781 52.927711 17.250823 99.394786 -63.018950 54.977168 -83.232898 -96.692396 -46.932042 
67.603161 82.276192 44.577685 50.879338 59.908841 99.394786 -9.348469 -87.082091 -30.779793 -35.515478 -74.142648 
69.450239 69.569523 49.395246 71.250869 -35.307981 -47.056829 -20.842909 -58.372279 -83.232898 -35.515478 -57.286858 
65.977305 69.569523 43.245754 75.412032 59.908841 51.310840 71.543168 -93.472392 -80.981331 -48.560884 -46.932042 
91.741078 73.181302 45.577685 69.684501 59.908841 -47.056829 75.206187 -67.711656 -6.708179 -57.655201 -44.215317 
15.121500 84.960405 27.307912 69.684501 -41.687573 81.469429 11.984207 -68.349789 -31.890379 -30.271521 -83.253017 
15.121500 25.228485 44.245754 83.691087 -84.178768 81.469429 18.804049 -79.405847 -18.135287 -62.787287 -88.234885 
68.335202 74.181302 44.577685 62.234079 -32.540921 51.310840 -20.842909 -87.082091 -78.724455 -2.170767 -46.932042 
2.370533 69.569523 49.395246 83.691087 -30.335730 -25.598592 -62.625023 -58.372279 -80.129289 -62.787287 -75.974035 
65.831550 92.493433 32.043505 48.328858 -41.687573 -25.713923 -63.018950 55.977168 -40.025930 -35.515478 -80.848801 
55.742543 73.181302 53.060176 69.684501 -32.540921 51.310840 -62.625023 -79.405847 -29.779793 -35.515478 -44.215317 
39.717392 73.181302 53.060176 62.234079 17.250823 100.394786 -62.625023 -93.472392 -21.198201 -96.944557 -55.832141 
3.370533 85.960405 49.395246 97.217903 59.908841 100.394786 -7.900047 -93.472392 -30.779793 -96.944557 -75.974035 
39.717392 85.960405 53.060176 98.587936 59.908841 100.394786 71.543168 -58.372279 -20.751921 -58.528803 -89.499739 
65.069894 84.960405 49.395246 50.879338 -54.248180 9.928189 18.804049 -93.472392 -21.198201 -48.560884 -46.932042 
3.370533 25.228485 35.046410 45.811423 -24.075196 9.928189 -16.758950 -39.111471 -31.890379 -30.271521 -97.086885 
65.069894 96.544724 71.313470 75.412032 59.908841 13.741415 -74.838406 -78.622035 -7.277751 -62.787287 -88.234885 
64.831550 56.169175 63.571603 61.234079 30.738492 81.469429 -47.629475 -38.111471 -40.025930 -48.560884 -88.499739 
69.450239 56.169175 44.245754 73.377174 -31.978305 99.394786 -47.629475 -39.111471 -33.255556 -34.648054 -88.499739 
68.450239 99.874980 54.060176 37.038844 17.250823 100.394786 -66.106714 -68.349789 -59.359049 -35.648054 -74.142648 
3.370533 54.501164 53.060176 73.377174 -30.335730 20.384645 -47.629475 86.171016 -78.724455 -70.420862 -82.253017 
68.335202 25.603417 49.395246 75.412032 17.250823 -47.056829 -62.625023 -93.472392 -21.198201 -62.189091 -57.286858 
64.831550 73.181302 49.395246 61.234079 30.738492 39.944418 -50.102175 -93.472392 -40.876247 -62.189091 -55.832141 
9.735698 73.181302 44.577685 52.927711 -84.469305 81.469429 18.804049 -44.577422 -20.865279 -48.560884 -74.142648 
68.450239 73.181302 44.245754 73.377174 30.738492 19.384645 -50.102175 54.977168 -52.773218 -70.420862 -46.932042 
65.831550 56.169175 28.375005 75.412032 -84.178768 -25.598592 -87.907681 -66.711656 -17.751921 -58.528803 -98.086885 
9.735698 55.169175 53.060176 73.377174 60.193053 -25.598592 -64.018950 -93.472392 -7.277751 -2.170767 -22.764237 
64.831550 25.603417 49.395246 83.691087 58.908841 79.025729 -62.625023 -39.111471 -30.779793 -68.241294 -88.234885 
65.831550 23.603417 45.577685 83.691087 -27.693584 -25.598592 11.984207 -71.259035 -78.724455 -48.560884 -35.645379 
63.831550 73.181302 64.662000 61.234079 59.444857 -79.787086 18.804049 -45.577422 -6.708179 -9.019786 -55.521183 
2.370533 86.189341 45.577685 61.234079 -61.842676 -37.264558 11.984207 -61.492977 -30.779793 -53.055457 -83.253017 
31.352405 81.522614 71.313470 89.991414 17.250823 -37.264558 18.804049 -93.472392 -80.129289 -48.560884 -75.974035 
3.370533 23.603417 44.577685 73.377174 -61.842676 -79.787086 -9.747304 54.977168 -91.797672 -68.241294 -14.165533 
85.986956 82.522614 44.577685 69.684501 -54.248180 -25.598592 70.543168 -87.082091 -7.277751 -53.055457 -88.234885 
68.450239 82.522614 63.571603 73.377174 17.250823 -94.780986 -15.758950 44.708567 -6.708179 -92.356581 -57.286858 
63.260105 73.181302 44.577685 61.234079 59.908841 99.394786 10.984207 -87.082091 -81.129289 -35.515478 -50.569305 
77.514931 84.960405 45.577685 73.377174 60.193053 81.469429 -21.842909 -78.622035 -7.277751 -83.241876 -88.234885 
81.987772 50.769330 44.245754 73.377174 30.738492 82.469781 18.804049 -87.082091 -81.129289 -96.944557 -56.286858 
16.121500 73.181302 44.245754 57.570226 18.250823 -26.598592 -47.629475 55.977168 -7.277751 -62.787287 -14.165533 
65.831550 51.834158 44.245754 75.412032 -54.248180 100.394786 70.543168 -79.622035 -80.129289 -10.019786 -89.234885 
43.144920 82.276192 44.245754 52.927711 -79.043046 -25.598592 -8.747304 18.485867 -30.779793 -68.241294 -34.816327 
39.717392 61.034940 52.060176 70.208741 60.193053 51.310840 18.804049 -93.472392 -89.972504 -47.560884 -89.499739 
81.987772 51.834158 44.245754 83.691087 -84.178768 9.928189 -62.625023 -73.141438 -19.135287 -48.560884 -88.234885 
63.260105 59.322219 45.577685 73.377174 60.193053 -47.056829 11.984207 55.977168 -24.209217 -96.944557 -47.932042 
55.742543 55.649343 43.245754 98.587936 -31.978305 81.469429 -10.348469 -87.082091 -91.797672 -68.241294 -46.932042 
15.121500 86.189341 45.577685 71.250869 -30.335730 69.258055 11.984207 18.788501 -21.198201 -70.420862 -46.345625 
68.450239 25.228485 32.043505 75.412032 -96.298872 -47.056829 -9.747304 -62.492977 -21.198201 -34.648054 -55.521183 
65.831550 69.569523 53.060176 61.234079 60.193053 51.310840 -8.747304 -39.111471 -17.751921 -70.420862 -73.416695 
55.742543 61.034940 64.571603 82.691087 -41.687573 100.394786 -9.348469 44.708567 -40.025930 -63.787287 -98.086885 
68.450239 84.960405 53.060176 73.377174 -35.307981 9.928189 -62.625023 -72.259035 -73.634140 -35.515478 -98.086885 
39.717392 96.544724 53.060176 69.684501 60.193053 -25.598592 -75.838406 -79.405847 -21.198201 -34.648054 -50.569305 
15.121500 85.960405 53.060176 89.991414 17.250823 -47.056829 18.804049 87.171016 -80.981331 -48.560884 -74.142648 
9.735698 82.276192 44.577685 98.587936 -54.248180 -25.598592 71.543168 -68.349789 -30.779793 -53.055457 -54.810485 
15.121500 56.169175 49.395246 50.879338 59.444857 51.310840 -74.838406 -87.082091 -83.232898 -2.170767 -46.932042 
85.986956 92.493433 49.395246 57.651360 -54.248180 79.025729 11.984207 18.881396 -83.232898 -2.170767 -57.286858 
31.352405 56.169175 44.245754 91.943177 59.444857 -37.264558 -22.842909 -44.577422 -33.255556 -30.271521 -57.286858 
64.831550 82.276192 49.395246 52.927711 -84.178768 39.944418 -87.907681 54.977168 -83.232898 -53.055457 -46.345625 
39.717392 59.322219 53.060176 89.991414 -78.043046 -40.734745 18.804049 -40.111471 -21.198201 -48.560884 -88.234885 
39.717392 27.441688 53.060176 57.651360 -30.335730 -37.264558 -15.758950 44.708567 -21.198201 -62.787287 -14.165533 
91.741078 50.769330 45.577685 49.328858 60.193053 81.469429 19.804049 -44.577422 -30.779793 -81.238964 -34.816327 
68.450239 73.181302 44.245754 75.412032 59.444857 79.025729 -87.907681 -68.349789 -83.232898 -70.420862 -75.974035 
55.742543 86.189341 49.395246 61.234079 -24.075196 10.863745 -62.625023 -39.111471 -6.708179 -70.420862 -56.286858 
65.831550 84.960405 44.245754 75.412032 30.738492 -25.598592 -9.747304 -93.472392 -40.025930 -92.356581 -88.234885 
81.987772 25.228485 35.046410 71.250869 60.908841 -94.780986 71.543168 55.977168 -91.797672 -70.420862 -32.105349 
66.977305 50.769330 26.980595 52.927711 -32.540921 79.025729 -21.842909 -73.141438 -40.025930 -83.241876 -56.286858 
65.831550 96.544724 44.577685 89.991414 -35.307981 10.863745 -20.673564 54.977168 -99.295355 -47.560884 -74.142648 
65.831550 41.719988 49.395246 67.396498 17.250823 -79.787086 18.804049 -71.259035 -17.751921 -96.944557 -88.499739 
15.121500 84.960405 53.060176 73.377174 -30.335730 52.310840 18.804049 54.977168 -29.779793 -3.170767 -89.499739 
31.352405 73.181302 44.245754 61.234079 -84.178768 -26.598592 -63.018950 -44.577422 -21.198201 -62.787287 -98.086885 
85.986956 73.181302 53.060176 73.377174 -32.540921 51.310840 -63.018950 18.881396 -30.779793 -10.019786 -46.932042 
35.476840 96.544724 22.753380 75.412032 -25.075196 9.928189 18.804049 -39.111471 -19.135287 -62.787287 -55.832141 
85.986956 69.569523 63.571603 89.991414 -31.978305 69.258055 -9.348469 -79.622035 -6.708179 -48.560884 -79.848801 
9.735698 86.189341 45.577685 37.038844 30.738492 -35.264558 -87.907681 44.708567 -78.724455 -83.241876 -57.286858 
55.742543 61.034940 27.307912 98.587936 -95.298872 69.258055 -20.842909 -80.622035 -18.751921 -22.072272 -88.499739 
65.069894 100.874980 27.307912 37.038844 -31.978305 79.025729 18.804049 72.708514 -83.232898 -10.019786 -54.810485 
3.370533 86.189341 43.245754 61.234079 30.738492 9.928189 -66.106714 -71.259035 -6.708179 -1.408322 -50.435982 
68.450239 82.276192 53.060176 71.250869 17.250823 82.469781 18.804049 -68.349789 -99.295355 -62.787287 -74.142648 
65.069894 54.501164 53.060176 73.377174 -61.842676 69.258055 -8.747304 -71.259035 -83.232898 -2.170767 -36.712973 
67.603161 25.603417 43.245754 48.328858 -30.335730 69.258055 -62.625023 -87.082091 -6.708179 -48.560884 -88.499739 
3.370533 25.228485 32.043505 75.412032 59.908841 82.469781 71.543168 44.708567 -6.708179 -35.515478 -57.286858 
64.831550 56.169175 71.313470 98.587936 -95.298872 -79.787086 -8.747304 -38.111471 -80.981331 -2.170767 -98.086885 
68.450239 73.181302 64.788755 61.234079 -95.298872 -37.264558 11.984207 -87.082091 -80.129289 -53.055457 -73.416695 
9.735698 73.181302 49.395246 37.038844 -84.178768 -94.780986 12.984207 -93.472392 -80.129289 -35.648054 -80.848801 
39.717392 56.169175 45.577685 95.976888 -30.335730 -47.056829 -21.842909 -85.677118 -99.295355 -58.528803 -0.782683 
39.717392 55.649343 53.060176 71.250869 60.193053 69.258055 11.984207 -57.267637 -60.359049 -96.944557 -88.499739 
64.831550 96.544724 44.245754 50.879338 60.193053 20.384645 -50.102175 -79.405847 -19.135287 -96.944557 -88.499739 
64.831550 96.544724 25.980595 61.234079 17.250823 -37.264558 -15.758950 -61.597268 -30.779793 -96.944557 -46.932042 
64.831550 55.169175 44.577685 85.907324 -54.248180 79.025729 -21.842909 -39.111471 -90.797672 -80.344172 -98.086885 
65.069894 55.169175 49.395246 69.684501 -84.178768 99.394786 -74.838406 44.708567 -81.129289 -62.787287 -98.086885 
9.735698 82.276192 44.577685 45.811423 -54.248180 -37.264558 11.984207 -44.577422 -30.779793 -62.787287 -46.932042 
9.735698 73.181302 53.060176 71.250869 16.250823 -79.787086 -7.050999 -93.472392 -78.724455 -93.971608 -88.234885 
55.742543 55.649343 63.571603 75.412032 -35.307981 69.258055 -51.102175 -73.141438 -40.025930 -10.019786 -50.435982 
67.603161 27.441688 45.577685 75.412032 -84.469305 79.025729 -62.788452 -39.111471 -60.359049 -30.271521 -54.810485 
82.987772 25.228485 43.245754 75.412032 -24.075196 -38.264558 -62.625023 54.977168 -59.608920 -48.560884 -55.832141 
63.260105 85.189341 44.577685 85.907324 59.444857 69.258055 18.804049 55.977168 -59.608920 -35.515478 -98.086885 
67.603161 84.960405 44.245754 71.250869 30.738492 -37.264558 -50.102175 44.708567 -20.865279 -2.336086 -74.142648 
65.831550 84.960405 35.525781 37.038844 -24.075196 39.944418 -8.747304 -73.141438 -59.608920 -70.420862 -57.286858 
65.069894 56.169175 27.307912 57.570226 -96.298872 79.025729 -20.842909 -39.111471 -25.209217 -68.241294 -45.695801 
35.476840 50.769330 44.577685 37.038844 -96.298872 9.928189 -10.348469 54.977168 -60.359049 -35.515478 -56.286858 
55.742543 73.181302 24.980595 73.377174 60.193053 81.469429 -8.747304 -85.677118 -80.129289 -2.170767 -36.712973 
35.476840 51.834158 32.043505 45.811423 -31.540921 19.384645 -8.747304 -57.267637 -21.198201 -34.648054 -73.416695 
64.831550 51.834158 44.245754 83.691087 -30.335730 -25.598592 11.984207 -39.111471 -40.025930 -35.515478 -98.086885 
68.335202 92.493433 44.577685 73.377174 17.250823 81.469429 -87.907681 -71.259035 -19.135287 -34.648054 -74.142648 
140110 940 33682
