65.831550 84.960405 53.060176 73.377174 16.250823 -36.264558 -9.348469 -79.622035 -31.890379 -69.241294 -72.142648 
64.831550 69.569523 54.060176 73.377174 18.250823 -36.264558 -21.842909 -80.622035 -32.890379 -67.241294 -76.974035 
65.831550 69.569523 56.060176 73.377174 16.250823 -36.264558 -9.348469 -87.082091 -31.890379 -68.241294 -77.974035 
64.831550 69.569523 53.060176 75.377174 18.250823 -38.264558 -7.348469 -86.082091 -32.890379 -67.241294 -77.974035 
63.831550 86.960405 53.060176 73.377174 18.250823 -35.264558 -11.348469 54.977168 -32.890379 -69.241294 -58.286858 
65.831550 69.569523 53.060176 75.377174 17.250823 -36.264558 -63.625023 -79.622035 -32.890379 -68.241294 -57.286858 
65.831550 69.569523 54.060176 75.377174 19.250823 -36.264558 -9.348469 -79.622035 -19.751921 -68.241294 -77.974035 
35.476840 70.569523 55.060176 73.377174 16.250823 -38.264558 -11.348469 -80.622035 -31.890379 -66.241294 -57.286858 
64.831550 58.322219 53.060176 73.377174 17.250823 -37.264558 -8.348469 -43.577422 -32.890379 -67.241294 -76.974035 
31.352405 69.569523 53.060176 75.377174 18.250823 -35.264558 -9.348469 -85.082091 -32.890379 -68.241294 -57.286858 
65.831550 58.322219 53.060176 73.377174 12.250823 -93.780986 -20.842909 -43.577422 -32.890379 -50.055457 -73.142648 
64.831550 80.960405 53.060176 73.377174 14.250823 9.928189 -11.348469 -80.622035 -30.890379 -66.241294 -73.142648 
64.831550 84.960405 53.060176 73.377174 16.250823 -36.264558 -9.348469 54.977168 -31.890379 -68.241294 -57.286858 
65.831550 69.569523 54.060176 75.377174 16.250823 -37.264558 -11.348469 -81.622035 -31.890379 -68.241294 -71.142648 
64.831550 70.569523 53.060176 75.377174 16.250823 -37.264558 -9.348469 16.881396 -31.890379 -68.241294 -73.142648 
65.831550 69.569523 52.060176 72.377174 12.250823 8.928189 -9.348469 -80.622035 -31.890379 -68.241294 -80.848801 
64.831550 69.569523 53.060176 74.377174 17.250823 -35.264558 -7.348469 -80.622035 -32.890379 -66.241294 -79.848801 
63.831550 83.960405 54.060176 72.377174 17.250823 8.928189 -62.625023 -43.577422 -32.890379 -68.241294 -57.286858 
65.831550 69.569523 55.060176 75.377174 18.250823 -36.264558 -63.625023 -86.082091 -32.890379 -68.241294 -80.848801 
65.831550 69.569523 53.060176 74.377174 12.250823 -36.264558 -63.625023 -86.082091 -6.277751 -68.241294 -79.848801 
65.831550 69.569523 54.060176 74.377174 16.250823 -37.264558 -11.348469 16.881396 -31.890379 -66.241294 -72.142648 
31.352405 85.960405 52.060176 75.377174 19.250823 9.928189 -63.625023 16.881396 -30.890379 -69.241294 -77.974035 
66.831550 69.569523 53.060176 73.377174 16.250823 -36.264558 -11.348469 -79.622035 -31.890379 -68.241294 -57.286858 
66.831550 70.569523 53.060176 73.377174 18.250823 9.928189 -11.348469 -79.622035 -31.890379 -67.241294 -57.286858 
64.831550 58.322219 53.060176 73.377174 17.250823 -36.264558 -11.348469 -79.622035 -32.890379 -68.241294 -74.142648 
64.831550 81.960405 54.060176 75.377174 17.250823 -38.264558 -8.348469 -83.622035 -33.890379 -69.241294 -79.848801 
64.831550 69.569523 53.060176 75.377174 17.250823 -36.264558 -11.348469 16.881396 -32.890379 -68.241294 -78.848801 
65.831550 58.322219 55.060176 73.377174 19.250823 8.928189 -11.348469 16.881396 -31.890379 -68.241294 -76.974035 
64.831550 86.960405 53.060176 73.377174 17.250823 -36.264558 -8.348469 54.977168 -31.890379 -69.241294 -76.974035 
35.476840 81.960405 54.060176 75.377174 19.250823 -37.264558 -11.348469 -81.622035 -32.890379 -68.241294 -57.286858 
64.831550 69.569523 53.060176 73.377174 16.250823 -94.780986 -8.348469 16.881396 -31.890379 -51.055457 -80.848801 
64.831550 69.569523 53.060176 73.377174 19.250823 9.928189 -21.842909 -43.577422 -32.890379 -68.241294 -77.974035 
64.831550 58.322219 54.060176 73.377174 19.250823 -37.264558 -9.348469 -87.082091 -32.890379 -68.241294 -72.142648 
65.831550 81.960405 54.060176 71.377174 18.250823 8.928189 -11.348469 -87.082091 -31.890379 -67.241294 -57.286858 
64.831550 69.569523 54.060176 73.377174 16.250823 -36.264558 -11.348469 -43.577422 -32.890379 -51.055457 -76.974035 
64.831550 58.322219 53.060176 75.377174 16.250823 8.928189 -20.842909 -79.622035 -31.890379 -51.055457 -80.848801 
65.831550 84.960405 53.060176 73.377174 16.250823 -37.264558 -11.348469 -81.622035 -19.751921 -70.241294 -79.848801 
64.831550 71.569523 53.060176 74.377174 17.250823 9.928189 -9.348469 16.881396 -31.890379 -69.241294 -76.974035 
64.831550 69.569523 53.060176 73.377174 18.250823 8.928189 -11.348469 -85.082091 -32.890379 -68.241294 -79.848801 
31.352405 69.569523 53.060176 73.377174 17.250823 8.928189 -20.842909 -42.577422 -19.751921 -67.241294 -57.286858 
64.831550 58.322219 55.060176 75.377174 18.250823 -36.264558 -11.348469 -79.622035 -32.890379 -68.241294 -57.286858 
63.831550 57.322219 53.060176 75.377174 18.250823 -38.264558 -89.907681 54.977168 -31.890379 -68.241294 -77.974035 
35.476840 69.569523 55.060176 73.377174 17.250823 8.928189 -8.348469 -86.082091 -32.890379 -68.241294 -72.142648 
65.831550 58.322219 56.060176 75.377174 18.250823 -36.264558 -9.348469 54.977168 -31.890379 -51.055457 -76.974035 
64.831550 69.569523 53.060176 72.377174 19.250823 -94.780986 -20.842909 -44.577422 -32.890379 -69.241294 -76.974035 
64.831550 81.960405 53.060176 74.377174 17.250823 -37.264558 -11.348469 -43.577422 -32.890379 -68.241294 -76.974035 
64.831550 69.569523 53.060176 56.651360 17.250823 -38.264558 -63.625023 14.881396 -32.890379 -68.241294 -77.974035 
64.831550 69.569523 55.060176 73.377174 18.250823 -36.264558 -63.625023 -80.622035 -19.751921 -68.241294 -57.286858 
64.831550 81.960405 53.060176 75.377174 17.250823 -37.264558 -8.348469 16.881396 -32.890379 -51.055457 -76.974035 
65.831550 69.569523 53.060176 75.377174 18.250823 -35.264558 -63.625023 16.881396 -32.890379 -69.241294 -72.142648 
65.831550 69.569523 53.060176 75.377174 17.250823 -35.264558 -90.907681 16.881396 -31.890379 -67.241294 -73.142648 
64.831550 69.569523 54.060176 73.377174 17.250823 -36.264558 -63.625023 16.881396 -19.751921 -68.241294 -79.848801 
64.831550 58.322219 53.060176 75.377174 18.250823 -93.780986 -8.348469 -79.622035 -31.890379 -69.241294 -57.286858 
65.831550 86.960405 55.060176 75.377174 18.250823 8.928189 -8.348469 15.881396 -32.890379 -67.241294 -79.848801 
64.831550 69.569523 56.060176 75.377174 17.250823 -93.780986 -11.348469 54.977168 -31.890379 -68.241294 -79.848801 
31.352405 70.569523 53.060176 75.377174 17.250823 -35.264558 -11.348469 16.881396 -31.890379 -68.241294 -57.286858 
64.831550 69.569523 53.060176 73.377174 16.250823 -36.264558 -21.842909 -80.622035 -31.890379 -67.241294 -58.286858 
65.831550 58.322219 53.060176 73.377174 16.250823 -38.264558 -8.348469 54.977168 -6.277751 -69.241294 -77.974035 
65.831550 58.322219 53.060176 73.377174 16.250823 -36.264558 -11.348469 -80.622035 -32.890379 -69.241294 -76.974035 
31.352405 69.569523 53.060176 73.377174 16.250823 9.928189 -8.348469 16.881396 -31.890379 -68.241294 -57.286858 
64.831550 69.569523 53.060176 75.377174 16.250823 -36.264558 -9.348469 53.977168 -6.277751 -67.241294 -76.974035 
64.831550 58.322219 53.060176 73.377174 18.250823 -36.264558 -11.348469 15.881396 -32.890379 -69.241294 -79.848801 
63.831550 69.569523 53.060176 74.377174 17.250823 -36.264558 -9.348469 -43.577422 -32.890379 -51.055457 -80.848801 
65.831550 58.322219 55.060176 75.377174 18.250823 -36.264558 -9.348469 -44.577422 -33.890379 -50.055457 -77.974035 
65.831550 69.569523 53.060176 75.377174 13.250823 -37.264558 -9.348469 54.977168 -32.890379 -68.241294 -57.286858 
65.831550 58.322219 53.060176 73.377174 17.250823 8.928189 -9.348469 -80.622035 -32.890379 -68.241294 -77.974035 
64.831550 58.322219 55.060176 73.377174 18.250823 8.928189 -11.348469 15.881396 -32.890379 -68.241294 -76.974035 
65.831550 69.569523 53.060176 75.377174 16.250823 -37.264558 -7.348469 -83.622035 -32.890379 -70.241294 -57.286858 
64.831550 69.569523 53.060176 75.377174 18.250823 -35.264558 -63.625023 -79.622035 -32.890379 -68.241294 -73.142648 
64.831550 69.569523 53.060176 73.377174 16.250823 -36.264558 -8.348469 54.977168 -32.890379 -68.241294 -57.286858 
65.831550 69.569523 53.060176 74.377174 19.250823 7.928189 -89.907681 15.881396 -32.890379 -68.241294 -73.142648 
64.831550 69.569523 55.060176 74.377174 17.250823 -93.780986 -9.348469 -82.622035 -32.890379 -68.241294 -73.142648 
31.352405 69.569523 54.060176 75.377174 18.250823 -36.264558 -9.348469 -86.082091 -31.890379 -68.241294 -77.974035 
65.831550 69.569523 53.060176 75.377174 18.250823 -37.264558 -63.625023 -79.622035 -32.890379 -69.241294 -57.286858 
65.831550 58.322219 53.060176 75.377174 17.250823 -36.264558 -11.348469 -43.577422 -31.890379 -69.241294 -76.974035 
35.476840 58.322219 55.060176 75.377174 18.250823 -38.264558 -20.842909 -87.082091 -19.751921 -68.241294 -76.974035 
35.476840 69.569523 54.060176 73.377174 17.250823 8.928189 -90.907681 16.881396 -6.277751 -69.241294 -77.974035 
64.831550 58.322219 53.060176 74.377174 15.250823 -36.264558 -10.348469 16.881396 -32.890379 -69.241294 -58.286858 
64.831550 69.569523 54.060176 73.377174 17.250823 8.928189 -8.348469 -80.622035 -5.277751 -68.241294 -57.286858 
64.831550 69.569523 54.060176 75.377174 16.250823 -94.780986 -18.842909 -82.622035 -32.890379 -68.241294 -57.286858 
64.831550 69.569523 54.060176 75.377174 17.250823 -35.264558 -63.625023 -86.082091 -31.890379 -70.241294 -76.974035 
65.831550 58.322219 53.060176 72.377174 17.250823 8.928189 -9.348469 -83.622035 -19.751921 -68.241294 -57.286858 
65.831550 83.960405 56.060176 75.377174 16.250823 8.928189 -8.348469 -81.622035 -5.277751 -67.241294 -57.286858 
64.831550 70.569523 53.060176 73.377174 17.250823 8.928189 -8.348469 -87.082091 -31.890379 -67.241294 -76.974035 
31.352405 69.569523 55.060176 73.377174 19.250823 8.928189 -63.625023 -82.622035 -6.277751 -69.241294 -77.974035 
65.831550 69.569523 53.060176 73.377174 17.250823 9.928189 -63.625023 -80.622035 -31.890379 -51.055457 -57.286858 
63.831550 69.569523 55.060176 73.377174 16.250823 -37.264558 -63.625023 54.977168 -32.890379 -67.241294 -58.286858 
64.831550 69.569523 55.060176 73.377174 18.250823 -35.264558 -7.348469 -80.622035 -31.890379 -51.055457 -72.142648 
65.831550 86.960405 53.060176 74.377174 18.250823 -93.780986 -11.348469 -81.622035 -6.277751 -68.241294 -72.142648 
62.831550 70.569523 55.060176 73.377174 18.250823 -36.264558 -12.348469 16.881396 -32.890379 -50.055457 -57.286858 
67.831550 58.322219 54.060176 73.377174 18.250823 -93.780986 -9.348469 -79.622035 -32.890379 -69.241294 -58.286858 
65.831550 69.569523 54.060176 73.377174 17.250823 -35.264558 -63.625023 -85.082091 -31.890379 -51.055457 -57.286858 
65.831550 69.569523 54.060176 73.377174 18.250823 -94.780986 -88.907681 15.881396 -6.277751 -69.241294 -73.142648 
65.831550 69.569523 53.060176 73.377174 19.250823 9.928189 -11.348469 -87.082091 -31.890379 -68.241294 -76.974035 
64.831550 56.322219 53.060176 75.377174 19.250823 -35.264558 -9.348469 -82.622035 -32.890379 -69.241294 -57.286858 
64.831550 58.322219 54.060176 73.377174 16.250823 -36.264558 -12.348469 -82.622035 -30.890379 -69.241294 -77.974035 
35.476840 83.960405 53.060176 73.377174 14.250823 8.928189 -20.842909 -79.622035 -31.890379 -51.055457 -76.974035 
35.476840 58.322219 55.060176 74.377174 18.250823 9.928189 -8.348469 54.977168 -30.890379 -69.241294 -72.142648 
64.831550 81.960405 53.060176 73.377174 17.250823 8.928189 -12.348469 -86.082091 -32.890379 -68.241294 -57.286858 
65.831550 58.322219 53.060176 74.377174 16.250823 -38.264558 -11.348469 -79.622035 -32.890379 -69.241294 -78.848801 
65.831550 58.322219 54.060176 73.377174 18.250823 8.928189 -8.348469 -43.577422 -32.890379 -68.241294 -79.848801 
64.831550 69.569523 52.060176 75.377174 18.250823 -36.264558 -8.348469 15.881396 -19.751921 -68.241294 -79.848801 
64.831550 69.569523 53.060176 75.377174 18.250823 -37.264558 -20.842909 -85.082091 -31.890379 -68.241294 -79.848801 
64.831550 58.322219 53.060176 73.377174 17.250823 8.928189 -63.625023 -83.622035 -32.890379 -68.241294 -57.286858 
65.831550 59.322219 55.060176 73.377174 19.250823 -36.264558 -9.348469 -80.622035 -32.890379 -69.241294 -76.974035 
65.831550 69.569523 55.060176 73.377174 16.250823 -37.264558 -9.348469 -80.622035 -32.890379 -51.055457 -57.286858 
64.831550 71.569523 55.060176 55.651360 18.250823 8.928189 -11.348469 -80.622035 -31.890379 -68.241294 -57.286858 
64.831550 84.960405 55.060176 74.377174 18.250823 -94.780986 -8.348469 15.881396 -31.890379 -51.055457 -58.286858 
65.831550 69.569523 53.060176 73.377174 18.250823 -37.264558 -8.348469 -80.622035 -32.890379 -68.241294 -79.848801 
63.831550 69.569523 54.060176 73.377174 17.250823 -36.264558 -89.907681 16.881396 -5.277751 -70.241294 -73.142648 
35.476840 83.960405 55.060176 72.377174 18.250823 -36.264558 -7.348469 -80.622035 -6.277751 -69.241294 -58.286858 
65.831550 58.322219 53.060176 73.377174 18.250823 -93.780986 -20.842909 16.881396 -31.890379 -68.241294 -71.142648 
65.831550 69.569523 53.060176 73.377174 18.250823 9.928189 -8.348469 -82.622035 -32.890379 -68.241294 -73.142648 
65.831550 70.569523 55.060176 72.377174 18.250823 -36.264558 -7.348469 -79.622035 -31.890379 -68.241294 -73.142648 
66.831550 84.960405 62.571603 75.377174 18.250823 -37.264558 -11.348469 -86.082091 -31.890379 -68.241294 -76.974035 
63.831550 59.322219 53.060176 75.377174 16.250823 -37.264558 -11.348469 16.881396 -31.890379 -68.241294 -57.286858 
65.831550 58.322219 53.060176 73.377174 19.250823 -37.264558 -9.348469 -81.622035 -32.890379 -69.241294 -58.286858 
64.831550 82.960405 55.060176 75.377174 18.250823 8.928189 -11.348469 -86.082091 -32.890379 -68.241294 -77.974035 
31.352405 69.569523 53.060176 75.377174 17.250823 -37.264558 -9.348469 16.881396 -6.277751 -69.241294 -57.286858 
65.831550 69.569523 62.571603 75.377174 16.250823 -35.264558 -63.625023 -79.622035 -32.890379 -69.241294 -79.848801 
64.831550 86.960405 53.060176 75.377174 16.250823 -38.264558 -63.625023 -80.622035 -31.890379 -68.241294 -57.286858 
67.831550 58.322219 52.060176 73.377174 16.250823 -35.264558 -19.842909 -87.082091 -31.890379 -68.241294 -58.286858 
64.831550 71.569523 53.060176 75.377174 18.250823 8.928189 -8.348469 -79.622035 -7.277751 -70.241294 -58.286858 
65.831550 81.960405 53.060176 73.377174 16.250823 -36.264558 -9.348469 54.977168 -6.277751 -67.241294 -72.142648 
31.352405 58.322219 53.060176 75.377174 16.250823 -37.264558 -63.625023 -86.082091 -32.890379 -69.241294 -73.142648 
64.831550 69.569523 54.060176 75.377174 12.250823 -36.264558 -9.348469 -81.622035 -32.890379 -69.241294 -80.848801 
65.831550 71.569523 53.060176 74.377174 18.250823 -36.264558 -7.348469 15.881396 -32.890379 -68.241294 -57.286858 
64.831550 70.569523 53.060176 73.377174 17.250823 8.928189 -9.348469 15.881396 -32.890379 -68.241294 -58.286858 
266720 690 79570
