39.717392 83.276192 54.060176 44.811423 15.250823 51.310840 -63.625023 18.881396 -31.890379 -53.055457 -73.416695 
65.831550 72.181302 45.245754 73.377174 15.250823 -94.780986 18.804049 -80.622035 -7.277751 -35.515478 -90.234885 
9.735698 84.960405 49.395246 75.412032 17.250823 -47.056829 -20.842909 -44.577422 -98.295355 -82.241876 -89.234885 
77.514931 82.276192 49.395246 73.377174 -30.978305 69.258055 -15.758950 -80.622035 -21.198201 -53.055457 -73.416695 
81.987772 55.649343 63.571603 57.651360 59.444857 51.310840 19.804049 -80.622035 -99.295355 -68.241294 -79.848801 
65.831550 83.960405 45.577685 83.691087 -31.978305 -37.264558 -8.348469 -81.622035 -20.198201 -35.515478 -88.234885 
2.370533 85.960405 52.060176 73.377174 -55.248180 -38.264558 -14.758950 -79.405847 -80.129289 -54.055457 -98.086885 
55.742543 68.569523 45.577685 82.691087 18.250823 51.310840 11.984207 -81.622035 -24.209217 -53.055457 -97.086885 
85.986956 69.569523 45.577685 74.412032 15.250823 51.310840 -88.907681 -93.472392 -30.779793 -68.241294 -79.848801 
35.476840 59.322219 49.395246 89.991414 -27.693584 69.258055 -51.102175 -44.577422 -7.277751 -53.055457 -87.234885 
35.476840 85.960405 63.571603 75.412032 59.444857 68.258055 11.984207 -87.082091 -39.025930 -83.241876 -74.974035 
54.742543 60.322219 46.577685 83.691087 -31.978305 81.469781 -87.907681 -93.472392 -7.277751 -72.881282 -80.848801 
68.335202 69.569523 54.060176 73.377174 -32.978305 81.469781 -62.625023 18.881396 -19.135287 -68.241294 -57.286858 
77.514931 55.649343 53.060176 73.377174 17.250823 69.258055 -87.907681 -73.141438 -19.135287 -30.271521 -56.832141 
85.986956 85.960405 44.577685 73.377174 -41.687573 81.469781 18.804049 -81.622035 -31.890379 -68.241294 -89.234885 
3.370533 82.276192 43.577685 57.651360 17.250823 52.310840 -9.348469 -88.082091 -98.295355 -2.170767 -89.499739 
82.987772 83.960405 50.395246 73.377174 16.250823 69.258055 -63.625023 -79.405847 -8.277751 -83.241876 -58.286858 
31.352405 69.569523 54.060176 75.412032 17.250823 80.469429 -62.625023 -79.405847 -99.295355 -47.560884 -74.974035 
35.476840 83.960405 54.060176 69.684501 59.444857 -94.780986 18.804049 55.977168 -80.129289 -71.881282 -98.086885 
39.717392 73.181302 49.395246 73.377174 60.193053 51.310840 -62.625023 -93.472392 -18.135287 -30.271521 -74.142648 
54.742543 72.181302 50.395246 73.377174 -54.248180 -94.780986 17.804049 -93.472392 -80.129289 -53.055457 -97.086885 
65.831550 73.181302 63.571603 73.377174 -79.043046 -94.780986 -63.625023 53.977168 -18.135287 -69.241294 -74.974035 
65.831550 83.960405 49.395246 83.691087 -54.248180 -94.780986 -9.348469 54.977168 -83.232898 -68.241294 -88.234885 
65.831550 59.322219 49.395246 83.691087 16.250823 51.310840 -9.348469 18.881396 -20.198201 -46.560884 -76.974035 
85.986956 59.322219 63.571603 75.412032 58.444857 -37.264558 11.984207 -80.622035 -83.232898 -53.055457 -75.974035 
82.987772 84.960405 49.395246 83.691087 -94.298872 -37.264558 -63.625023 -71.259035 -18.751921 -68.241294 -74.142648 
82.987772 58.322219 45.577685 82.691087 18.250823 69.258055 -20.673564 -93.472392 -80.129289 -70.420862 -74.974035 
77.514931 83.960405 54.060176 75.412032 18.250823 51.310840 18.804049 44.708567 -19.135287 -53.055457 -79.848801 
35.476840 60.322219 49.395246 72.377174 -31.978305 -94.780986 -62.625023 -79.405847 -82.232898 -34.648054 -98.086885 
82.987772 73.181302 44.577685 75.412032 17.250823 80.469429 -62.625023 -93.472392 -39.025930 -68.241294 -74.974035 
62.260105 85.960405 49.395246 81.691087 60.193053 51.310840 18.804049 18.881396 -21.198201 -34.648054 -97.086885 
55.742543 59.322219 49.395246 73.377174 -32.978305 80.469429 -60.625023 -80.622035 -40.025930 -30.271521 -74.142648 
9.735698 59.322219 71.313470 73.377174 17.250823 -37.264558 -8.348469 -82.622035 -30.779793 -71.881282 -89.234885 
3.370533 70.569523 50.395246 61.234079 17.250823 -37.264558 -51.102175 -81.622035 -31.890379 -46.560884 -57.286858 
81.987772 55.649343 63.571603 72.377174 15.250823 -47.056829 -20.842909 54.977168 -83.232898 -62.787287 -79.848801 
77.514931 59.322219 63.571603 73.377174 15.250823 51.310840 -62.625023 -73.141438 -39.025930 -68.241294 -80.848801 
65.831550 85.960405 54.060176 73.377174 -31.978305 69.258055 18.804049 -44.577422 -31.890379 -47.560884 -34.645379 
65.069894 60.322219 53.060176 70.684501 59.908841 80.469429 -20.673564 54.977168 -30.779793 -35.515478 -79.848801 
65.831550 70.569523 53.060176 69.684501 17.250823 81.469781 -9.348469 54.977168 -7.277751 -53.055457 -98.086885 
10.735698 82.276192 49.395246 83.691087 -31.978305 13.741415 -13.758950 18.881396 -30.890379 -71.881282 -79.848801 
81.987772 59.322219 44.577685 75.412032 17.250823 51.310840 18.804049 18.881396 -19.135287 -30.271521 -74.142648 
82.987772 69.569523 48.395246 73.377174 59.444857 69.258055 -63.625023 18.881396 -20.198201 -52.055457 -34.645379 
77.514931 69.569523 53.060176 83.691087 18.250823 81.469429 -20.842909 -93.472392 -19.135287 -68.241294 -89.499739 
81.987772 59.322219 63.571603 73.377174 17.250823 -38.264558 -62.625023 -73.141438 -83.232898 -71.881282 -79.848801 
62.260105 73.181302 55.060176 75.412032 -32.540921 80.469429 -19.842909 54.977168 -19.135287 -96.944557 -74.974035 
62.260105 58.322219 63.571603 83.691087 14.250823 -94.780986 18.804049 -93.472392 -19.135287 -3.170767 -73.416695 
39.717392 83.960405 45.577685 83.691087 -31.978305 69.258055 -14.758950 -93.472392 -30.779793 -68.241294 -90.234885 
65.831550 69.569523 53.060176 73.377174 59.444857 13.741415 -62.625023 -87.082091 -83.232898 -68.241294 -57.286858 
65.831550 70.569523 46.577685 81.691087 17.250823 52.310840 11.984207 -80.622035 -7.277751 -34.648054 -75.974035 
35.476840 59.322219 54.060176 73.377174 -96.298872 -94.780986 -62.625023 55.977168 -18.135287 -47.560884 -98.086885 
2.370533 69.569523 44.577685 83.691087 16.250823 -94.780986 18.804049 -80.622035 -20.198201 -83.241876 -74.142648 
65.831550 73.181302 53.060176 75.412032 18.250823 81.469781 -20.842909 -87.082091 -40.025930 -47.560884 -79.848801 
77.514931 59.322219 50.395246 75.412032 17.250823 69.258055 -88.907681 -88.082091 -30.779793 -71.881282 -90.234885 
9.735698 59.322219 45.577685 73.377174 59.444857 80.469429 -63.625023 54.977168 -21.198201 -53.055457 -89.499739 
65.831550 83.960405 49.395246 73.377174 16.250823 69.258055 -14.758950 -85.677118 -19.135287 -68.241294 -76.974035 
82.987772 74.181302 44.577685 73.377174 17.250823 51.310840 -63.625023 -81.622035 -31.890379 -53.055457 -57.286858 
77.514931 70.569523 45.245754 82.691087 -32.540921 51.310840 -19.842909 -87.082091 -31.890379 -34.515478 -76.974035 
65.831550 83.960405 50.395246 73.377174 18.250823 52.310840 18.804049 54.977168 -84.232898 -52.055457 -98.086885 
77.514931 59.322219 63.571603 89.991414 17.250823 81.469781 -62.625023 -87.082091 -18.135287 -34.648054 -77.974035 
54.742543 59.322219 45.577685 57.651360 59.444857 69.258055 -87.907681 -80.622035 -40.025930 -68.241294 -80.848801 
31.352405 68.569523 54.060176 73.377174 -31.978305 81.469781 -10.348469 -80.622035 -39.025930 -68.241294 -79.848801 
2.370533 60.322219 44.577685 73.377174 15.250823 51.310840 -62.625023 -81.622035 -30.779793 -68.241294 -75.974035 
3.370533 83.960405 49.395246 73.377174 -96.298872 -37.264558 -62.625023 -80.622035 -31.890379 -83.241876 -79.848801 
85.986956 83.960405 50.395246 73.377174 -79.043046 19.384645 -88.907681 18.881396 -7.277751 -54.055457 -76.974035 
65.831550 59.322219 52.060176 74.412032 17.250823 81.469781 -62.625023 -81.622035 -30.779793 -34.648054 -57.286858 
9.735698 68.569523 63.571603 73.377174 15.250823 51.310840 -87.907681 -80.622035 -99.295355 -47.560884 -73.416695 
2.370533 59.322219 45.245754 75.412032 -31.978305 69.258055 -62.625023 -93.472392 -31.890379 -83.241876 -89.499739 
67.335202 69.569523 45.577685 61.234079 17.250823 -37.264558 -88.907681 -80.622035 -60.359049 -53.055457 -57.286858 
2.370533 83.960405 54.060176 72.377174 -79.043046 -37.264558 -62.625023 -81.622035 -31.890379 -62.787287 -79.848801 
55.742543 55.649343 63.571603 75.412032 -96.298872 13.741415 -20.842909 18.881396 -98.295355 -68.241294 -91.234885 
55.742543 73.181302 52.060176 74.412032 17.250823 52.310840 -87.907681 18.881396 -21.198201 -54.055457 -74.974035 
81.987772 84.960405 55.060176 57.651360 58.444857 52.310840 18.804049 -81.622035 -20.198201 -53.055457 -73.416695 
85.986956 55.649343 54.060176 61.234079 59.908841 69.258055 18.804049 -93.472392 -18.135287 -68.241294 -98.086885 
65.831550 58.322219 44.577685 72.377174 18.250823 19.384645 -14.758950 -81.622035 -84.232898 -71.881282 -89.234885 
81.987772 59.322219 49.395246 73.377174 59.444857 81.469781 -63.625023 18.881396 -83.232898 -47.560884 -78.848801 
80.987772 82.276192 45.577685 83.691087 17.250823 -37.264558 18.804049 -88.082091 -39.025930 -47.560884 -79.848801 
65.831550 73.181302 49.395246 74.412032 -55.248180 81.469429 -62.625023 -93.472392 -19.135287 -3.170767 -87.234885 
31.352405 55.649343 54.060176 75.412032 15.250823 80.469429 -87.907681 43.708567 -82.232898 -35.515478 -75.974035 
39.717392 59.322219 49.395246 83.691087 18.250823 13.741415 -20.842909 -71.259035 -31.890379 -68.241294 -89.499739 
39.717392 73.181302 53.060176 62.234079 60.193053 51.310840 -20.842909 -80.622035 -18.135287 -68.241294 -89.234885 
55.742543 84.960405 45.577685 56.651360 18.250823 82.469781 -20.842909 -80.622035 -7.277751 -71.881282 -98.086885 
65.831550 72.181302 46.577685 58.651360 17.250823 -94.780986 11.984207 -73.141438 -80.129289 -30.271521 -97.086885 
65.831550 85.960405 62.571603 74.377174 18.250823 -37.264558 -9.348469 18.881396 -31.890379 -34.515478 -89.499739 
35.476840 59.322219 53.060176 75.412032 17.250823 69.258055 18.804049 55.977168 -31.890379 -53.055457 -88.234885 
9.735698 82.276192 49.395246 58.570226 15.250823 69.258055 -62.625023 -85.677118 -21.198201 -68.241294 -74.142648 
62.260105 83.276192 63.571603 72.377174 -94.298872 -94.780986 -62.625023 -93.472392 -19.135287 -53.055457 -75.974035 
81.987772 59.322219 63.571603 73.377174 19.250823 9.928189 -87.907681 -79.405847 -83.232898 -68.241294 -73.416695 
65.831550 74.181302 49.395246 83.691087 -94.298872 51.310840 -62.625023 44.708567 -40.025930 -69.241294 -89.234885 
65.831550 59.322219 63.571603 73.377174 60.193053 81.469781 -63.625023 55.977168 -31.890379 -83.241876 -87.234885 
35.476840 84.960405 49.395246 83.691087 18.250823 69.258055 -20.842909 -79.405847 -98.295355 -34.648054 -98.086885 
34.476840 84.960405 45.245754 57.651360 59.908841 -94.780986 -62.625023 -81.622035 -18.751921 -30.271521 -79.848801 
35.476840 69.569523 44.577685 57.651360 15.250823 69.258055 -63.625023 18.881396 -7.277751 -47.560884 -79.848801 
77.514931 72.181302 45.577685 83.691087 16.250823 -94.780986 18.804049 -81.622035 -18.135287 -34.648054 -78.848801 
31.352405 85.960405 63.571603 83.691087 17.250823 51.310840 -20.842909 -80.622035 -31.890379 -53.055457 -98.086885 
2.370533 55.649343 44.577685 74.412032 -31.978305 -37.264558 -62.625023 55.977168 -7.277751 -71.881282 -74.974035 
81.987772 73.181302 45.577685 75.412032 18.250823 81.469429 18.804049 54.977168 -19.135287 -47.560884 -90.234885 
65.831550 59.322219 44.577685 72.377174 17.250823 -37.264558 -62.625023 -80.622035 -7.277751 -30.271521 -79.848801 
77.514931 70.569523 49.395246 74.377174 -31.978305 -94.780986 -14.758950 -93.472392 -31.890379 -53.055457 -79.848801 
55.742543 55.649343 45.577685 75.412032 -54.248180 69.258055 -9.348469 -80.622035 -18.135287 -34.648054 -87.234885 
85.986956 82.276192 54.060176 73.377174 15.250823 51.310840 -20.673564 18.881396 -30.779793 -71.881282 -97.086885 
55.742543 58.322219 44.577685 73.377174 15.250823 52.310840 -62.625023 -71.259035 -30.890379 -68.241294 -73.416695 
31.352405 58.322219 54.060176 57.651360 59.444857 -37.264558 -9.348469 -87.082091 -99.295355 -53.055457 -79.848801 
31.352405 73.181302 43.577685 73.377174 15.250823 52.310840 -62.625023 -80.622035 -30.779793 -52.055457 -74.974035 
64.069894 69.569523 54.060176 75.412032 -38.307981 69.258055 -63.625023 -80.622035 -30.779793 -69.241294 -57.286858 
65.831550 59.322219 46.577685 74.377174 -54.248180 69.258055 -61.625023 18.881396 -21.198201 -53.055457 -76.974035 
3.370533 55.649343 52.060176 74.377174 -95.298872 -37.264558 -20.842909 -93.472392 -31.890379 -35.515478 -78.848801 
54.742543 82.276192 45.577685 61.234079 15.250823 69.258055 -20.673564 -62.492977 -7.277751 -68.241294 -88.234885 
77.514931 69.569523 63.571603 74.377174 16.250823 81.469781 18.804049 -62.492977 -40.025930 -70.420862 -89.234885 
54.742543 84.960405 44.577685 73.377174 17.250823 -94.780986 -9.348469 -81.622035 -40.025930 -68.241294 -74.974035 
3.370533 85.960405 45.577685 69.684501 -96.298872 80.469429 -87.907681 -80.622035 -18.135287 -71.881282 -79.848801 
65.831550 84.960405 50.395246 73.377174 18.250823 81.469781 -20.842909 -81.622035 -9.277751 -35.515478 -79.848801 
62.260105 74.181302 45.577685 58.651360 -38.307981 51.310840 -62.625023 -71.259035 -80.129289 -71.881282 -98.086885 
77.514931 68.569523 54.060176 58.651360 -35.307981 81.469429 -87.907681 -87.082091 -21.198201 -35.515478 -79.848801 
35.476840 55.649343 54.060176 73.377174 -41.687573 19.384645 19.804049 -81.622035 -18.751921 -47.560884 -98.086885 
65.831550 55.649343 45.577685 58.570226 -55.248180 -37.264558 19.804049 -93.472392 -20.198201 -70.881282 -75.974035 
56.742543 58.322219 45.577685 73.377174 17.250823 69.258055 -8.348469 -80.622035 -39.025930 -46.560884 -88.234885 
77.514931 84.960405 55.060176 57.651360 -35.307981 81.469429 18.804049 54.977168 -20.198201 -30.271521 -80.848801 
55.742543 27.441688 45.577685 89.991414 16.250823 51.310840 -50.102175 -80.622035 -8.277751 -68.241294 -99.086885 
82.987772 73.181302 49.395246 75.412032 59.444857 69.258055 -9.348469 -81.622035 -100.295355 -47.560884 -74.142648 
31.352405 72.181302 49.395246 73.377174 -35.307981 -37.264558 -62.625023 -81.622035 -99.295355 -69.241294 -80.848801 
31.352405 58.322219 49.395246 72.377174 -31.978305 52.310840 -63.625023 55.977168 -18.751921 -35.515478 -97.086885 
77.514931 71.569523 49.395246 61.234079 59.908841 51.310840 -9.348469 -80.622035 -98.295355 -34.648054 -57.286858 
82.987772 84.960405 45.577685 89.991414 15.250823 -94.780986 -8.348469 -81.622035 -7.277751 -53.055457 -98.086885 
31.352405 83.960405 63.571603 83.691087 -31.978305 51.310840 -62.625023 -93.472392 -19.135287 -34.648054 -74.974035 
77.514931 69.569523 49.395246 57.651360 -41.687573 52.310840 -9.348469 -80.622035 -40.025930 -34.648054 -74.974035 
78.514931 84.960405 49.395246 72.377174 16.250823 -37.264558 11.984207 -80.622035 -19.135287 -35.515478 -98.086885 
39.717392 83.960405 45.577685 73.377174 18.250823 69.258055 -88.907681 18.881396 -31.890379 -30.271521 -73.416695 
2.370533 83.960405 45.577685 61.234079 -35.307981 69.258055 -62.625023 -79.405847 -40.025930 -69.241294 -75.974035 
152850 60 47375
