31.352405 59.322219 49.395246 57.651360 -30.978305 -37.264558 -62.625023 -94.472392 -31.890379 -68.241294 -78.848801 
85.986956 59.322219 49.395246 73.377174 -31.978305 -37.264558 -9.348469 -94.472392 -83.232898 -53.055457 -73.416695 
77.514931 69.569523 49.395246 83.691087 15.250823 -37.264558 -62.625023 -87.082091 -8.277751 -69.241294 -79.848801 
31.352405 85.960405 49.395246 57.651360 18.250823 -37.264558 -9.348469 54.977168 -20.198201 -68.241294 -57.286858 
65.831550 59.322219 55.060176 74.377174 17.250823 -38.264558 -50.102175 -79.405847 -31.890379 -68.241294 -57.286858 
35.476840 82.960405 54.060176 73.377174 15.250823 51.310840 -9.348469 -87.082091 -40.025930 -67.241294 -78.848801 
65.831550 60.322219 54.060176 73.377174 17.250823 -94.780986 -62.625023 -87.082091 -31.890379 -70.420862 -57.286858 
2.370533 84.960405 55.060176 57.651360 15.250823 -37.264558 -88.907681 -93.472392 -30.779793 -68.241294 -78.848801 
2.370533 59.322219 53.060176 83.691087 16.250823 -37.264558 -86.907681 -93.472392 -31.890379 -68.241294 -79.848801 
65.831550 84.960405 49.395246 72.377174 -31.978305 68.258055 -63.625023 -79.622035 -18.135287 -67.241294 -57.286858 
85.986956 85.960405 48.395246 83.691087 -54.248180 -37.264558 -20.842909 54.977168 -31.890379 -69.241294 -99.086885 
35.476840 70.569523 49.395246 73.377174 16.250823 -93.780986 -9.348469 54.977168 -21.198201 -52.055457 -81.848801 
82.987772 58.322219 45.577685 73.377174 17.250823 -37.264558 -62.625023 54.977168 -18.135287 -67.241294 -73.416695 
35.476840 59.322219 70.313470 75.412032 -31.978305 -37.264558 -63.625023 18.881396 -40.025930 -52.055457 -74.974035 
82.987772 59.322219 45.577685 74.377174 15.250823 9.928189 -62.625023 18.881396 -31.890379 -30.271521 -80.848801 
85.986956 69.569523 63.571603 73.377174 17.250823 -36.264558 -62.625023 -93.472392 -40.025930 -70.420862 -81.848801 
31.352405 86.960405 54.060176 74.377174 -54.248180 -37.264558 -9.348469 18.881396 -31.890379 -68.241294 -57.286858 
85.986956 84.960405 54.060176 73.377174 18.250823 51.310840 -13.758950 -80.622035 -31.890379 -34.648054 -74.142648 
65.831550 83.960405 49.395246 83.691087 59.444857 -37.264558 -63.625023 -86.082091 -30.890379 -62.787287 -75.974035 
35.476840 59.322219 44.577685 74.412032 18.250823 -37.264558 -62.625023 -94.472392 -39.025930 -69.241294 -75.974035 
77.514931 85.960405 49.395246 75.377174 15.250823 -37.264558 -62.625023 54.977168 -83.232898 -34.648054 -79.848801 
31.352405 71.569523 54.060176 75.412032 17.250823 -94.780986 -51.102175 54.977168 -18.135287 -35.648054 -79.848801 
82.987772 59.322219 45.577685 57.651360 17.250823 9.928189 -51.102175 55.977168 -31.890379 -52.055457 -57.286858 
35.476840 59.322219 54.060176 72.377174 58.444857 -37.264558 -62.625023 53.977168 -17.135287 -71.881282 -57.286858 
81.987772 84.960405 54.060176 73.377174 17.250823 68.258055 -9.348469 54.977168 -31.890379 -34.648054 -57.286858 
65.831550 59.322219 49.395246 73.377174 17.250823 19.384645 -20.842909 -81.622035 -7.277751 -68.241294 -79.848801 
77.514931 85.960405 55.060176 73.377174 15.250823 9.928189 -88.907681 54.977168 -18.751921 -67.241294 -75.974035 
35.476840 85.960405 55.060176 73.377174 15.250823 19.384645 -9.348469 -80.622035 -30.779793 -69.241294 -75.974035 
65.831550 69.569523 45.577685 73.377174 17.250823 -37.264558 -63.625023 -86.082091 -7.277751 -67.241294 -73.416695 
77.514931 69.569523 45.577685 73.377174 17.250823 -37.264558 -21.842909 -86.082091 -7.277751 -67.241294 -75.974035 
77.514931 70.569523 45.577685 73.377174 17.250823 -37.264558 -62.625023 -80.622035 -18.135287 -68.241294 -79.848801 
85.986956 58.322219 49.395246 73.377174 15.250823 51.310840 -62.625023 -87.082091 -18.135287 -67.241294 -73.416695 
77.514931 69.569523 49.395246 70.684501 15.250823 9.928189 -13.758950 18.881396 -19.135287 -68.241294 -57.286858 
65.831550 70.569523 44.577685 73.377174 18.250823 -37.264558 -62.625023 54.977168 -31.890379 -69.241294 -57.286858 
31.352405 85.960405 55.060176 75.412032 18.250823 -38.264558 -62.625023 -87.082091 -31.890379 -68.241294 -79.848801 
66.831550 59.322219 45.577685 73.377174 18.250823 52.310840 -63.625023 -86.082091 -7.277751 -52.055457 -79.848801 
31.352405 59.322219 62.571603 75.412032 -54.248180 81.469781 -51.102175 -93.472392 -39.025930 -67.241294 -57.286858 
31.352405 69.569523 49.395246 75.412032 -31.978305 -37.264558 -62.625023 -87.082091 -31.890379 -34.648054 -98.086885 
77.514931 58.322219 63.571603 73.377174 17.250823 19.384645 -63.625023 -87.082091 -19.135287 -34.648054 -57.286858 
85.986956 69.569523 49.395246 72.377174 17.250823 9.928189 -63.625023 -80.622035 -7.277751 -67.241294 -57.286858 
81.987772 84.960405 63.571603 83.691087 15.250823 -37.264558 -62.625023 55.977168 -6.277751 -34.648054 -73.416695 
31.352405 70.569523 49.395246 73.377174 17.250823 -37.264558 -88.907681 -87.082091 -7.277751 -68.241294 -79.848801 
85.986956 85.960405 63.571603 72.377174 18.250823 68.258055 -9.348469 -86.082091 -31.890379 -69.241294 -76.974035 
82.987772 69.569523 70.313470 73.377174 16.250823 -37.264558 18.804049 -87.082091 -31.890379 -68.241294 -57.286858 
82.987772 83.960405 49.395246 72.377174 59.444857 -37.264558 -20.842909 -44.577422 -30.779793 -52.055457 -75.974035 
31.352405 70.569523 54.060176 61.234079 18.250823 -37.264558 -62.625023 -80.622035 -30.779793 -68.241294 -79.848801 
2.370533 69.569523 49.395246 75.412032 -54.248180 -37.264558 -9.348469 18.881396 -20.198201 -47.560884 -57.286858 
81.987772 84.960405 55.060176 73.377174 17.250823 -94.780986 -62.625023 -93.472392 -30.779793 -53.055457 -90.234885 
65.831550 85.960405 45.577685 73.377174 17.250823 9.928189 -9.348469 -79.405847 -83.232898 -68.241294 -57.286858 
31.352405 69.569523 62.571603 73.377174 -31.978305 -37.264558 -63.625023 -87.082091 -30.779793 -68.241294 -79.848801 
35.476840 59.322219 53.060176 73.377174 15.250823 -37.264558 -62.625023 -80.622035 -19.198201 -67.241294 -74.142648 
31.352405 85.960405 48.395246 73.377174 17.250823 -37.264558 -88.907681 55.977168 -7.277751 -68.241294 -81.848801 
85.986956 73.181302 49.395246 73.377174 -30.978305 82.469781 -9.348469 -79.405847 -31.890379 -68.241294 -73.416695 
86.986956 69.569523 63.571603 72.377174 17.250823 -36.264558 -10.348469 18.881396 -7.277751 -53.055457 -57.286858 
85.986956 58.322219 45.577685 73.377174 17.250823 -37.264558 -88.907681 -81.622035 -30.779793 -71.881282 -89.234885 
31.352405 59.322219 44.577685 75.412032 16.250823 10.928189 -9.348469 -80.622035 -30.779793 -34.648054 -80.848801 
31.352405 71.569523 53.060176 75.412032 59.444857 -37.264558 -63.625023 18.881396 -18.135287 -71.881282 -99.086885 
2.370533 59.322219 44.577685 70.684501 58.444857 9.928189 -9.348469 55.977168 -17.135287 -52.055457 -76.974035 
65.831550 59.322219 44.577685 70.684501 15.250823 -47.056829 -11.348469 54.977168 -31.890379 -68.241294 -57.286858 
31.352405 69.569523 45.577685 73.377174 15.250823 -37.264558 -20.842909 18.881396 -83.232898 -68.241294 -89.234885 
77.514931 86.960405 44.577685 90.991414 18.250823 -37.264558 -62.625023 -93.472392 -19.135287 -53.055457 -98.086885 
65.831550 58.322219 55.060176 75.412032 15.250823 68.258055 -63.625023 -44.577422 -18.751921 -67.241294 -98.086885 
35.476840 85.960405 49.395246 73.377174 15.250823 -36.264558 -13.758950 -94.472392 -18.135287 -70.420862 -75.974035 
10.735698 59.322219 46.577685 72.377174 16.250823 81.469781 19.804049 -80.622035 -19.135287 -67.241294 -79.848801 
31.352405 59.322219 45.577685 73.377174 59.444857 51.310840 -9.348469 -80.622035 -83.232898 -34.515478 -79.848801 
64.069894 84.960405 63.571603 73.377174 16.250823 -47.056829 -62.625023 -87.082091 -31.890379 -68.241294 -57.286858 
65.831550 58.322219 62.571603 74.377174 -31.978305 9.928189 -63.625023 -79.405847 -19.751921 -68.241294 -78.848801 
85.986956 85.960405 62.571603 74.377174 -54.248180 -37.264558 -62.625023 -79.405847 -31.890379 -69.241294 -57.286858 
31.352405 85.960405 49.395246 75.412032 15.250823 -37.264558 19.804049 -44.577422 -83.232898 -30.271521 -57.286858 
31.352405 85.960405 63.571603 75.412032 58.444857 51.310840 -9.348469 -87.082091 -21.198201 -67.241294 -79.848801 
54.742543 72.181302 45.577685 73.377174 15.250823 -37.264558 -62.625023 53.977168 -31.890379 -68.241294 -75.974035 
77.514931 83.960405 49.395246 72.377174 -31.978305 9.928189 -88.907681 -86.082091 -7.277751 -68.241294 -57.286858 
31.352405 59.322219 45.577685 74.377174 16.250823 -37.264558 -88.907681 18.881396 -7.277751 -68.241294 -79.848801 
64.069894 83.960405 62.571603 74.412032 -54.248180 9.928189 -21.842909 -93.472392 -31.890379 -34.515478 -57.286858 
85.986956 73.181302 49.395246 74.377174 18.250823 -37.264558 -62.625023 -80.622035 -30.779793 -68.241294 -57.286858 
85.986956 58.322219 54.060176 83.691087 58.444857 -38.264558 -88.907681 -81.622035 -40.025930 -69.241294 -72.416695 
83.987772 84.960405 48.395246 75.377174 -31.978305 51.310840 -9.348469 18.881396 -19.135287 -34.648054 -74.974035 
62.260105 60.322219 49.395246 73.377174 16.250823 9.928189 -9.348469 18.881396 -40.025930 -34.515478 -57.286858 
77.514931 69.569523 48.395246 72.377174 15.250823 9.928189 -87.907681 -93.472392 -83.232898 -69.241294 -73.416695 
85.986956 69.569523 63.571603 73.377174 18.250823 82.469781 -62.625023 -87.082091 -19.135287 -53.055457 -57.286858 
85.986956 85.960405 63.571603 73.377174 15.250823 52.310840 -9.348469 -80.622035 -83.232898 -68.241294 -56.286858 
82.987772 59.322219 54.060176 73.377174 15.250823 -93.780986 -9.348469 -94.472392 -31.890379 -34.648054 -57.286858 
82.987772 69.569523 49.395246 73.377174 18.250823 -37.264558 -62.625023 -87.082091 -21.198201 -68.241294 -57.286858 
64.831550 84.960405 45.577685 73.377174 -31.978305 -37.264558 -63.625023 -44.577422 -99.295355 -68.241294 -73.416695 
82.987772 83.960405 49.395246 75.412032 17.250823 -37.264558 -9.348469 -80.622035 -7.277751 -68.241294 -57.286858 
77.514931 85.960405 63.571603 73.377174 17.250823 9.928189 -62.625023 -44.577422 -18.135287 -53.055457 -79.848801 
82.987772 59.322219 54.060176 83.691087 17.250823 10.928189 -9.348469 -93.472392 -99.295355 -69.241294 -89.234885 
31.352405 85.960405 49.395246 73.377174 -31.978305 -37.264558 -20.842909 -87.082091 -7.277751 -68.241294 -74.974035 
35.476840 70.569523 63.571603 83.691087 15.250823 9.928189 -62.625023 54.977168 -30.779793 -68.241294 -73.416695 
2.370533 69.569523 49.395246 83.691087 17.250823 19.384645 -9.348469 -81.622035 -40.025930 -68.241294 -78.848801 
31.352405 72.181302 55.060176 73.377174 -31.978305 -95.780986 -62.625023 -80.622035 -31.890379 -53.055457 -98.086885 
77.514931 72.181302 49.395246 81.691087 17.250823 51.310840 -8.348469 54.977168 -31.890379 -68.241294 -57.286858 
84.986956 58.322219 55.060176 73.377174 18.250823 -37.264558 -50.102175 -80.622035 -83.232898 -69.241294 -81.848801 
77.514931 84.960405 63.571603 72.377174 18.250823 51.310840 -63.625023 -93.472392 -40.025930 -69.241294 -57.286858 
77.514931 59.322219 45.577685 83.691087 -30.978305 81.469781 -62.625023 -93.472392 -19.135287 -68.241294 -57.286858 
77.514931 58.322219 55.060176 83.691087 17.250823 51.310840 -21.842909 -87.082091 -8.277751 -34.648054 -98.086885 
85.986956 73.181302 63.571603 73.377174 15.250823 -94.780986 -62.625023 -87.082091 -7.277751 -68.241294 -57.286858 
82.987772 86.960405 44.577685 57.651360 -54.248180 -37.264558 -88.907681 -44.577422 -18.135287 -34.648054 -98.086885 
82.987772 69.569523 44.577685 73.377174 -31.978305 9.928189 -13.758950 -81.622035 -31.890379 -68.241294 -74.974035 
2.370533 83.960405 45.577685 75.412032 17.250823 -94.780986 -51.102175 -87.082091 -7.277751 -69.241294 -57.286858 
77.514931 85.960405 46.577685 74.412032 15.250823 19.384645 -9.348469 18.881396 -18.135287 -68.241294 -57.286858 
82.987772 59.322219 53.060176 73.377174 59.444857 -37.264558 -63.625023 -81.622035 -31.890379 -68.241294 -98.086885 
2.370533 85.960405 62.571603 73.377174 17.250823 68.258055 -51.102175 -87.082091 -83.232898 -68.241294 -57.286858 
35.476840 69.569523 45.577685 73.377174 17.250823 -37.264558 -62.625023 -44.577422 -7.277751 -34.648054 -57.286858 
82.987772 85.960405 49.395246 72.377174 15.250823 68.258055 -20.842909 55.977168 -7.277751 -35.515478 -78.848801 
35.476840 83.960405 55.060176 73.377174 -54.248180 9.928189 -13.758950 54.977168 -7.277751 -68.241294 -74.142648 
35.476840 59.322219 54.060176 70.684501 17.250823 -36.264558 -9.348469 -93.472392 -31.890379 -52.055457 -80.848801 
64.831550 69.569523 53.060176 73.377174 17.250823 9.928189 -9.348469 -80.622035 -83.232898 -68.241294 -90.234885 
2.370533 59.322219 49.395246 75.377174 17.250823 -38.264558 -10.348469 54.977168 -31.890379 -68.241294 -57.286858 
83.987772 59.322219 45.577685 74.412032 -31.978305 -94.780986 -88.907681 -80.622035 -7.277751 -68.241294 -79.848801 
54.742543 83.960405 45.577685 73.377174 -54.248180 -37.264558 -88.907681 54.977168 -8.277751 -67.241294 -90.234885 
35.476840 85.960405 49.395246 72.377174 17.250823 9.928189 -20.842909 -81.622035 -40.025930 -70.881282 -57.286858 
85.986956 86.960405 70.313470 73.377174 18.250823 19.384645 -9.348469 53.977168 -40.025930 -70.420862 -90.234885 
85.986956 55.649343 48.395246 75.412032 15.250823 68.258055 -9.348469 -93.472392 -8.277751 -68.241294 -97.086885 
81.987772 59.322219 55.060176 73.377174 -31.978305 9.928189 -21.842909 -80.622035 -19.198201 -53.055457 -57.286858 
85.986956 69.569523 55.060176 72.377174 -31.978305 -94.780986 -63.625023 54.977168 -18.135287 -69.241294 -57.286858 
82.987772 85.960405 54.060176 73.377174 15.250823 -37.264558 -10.348469 -44.577422 -19.135287 -69.241294 -57.286858 
83.987772 59.322219 54.060176 73.377174 59.444857 -94.780986 -63.625023 -93.472392 -83.232898 -67.241294 -73.416695 
65.831550 85.960405 49.395246 75.412032 17.250823 52.310840 -62.625023 -80.622035 -83.232898 -53.055457 -89.234885 
2.370533 59.322219 54.060176 73.377174 17.250823 -38.264558 -9.348469 -94.472392 -7.277751 -68.241294 -79.848801 
85.986956 59.322219 70.313470 72.377174 -31.978305 68.258055 -62.625023 -79.622035 -19.135287 -68.241294 -90.234885 
82.987772 85.960405 45.577685 90.991414 15.250823 19.384645 -9.348469 54.977168 -7.277751 -34.515478 -89.234885 
85.986956 83.960405 69.313470 75.412032 -53.248180 -37.264558 -62.625023 54.977168 -31.890379 -30.271521 -79.848801 
77.514931 83.960405 63.571603 72.377174 -31.978305 -37.264558 -63.625023 -79.405847 -83.232898 -67.241294 -57.286858 
85.986956 59.322219 49.395246 74.412032 17.250823 19.384645 -9.348469 -86.082091 -40.025930 -53.055457 -73.416695 
82.987772 83.960405 55.060176 73.377174 17.250823 51.310840 -61.625023 -81.622035 -18.135287 -34.648054 -57.286858 
65.831550 59.322219 45.577685 57.651360 17.250823 -94.780986 19.804049 18.881396 -31.890379 -34.648054 -79.848801 
64.069894 85.960405 44.577685 74.412032 17.250823 -94.780986 -61.625023 -87.082091 -40.025930 -67.241294 -79.848801 
258670 590 57367
