55.742543 70.631967 45.245754 73.377174 17.250823 69.258055 -63.625023 -93.472392 -80.129289 -54.055457 -88.234885 
65.831550 85.960405 49.395246 58.570226 18.250823 19.384645 19.804049 55.977168 -98.295355 -68.241294 -74.142648 
39.717392 84.960405 54.060176 73.377174 -79.043046 81.469429 -51.102175 -81.622035 -30.779793 -34.648054 -74.974035 
86.986956 82.276192 63.571603 75.412032 16.250823 69.258055 -63.625023 -79.622035 -7.277751 -71.881282 -89.234885 
2.370533 59.322219 49.395246 72.377174 17.250823 51.310840 18.804049 -93.472392 -39.025930 -71.881282 -98.086885 
55.742543 85.960405 54.060176 57.651360 59.444857 81.469429 -62.625023 -87.082091 -7.277751 -53.055457 -89.499739 
2.370533 27.441688 44.577685 57.651360 16.250823 53.310840 -63.625023 18.881396 -25.209217 -53.055457 -88.234885 
2.370533 82.276192 44.577685 73.377174 16.250823 81.469429 -62.625023 -88.082091 -31.890379 -71.881282 -75.974035 
9.735698 69.569523 44.577685 75.412032 -31.978305 80.469781 -62.625023 43.708567 -80.129289 -3.170767 -76.974035 
31.352405 73.181302 46.577685 62.234079 17.250823 9.928189 18.804049 -93.472392 -30.779793 -34.648054 -97.086885 
35.476840 59.322219 52.060176 61.234079 -30.335730 52.310840 -61.625023 -71.259035 -21.198201 -35.515478 -97.086885 
62.260105 70.569523 71.313470 73.377174 -35.307981 -37.264558 18.804049 -79.622035 -100.295355 -52.055457 -74.142648 
9.735698 73.181302 49.395246 73.377174 18.250823 51.310840 -20.673564 54.977168 -20.198201 -68.241294 -79.848801 
9.735698 84.960405 71.313470 75.412032 15.250823 -37.264558 -8.747304 18.881396 -83.232898 -70.420862 -76.974035 
39.717392 55.649343 54.060176 69.684501 60.193053 82.469781 -14.758950 -80.622035 -21.198201 -53.055457 -58.286858 
62.260105 73.181302 54.060176 75.412032 -31.978305 51.310840 -87.907681 44.708567 -7.277751 -47.560884 -75.974035 
65.831550 82.276192 53.060176 69.684501 17.250823 81.469781 -63.625023 -87.082091 -7.277751 -3.170767 -79.848801 
35.476840 55.649343 54.060176 73.377174 58.444857 69.258055 -9.348469 -62.492977 -21.198201 -47.560884 -98.086885 
65.831550 82.276192 45.577685 73.377174 15.250823 69.258055 -62.625023 -93.472392 -80.129289 -68.241294 -74.142648 
35.476840 59.322219 49.395246 69.684501 -96.298872 -94.780986 -14.758950 -39.111471 -20.198201 -52.055457 -98.086885 
65.831550 73.181302 52.060176 57.651360 59.444857 8.928189 -63.625023 18.881396 -30.890379 -30.271521 -79.848801 
85.986956 82.276192 44.577685 73.377174 18.250823 51.310840 -63.625023 -85.677118 -30.779793 -69.420862 -98.086885 
77.514931 70.569523 49.395246 61.234079 -96.298872 19.384645 18.804049 -93.472392 -20.198201 -71.420862 -89.234885 
31.352405 84.960405 45.577685 73.377174 17.250823 -37.264558 -87.907681 -81.622035 -7.277751 -53.055457 -79.848801 
68.335202 73.181302 46.577685 75.412032 -31.978305 69.258055 -8.747304 -87.082091 -99.295355 -69.241294 -76.974035 
82.987772 70.569523 49.395246 73.377174 -32.335730 -47.056829 -87.907681 44.708567 -60.359049 -3.170767 -74.974035 
55.742543 58.322219 54.060176 75.412032 -79.043046 51.310840 -63.625023 55.977168 -39.025930 -71.881282 -79.848801 
65.831550 72.181302 63.571603 83.691087 -41.687573 51.310840 -62.625023 -81.622035 -98.295355 -68.241294 -97.086885 
65.831550 73.181302 49.395246 73.377174 59.908841 -40.734745 -88.907681 -79.405847 -8.277751 -54.055457 -79.848801 
65.069894 56.169175 49.395246 56.651360 -95.298872 51.310840 -87.907681 44.708567 -30.779793 -47.560884 -79.848801 
65.831550 73.181302 45.577685 73.377174 59.444857 52.310840 18.804049 -87.082091 -24.209217 -71.881282 -74.142648 
65.831550 69.569523 63.571603 89.991414 58.908841 -25.598592 -9.348469 -93.472392 -7.277751 -68.241294 -56.286858 
82.987772 69.569523 71.313470 69.684501 18.250823 81.469781 19.804049 -93.472392 -31.890379 -3.170767 -79.848801 
35.476840 82.276192 54.060176 83.691087 18.250823 -37.264558 -13.758950 -81.622035 -19.135287 -34.515478 -74.974035 
65.831550 84.960405 49.395246 73.377174 16.250823 -38.264558 -50.102175 -79.405847 -99.295355 -34.648054 -75.974035 
77.514931 73.181302 49.395246 75.412032 -41.687573 69.258055 -14.758950 -73.141438 -99.295355 -30.271521 -89.499739 
2.370533 73.181302 43.577685 83.691087 -35.307981 -37.264558 -20.842909 -62.492977 -83.232898 -68.241294 -74.142648 
64.069894 55.649343 49.395246 69.684501 16.250823 52.310840 -63.625023 -79.405847 -80.129289 -54.055457 -57.286858 
85.986956 84.960405 44.577685 72.377174 -35.307981 -37.264558 18.804049 -80.622035 -83.232898 -30.271521 -79.848801 
56.742543 73.181302 45.577685 75.412032 17.250823 -94.780986 -63.625023 44.708567 -31.890379 -29.271521 -75.974035 
35.476840 69.569523 49.395246 73.377174 -27.693584 81.469781 -20.673564 -62.492977 -40.025930 -2.170767 -98.086885 
55.742543 50.769330 43.577685 73.377174 -30.335730 -94.780986 11.984207 -44.577422 -31.890379 -68.241294 -76.974035 
81.987772 73.181302 44.577685 73.377174 -96.298872 51.310840 -9.348469 -85.677118 -19.135287 -3.170767 -98.086885 
68.450239 59.322219 45.577685 57.651360 -96.298872 -94.780986 -20.842909 -79.405847 -31.890379 -34.515478 -97.086885 
82.987772 70.631967 49.395246 83.691087 -41.687573 81.469429 -63.625023 44.708567 -31.890379 -35.515478 -76.974035 
65.831550 58.322219 46.577685 73.377174 17.250823 81.469429 -87.907681 53.977168 -24.209217 -54.055457 -89.234885 
55.742543 71.569523 55.060176 57.651360 -94.298872 81.469429 -20.842909 18.881396 -83.232898 -47.560884 -57.286858 
15.121500 85.960405 49.395246 44.811423 -31.978305 81.469429 -87.907681 -62.492977 -18.135287 -30.271521 -97.086885 
65.831550 83.960405 52.060176 76.412032 59.444857 -38.264558 -62.625023 -78.405847 -20.198201 -35.515478 -87.234885 
65.831550 59.322219 45.577685 73.377174 18.250823 80.469429 -20.673564 -80.622035 -19.135287 -68.241294 -80.848801 
65.831550 51.834158 49.395246 75.412032 15.250823 -94.780986 -87.907681 -78.405847 -83.232898 -69.241294 -34.645379 
2.370533 59.322219 49.395246 83.691087 16.250823 81.469429 -87.907681 -93.472392 -39.025930 -35.515478 -79.848801 
81.987772 83.960405 52.060176 69.684501 -32.540921 69.258055 11.984207 -80.622035 -18.135287 -71.881282 -79.848801 
65.831550 73.181302 49.395246 61.234079 17.250823 -37.264558 -9.348469 -87.082091 -20.198201 -62.787287 -89.499739 
85.986956 69.569523 49.395246 72.377174 17.250823 69.258055 -62.625023 -93.472392 -31.890379 -68.241294 -87.234885 
2.370533 50.769330 49.395246 69.684501 59.444857 20.384645 18.804049 -73.141438 -99.295355 -62.787287 -74.142648 
82.987772 73.181302 54.060176 96.976888 60.193053 19.384645 18.804049 18.881396 -19.135287 -83.241876 -98.086885 
39.717392 83.960405 54.060176 73.377174 -54.248180 -94.780986 18.804049 -81.622035 -82.232898 -71.881282 -87.234885 
55.742543 84.960405 53.060176 75.412032 59.444857 -94.780986 -63.625023 55.977168 -30.779793 -34.648054 -88.234885 
35.476840 74.181302 45.577685 61.234079 59.908841 19.384645 -88.907681 53.977168 -20.198201 -68.241294 -74.142648 
55.742543 69.569523 53.060176 57.651360 17.250823 82.469781 18.804049 54.977168 -30.779793 -35.515478 -79.848801 
68.450239 82.276192 49.395246 73.377174 18.250823 52.310840 -62.625023 -93.472392 -20.198201 -53.055457 -79.848801 
65.831550 50.769330 50.395246 73.377174 17.250823 51.310840 -63.625023 44.708567 -31.890379 -62.787287 -73.416695 
39.717392 72.181302 48.395246 75.412032 59.444857 51.310840 19.804049 -81.622035 -60.359049 -68.241294 -89.499739 
3.370533 55.649343 45.577685 73.377174 15.250823 -94.780986 -62.625023 -87.082091 -99.295355 -46.560884 -73.416695 
85.986956 59.322219 44.577685 73.377174 -31.978305 82.469781 -62.625023 -81.622035 -30.779793 -47.560884 -79.848801 
2.370533 69.569523 44.577685 75.412032 16.250823 81.469781 -20.842909 -79.405847 -8.277751 -47.560884 -34.645379 
85.986956 84.960405 44.577685 73.377174 -31.978305 69.258055 -8.348469 -80.622035 -20.198201 -68.241294 -74.974035 
54.742543 85.960405 53.060176 83.691087 16.250823 -37.264558 -9.348469 54.977168 -98.295355 -30.271521 -57.286858 
65.831550 60.322219 45.577685 83.691087 -79.043046 -94.780986 11.984207 55.977168 -30.779793 -83.241876 -79.848801 
55.742543 84.960405 63.571603 75.412032 60.193053 81.469781 -88.907681 -80.622035 -31.890379 -68.241294 -79.848801 
2.370533 73.181302 44.577685 61.234079 16.250823 20.384645 18.804049 -79.405847 -31.890379 -47.560884 -98.086885 
65.831550 73.181302 45.577685 83.691087 18.250823 9.928189 19.804049 -93.472392 -21.198201 -47.560884 -74.142648 
65.831550 55.649343 50.395246 69.684501 17.250823 -37.264558 18.804049 18.881396 -31.890379 -52.055457 -74.974035 
77.514931 58.322219 71.313470 73.377174 17.250823 -38.264558 18.804049 54.977168 -21.198201 -68.241294 -74.974035 
77.514931 85.960405 44.577685 85.907324 -35.307981 51.310840 -9.348469 -87.082091 -39.025930 -53.055457 -89.499739 
85.986956 50.769330 53.060176 61.234079 59.908841 69.258055 -20.842909 -80.622035 -20.198201 -30.271521 -98.086885 
65.831550 59.322219 45.577685 73.377174 17.250823 52.310840 11.984207 -44.577422 -18.751921 -47.560884 -98.086885 
65.069894 82.276192 54.060176 57.651360 -31.978305 81.469429 -87.907681 -81.622035 -9.277751 -53.055457 -97.086885 
67.335202 74.181302 54.060176 75.412032 16.250823 81.469429 -14.758950 45.708567 -7.277751 -47.560884 -75.974035 
65.831550 59.322219 44.577685 74.377174 16.250823 -37.264558 18.804049 18.881396 -80.129289 -34.648054 -97.086885 
77.514931 58.322219 63.571603 82.691087 -94.298872 80.469429 -14.758950 -80.622035 -21.198201 -3.170767 -89.499739 
56.742543 70.569523 49.395246 73.377174 -32.978305 -36.264558 -10.348469 -78.405847 -21.198201 -3.170767 -79.848801 
68.450239 69.569523 49.395246 73.377174 17.250823 -37.264558 18.804049 -81.622035 -80.129289 -62.787287 -74.142648 
77.514931 59.322219 53.060176 95.976888 16.250823 19.384645 -63.625023 -79.405847 -30.779793 -96.944557 -75.974035 
65.831550 59.322219 63.571603 75.412032 58.444857 51.310840 -63.625023 -93.472392 -31.890379 -47.560884 -76.974035 
82.987772 73.181302 50.395246 74.377174 17.250823 -94.780986 -50.102175 -73.141438 -20.198201 -30.271521 -79.848801 
9.735698 84.960405 49.395246 70.684501 17.250823 -37.264558 -62.625023 55.977168 -99.295355 -30.271521 -97.086885 
55.742543 70.569523 63.571603 95.976888 -32.978305 -37.264558 -62.625023 -81.622035 -30.779793 -70.420862 -57.286858 
65.831550 73.181302 45.577685 73.377174 59.908841 80.469429 18.804049 -93.472392 -7.277751 -34.648054 -74.142648 
85.986956 73.181302 51.395246 73.377174 59.908841 80.469429 -62.625023 -82.622035 -30.779793 -53.055457 -74.142648 
55.742543 73.181302 44.577685 73.377174 -95.298872 -37.264558 11.984207 -81.622035 -18.751921 -34.648054 -89.234885 
9.735698 74.181302 45.577685 69.684501 -31.978305 20.384645 -20.673564 -85.677118 -18.135287 -68.241294 -74.142648 
64.069894 68.569523 45.577685 75.412032 -32.978305 19.384645 -20.842909 -93.472392 -18.135287 -3.170767 -79.848801 
55.742543 83.960405 49.395246 76.412032 -32.978305 51.310840 -14.758950 44.708567 -31.890379 -62.787287 -79.848801 
2.370533 59.322219 45.577685 89.991414 17.250823 -47.056829 18.804049 -80.405847 -21.198201 -30.271521 -79.848801 
39.717392 82.276192 49.395246 89.991414 -35.307981 69.258055 -9.348469 -93.472392 -19.135287 -47.560884 -57.286858 
85.986956 73.181302 44.577685 89.991414 -79.043046 52.310840 -63.625023 -79.405847 -18.135287 -53.055457 -98.086885 
77.514931 70.569523 52.060176 73.377174 -94.298872 69.258055 -87.907681 -74.141438 -21.198201 -96.944557 -57.286858 
65.831550 73.181302 63.571603 73.377174 -30.335730 79.025729 18.804049 53.977168 -20.198201 -62.787287 -75.974035 
85.986956 73.181302 49.395246 61.234079 60.193053 82.469781 -20.842909 -81.622035 -30.779793 -96.944557 -76.974035 
77.514931 55.649343 49.395246 74.377174 15.250823 51.310840 -9.348469 -44.577422 -31.890379 -83.241876 -79.848801 
55.742543 69.569523 45.577685 73.377174 -30.335730 -38.264558 -87.907681 -44.577422 -98.295355 -53.055457 -89.499739 
31.352405 70.569523 54.060176 73.377174 15.250823 52.310840 -20.842909 -93.472392 -84.232898 -53.055457 -73.416695 
55.742543 72.181302 53.060176 61.234079 59.444857 52.310840 -9.348469 -73.141438 -7.277751 -96.944557 -89.234885 
77.514931 70.569523 49.395246 73.377174 -31.978305 -37.264558 18.804049 -81.622035 -21.198201 -83.241876 -75.974035 
65.831550 59.322219 49.395246 73.377174 17.250823 81.469429 -63.625023 -80.622035 -7.277751 -35.515478 -89.234885 
82.987772 69.569523 45.577685 57.651360 59.908841 81.469781 18.804049 -73.141438 -40.025930 -47.560884 -56.832141 
65.831550 70.569523 52.060176 69.684501 -31.978305 52.310840 -63.625023 -79.405847 -30.779793 -53.055457 -89.499739 
68.450239 73.181302 49.395246 61.234079 -35.307981 -94.780986 -20.842909 43.708567 -20.198201 -54.055457 -76.974035 
9.735698 27.441688 54.060176 74.412032 -96.298872 51.310840 -15.758950 -88.082091 -19.135287 -69.241294 -79.848801 
2.370533 84.960405 45.245754 57.651360 -31.978305 -94.780986 -62.625023 -81.622035 -20.198201 -53.055457 -89.234885 
54.742543 59.322219 63.571603 83.691087 16.250823 69.258055 -62.625023 -85.677118 -21.198201 -3.170767 -79.848801 
81.987772 73.181302 49.395246 75.412032 16.250823 -37.264558 -50.102175 -44.577422 -99.295355 -95.944557 -98.086885 
62.260105 70.569523 63.571603 83.691087 18.250823 52.310840 -87.907681 -79.405847 -19.135287 -71.881282 -89.499739 
65.831550 26.441688 45.245754 75.412032 -94.298872 69.258055 -87.907681 44.708567 -19.135287 -47.560884 -98.086885 
82.987772 59.322219 49.395246 73.377174 17.250823 -47.056829 -15.758950 55.977168 -19.135287 -53.055457 -87.234885 
9.735698 59.322219 49.395246 58.651360 -55.248180 81.469781 -62.625023 -93.472392 -31.890379 -35.515478 -75.974035 
56.742543 55.649343 49.395246 74.377174 -41.687573 69.258055 18.804049 -44.577422 -29.779793 -47.560884 -57.286858 
81.987772 83.960405 53.060176 73.377174 -31.978305 69.258055 -20.673564 -71.259035 -40.025930 -68.241294 -98.086885 
31.352405 82.276192 63.571603 57.651360 17.250823 52.310840 -61.625023 -81.622035 -30.890379 -47.560884 -89.234885 
9.735698 69.569523 45.577685 73.377174 -95.298872 -47.056829 -88.907681 -87.082091 -83.232898 -47.560884 -89.234885 
81.987772 69.569523 50.395246 73.377174 17.250823 13.741415 -62.625023 55.977168 -18.751921 -83.241876 -74.974035 
68.450239 82.276192 54.060176 73.377174 18.250823 69.258055 -62.625023 -73.141438 -83.232898 -68.241294 -98.086885 
77.514931 73.181302 49.395246 95.976888 18.250823 -94.780986 -50.102175 -62.492977 -21.198201 -53.055457 -57.286858 
39.717392 73.181302 52.060176 89.991414 16.250823 52.310840 -63.625023 54.977168 -83.232898 -53.055457 -73.416695 
65.831550 82.276192 53.060176 73.377174 -38.307981 81.469781 11.984207 -62.492977 -18.135287 -53.055457 -75.974035 
2.370533 83.276192 45.245754 56.651360 17.250823 -94.780986 -62.625023 18.881396 -84.232898 -83.241876 -90.234885 
140190 60 52820
