65.831550 25.228485 71.313470 57.651360 -31.978305 81.469429 -87.907681 55.977168 -21.198201 -3.170767 -79.848801 
85.986956 51.834158 53.060176 75.412032 60.193053 13.741415 -10.348469 -79.405847 -21.198201 -34.648054 -79.848801 
39.717392 73.181302 45.245754 76.412032 -79.043046 69.258055 -62.625023 55.977168 -30.779793 -47.560884 -89.499739 
81.987772 84.960405 44.577685 83.691087 17.250823 52.310840 -20.842909 -79.405847 -83.232898 -68.241294 -88.234885 
2.370533 51.834158 54.060176 73.377174 17.250823 81.469429 -87.907681 -88.082091 -31.890379 -53.055457 -79.848801 
65.831550 50.769330 53.060176 72.377174 17.250823 80.469429 -14.758950 18.881396 -31.890379 -53.055457 -56.286858 
39.717392 83.960405 44.245754 73.377174 15.250823 52.310840 -50.102175 -79.622035 -21.198201 -62.787287 -79.848801 
85.986956 84.960405 46.577685 75.412032 17.250823 69.258055 -62.625023 -71.259035 -83.232898 -35.515478 -79.848801 
55.742543 51.834158 49.395246 83.691087 -55.248180 -25.598592 -15.758950 -62.492977 -30.779793 -68.241294 -79.848801 
77.514931 70.631967 49.395246 70.684501 -80.043046 -38.264558 -50.102175 -71.259035 -83.232898 -83.241876 -79.848801 
65.831550 73.181302 54.060176 69.684501 59.444857 -37.264558 -9.348469 -44.577422 -39.025930 -54.055457 -98.086885 
2.370533 73.181302 45.577685 73.377174 16.250823 52.310840 -62.625023 -93.472392 -31.890379 -34.648054 -50.569305 
9.735698 74.181302 45.577685 75.412032 59.444857 69.258055 -9.348469 55.977168 -80.129289 -71.881282 -56.286858 
82.987772 51.834158 44.577685 89.991414 -31.335730 19.384645 -15.758950 55.977168 -19.135287 -71.420862 -73.416695 
81.987772 84.960405 45.245754 73.377174 18.250823 81.469429 18.804049 -62.492977 -83.232898 -53.055457 -75.974035 
65.069894 82.276192 49.395246 73.377174 17.250823 -47.056829 -63.625023 -44.577422 -19.135287 -83.241876 -87.234885 
65.831550 69.569523 54.060176 61.234079 17.250823 52.310840 -9.348469 -81.622035 -18.135287 -68.241294 -76.974035 
65.069894 85.960405 45.577685 85.907324 17.250823 69.258055 -63.625023 -73.141438 -30.779793 -68.241294 -89.234885 
55.742543 73.181302 43.577685 75.412032 -96.298872 -37.264558 -62.625023 -79.405847 -80.129289 -69.241294 -98.086885 
68.450239 69.569523 46.577685 85.907324 59.444857 51.310840 -20.673564 -87.082091 -83.232898 -96.944557 -89.499739 
81.987772 25.228485 49.395246 75.412032 60.193053 9.928189 18.804049 54.977168 -17.751921 -53.055457 -75.974035 
81.987772 82.276192 49.395246 58.651360 -35.307981 69.258055 18.804049 44.708567 -40.025930 -70.420862 -79.848801 
81.987772 25.228485 63.571603 69.684501 15.250823 -94.780986 -62.625023 -73.141438 -24.209217 -68.241294 -88.234885 
64.069894 82.276192 45.245754 75.412032 18.250823 -47.056829 -62.625023 -79.405847 -83.232898 -68.241294 -88.234885 
65.831550 51.834158 45.577685 75.412032 -54.248180 69.258055 11.984207 -79.405847 -7.277751 -47.560884 -79.848801 
55.742543 85.960405 63.571603 44.811423 17.250823 -37.264558 -87.907681 -85.677118 -19.135287 -96.944557 -79.848801 
65.831550 84.960405 49.395246 57.570226 17.250823 -38.734745 -20.842909 -44.577422 -25.209217 -83.241876 -74.974035 
81.987772 82.276192 49.395246 73.377174 59.444857 -39.734745 -87.907681 -79.622035 -31.890379 -3.170767 -75.974035 
68.335202 73.181302 45.577685 73.377174 59.444857 -95.780986 -87.907681 54.977168 -83.232898 -35.515478 -89.499739 
35.476840 55.649343 49.395246 57.651360 18.250823 51.310840 18.804049 -80.622035 -18.135287 -53.055457 -89.234885 
9.735698 84.960405 49.395246 61.234079 59.908841 13.741415 -87.907681 18.881396 -80.129289 -83.241876 -98.086885 
65.831550 85.960405 52.060176 73.377174 59.908841 -47.056829 11.984207 -87.082091 -20.198201 -53.055457 -75.974035 
35.476840 70.569523 53.060176 69.684501 18.250823 81.469429 -62.625023 -93.472392 -20.198201 -53.055457 -79.848801 
35.476840 56.169175 49.395246 89.991414 -79.043046 52.310840 -87.907681 44.708567 -18.751921 -96.944557 -97.086885 
2.370533 59.322219 55.060176 62.234079 -27.693584 52.310840 -9.348469 -44.577422 -20.198201 -54.055457 -79.848801 
2.370533 70.631967 44.577685 75.412032 -31.978305 -25.598592 -15.758950 44.708567 -19.135287 -47.560884 -98.086885 
64.069894 55.649343 44.577685 75.412032 -32.540921 19.384645 -62.625023 54.977168 -83.232898 -96.944557 -98.086885 
39.717392 70.569523 63.571603 61.234079 59.444857 81.469781 -14.758950 -44.577422 -30.779793 -4.170767 -79.848801 
82.987772 73.181302 46.577685 61.234079 16.250823 -94.780986 -8.747304 55.977168 -99.295355 -30.271521 -89.499739 
55.742543 84.960405 45.577685 83.691087 59.444857 -39.734745 -62.625023 -44.577422 -21.198201 -2.170767 -89.499739 
2.370533 73.181302 54.060176 75.412032 58.908841 79.025729 -87.907681 -81.622035 -18.751921 -30.271521 -79.848801 
55.742543 56.169175 44.577685 44.811423 -31.978305 9.928189 -20.842909 -79.622035 -30.779793 -30.271521 -73.416695 
65.831550 69.569523 63.571603 57.570226 59.444857 -37.264558 -14.758950 53.977168 -80.129289 -84.241876 -79.848801 
81.987772 82.276192 45.577685 61.234079 -31.978305 81.469781 -50.102175 -93.472392 -60.359049 -2.170767 -55.832141 
9.735698 55.649343 45.577685 73.377174 -31.335730 81.469781 18.804049 -87.082091 -19.135287 -96.944557 -97.086885 
81.987772 70.569523 49.395246 73.377174 15.250823 -94.780986 -63.625023 -79.405847 -99.295355 -62.787287 -90.234885 
62.260105 59.322219 45.245754 73.377174 16.250823 81.469429 -20.842909 -71.259035 -80.129289 -71.881282 -98.086885 
31.352405 84.960405 49.395246 72.377174 17.250823 52.310840 -15.758950 -71.259035 -18.751921 -68.241294 -73.416695 
55.742543 82.276192 49.395246 57.570226 15.250823 -40.734745 -14.758950 44.708567 -7.277751 -34.648054 -73.416695 
77.514931 70.569523 53.060176 95.976888 16.250823 69.258055 -9.348469 -79.405847 -83.232898 -83.241876 -57.286858 
2.370533 82.276192 49.395246 73.377174 59.444857 19.384645 18.804049 18.881396 -99.295355 -62.189091 -74.142648 
65.831550 82.276192 49.395246 56.651360 -79.043046 19.384645 -62.625023 -73.141438 -20.198201 -34.648054 -98.086885 
2.370533 73.181302 54.060176 75.412032 -79.043046 -37.264558 -20.673564 53.977168 -82.232898 -83.241876 -79.848801 
54.742543 83.960405 45.245754 75.412032 -96.298872 -40.734745 18.804049 -93.472392 -7.277751 -3.170767 -89.499739 
55.742543 84.960405 63.571603 69.684501 -31.978305 81.469429 18.804049 -74.141438 -18.751921 -96.944557 -87.234885 
55.742543 23.228485 44.577685 76.412032 59.444857 -39.734745 18.804049 55.977168 -30.779793 -68.241294 -98.086885 
39.717392 58.322219 49.395246 75.412032 17.250823 -37.264558 -87.907681 -87.082091 -21.198201 -3.170767 -97.086885 
56.742543 73.181302 44.577685 61.234079 -31.978305 -37.264558 -87.907681 18.881396 -21.198201 -62.787287 -75.974035 
65.831550 59.322219 53.060176 69.684501 -35.307981 20.384645 -63.625023 53.977168 -99.295355 -68.241294 -74.142648 
77.514931 59.322219 49.395246 73.377174 60.193053 -47.056829 -20.673564 -39.111471 -83.232898 -68.241294 -73.416695 
35.476840 84.960405 49.395246 73.377174 -31.978305 19.384645 18.804049 -87.082091 -31.890379 -35.515478 -57.286858 
9.735698 83.960405 43.577685 83.691087 15.250823 19.384645 -50.102175 -80.405847 -18.135287 -35.515478 -76.974035 
68.450239 59.322219 44.577685 73.377174 15.250823 -37.264558 -88.907681 -62.492977 -20.198201 -95.944557 -89.499739 
68.335202 72.181302 46.577685 73.377174 17.250823 69.258055 -51.102175 54.977168 -99.295355 -47.560884 -57.286858 
81.987772 73.181302 63.571603 85.907324 -31.335730 -37.264558 -8.747304 18.881396 -24.209217 -67.241294 -87.234885 
55.742543 59.322219 63.571603 89.991414 59.444857 -37.264558 11.984207 53.977168 -6.708179 -71.881282 -89.499739 
31.352405 72.181302 46.577685 73.377174 17.250823 52.310840 18.804049 -80.622035 -7.277751 -70.420862 -73.416695 
9.735698 70.569523 55.060176 75.412032 -96.298872 -40.734745 -87.907681 -85.677118 -20.198201 -83.241876 -79.848801 
2.370533 86.189341 54.060176 75.412032 17.250823 -94.780986 -66.106714 44.708567 -7.277751 -71.881282 -79.848801 
39.717392 70.631967 44.577685 75.412032 17.250823 -40.734745 -62.625023 -87.082091 -80.129289 -34.648054 -79.848801 
2.370533 73.181302 44.245754 73.377174 59.444857 69.258055 -62.625023 -79.405847 -40.025930 -68.241294 -89.499739 
85.986956 55.649343 49.395246 83.691087 -31.335730 19.384645 -15.758950 -81.622035 -30.779793 -68.241294 -89.234885 
65.831550 84.960405 45.577685 73.377174 -41.687573 79.025729 -50.102175 -79.405847 -29.779793 -35.515478 -78.848801 
77.514931 82.276192 71.313470 83.691087 59.444857 51.310840 -87.907681 -62.492977 -19.135287 -53.055457 -98.086885 
55.742543 70.569523 53.060176 57.651360 15.250823 -37.264558 -63.625023 -93.472392 -99.295355 -35.515478 -89.234885 
65.831550 82.276192 45.577685 73.377174 18.250823 81.469429 -9.348469 -93.472392 -30.779793 -3.170767 -57.286858 
65.069894 73.181302 44.577685 83.691087 -55.248180 -94.780986 -88.907681 -93.472392 -83.232898 -83.241876 -89.499739 
39.717392 82.276192 44.577685 60.234079 -30.335730 82.469781 11.984207 -80.405847 -39.025930 -53.055457 -98.086885 
81.987772 82.276192 45.577685 75.412032 -35.307981 51.310840 -20.842909 53.977168 -31.890379 -62.787287 -74.974035 
65.831550 84.960405 49.395246 75.412032 -30.335730 19.384645 -50.102175 -79.405847 -98.295355 -95.944557 -74.142648 
77.514931 69.569523 54.060176 73.377174 17.250823 81.469781 -63.625023 -81.622035 -30.779793 -53.055457 -98.086885 
39.717392 73.181302 49.395246 57.570226 60.193053 9.928189 11.984207 -79.405847 -21.198201 -35.515478 -89.499739 
31.352405 74.181302 45.577685 69.684501 18.250823 -40.734745 18.804049 -71.259035 -30.779793 -62.787287 -75.974035 
9.735698 55.649343 44.577685 57.570226 -96.298872 -94.780986 -62.625023 -79.405847 -21.198201 -71.881282 -74.142648 
64.069894 70.631967 45.577685 89.991414 -96.298872 69.258055 -20.673564 -73.141438 -7.277751 -69.420862 -79.848801 
85.986956 73.181302 45.577685 73.377174 59.444857 -94.780986 -63.625023 54.977168 -30.779793 -34.648054 -79.848801 
65.831550 25.228485 49.395246 73.377174 -30.335730 19.384645 -88.907681 -62.492977 -39.025930 -63.189091 -89.499739 
31.352405 72.181302 49.395246 83.691087 59.444857 52.310840 18.804049 -44.577422 -83.232898 -53.055457 -97.086885 
68.450239 25.228485 54.060176 89.991414 59.444857 51.310840 -15.758950 -79.405847 -21.198201 -96.944557 -73.416695 
55.742543 70.569523 44.577685 57.651360 -37.307981 51.310840 11.984207 -93.472392 -80.129289 -68.241294 -87.234885 
65.069894 68.569523 44.245754 75.412032 -31.978305 -37.264558 -62.625023 54.977168 -40.025930 -34.648054 -79.848801 
68.450239 69.569523 49.395246 89.991414 17.250823 53.310840 -9.348469 -88.082091 -19.135287 -3.170767 -99.086885 
55.742543 73.181302 52.060176 61.234079 15.250823 69.258055 -63.625023 18.881396 -80.129289 -68.241294 -75.974035 
68.335202 25.228485 63.571603 73.377174 -54.248180 -94.780986 18.804049 -73.141438 -99.295355 -53.055457 -74.974035 
2.370533 74.181302 49.395246 58.570226 -30.335730 82.469781 -9.348469 -44.577422 -30.779793 -54.055457 -75.974035 
65.831550 59.322219 46.577685 73.377174 18.250823 -37.264558 -62.625023 -73.141438 -83.232898 -68.241294 -74.974035 
9.735698 82.276192 49.395246 74.377174 16.250823 52.310840 -62.625023 -93.472392 -31.890379 -83.241876 -73.416695 
2.370533 70.569523 49.395246 67.396498 16.250823 -40.734745 -62.625023 -81.622035 -7.277751 -34.648054 -89.499739 
55.742543 73.181302 54.060176 73.377174 -97.298872 -47.056829 -14.758950 -44.577422 -24.209217 -53.055457 -57.286858 
65.831550 73.181302 63.571603 83.691087 15.250823 52.310840 11.984207 -80.622035 -19.135287 -30.271521 -74.142648 
9.735698 51.834158 49.395246 75.412032 -24.075196 -37.264558 18.804049 -85.677118 -29.779793 -47.560884 -34.645379 
68.450239 83.960405 49.395246 73.377174 17.250823 81.469429 -61.625023 55.977168 -7.277751 -62.787287 -34.645379 
31.352405 73.181302 49.395246 75.412032 14.250823 -38.264558 -8.747304 18.881396 -24.209217 -35.515478 -98.086885 
85.986956 27.441688 44.577685 57.651360 -35.307981 51.310840 -14.758950 -71.259035 -8.277751 -30.271521 -75.974035 
9.735698 73.181302 50.395246 75.412032 -31.978305 -38.264558 -63.625023 -73.141438 -24.209217 -47.560884 -89.234885 
39.717392 55.649343 49.395246 69.684501 60.193053 -94.780986 11.984207 -73.141438 -30.779793 -35.515478 -79.848801 
39.717392 51.834158 43.577685 73.377174 60.193053 -37.264558 -87.907681 -44.577422 -18.135287 -35.515478 -89.234885 
81.987772 51.834158 45.577685 73.377174 -96.298872 69.258055 -87.907681 -73.141438 -31.890379 -53.055457 -74.142648 
9.735698 74.181302 54.060176 83.691087 59.908841 9.928189 -8.747304 44.708567 -29.779793 -96.944557 -55.832141 
9.735698 72.181302 54.060176 73.377174 16.250823 82.469781 -62.625023 -79.622035 -60.359049 -71.881282 -78.848801 
65.831550 58.322219 49.395246 95.976888 -32.540921 19.384645 -50.102175 -73.141438 -19.135287 -3.170767 -97.086885 
9.735698 85.960405 49.395246 83.691087 -32.978305 -37.264558 -62.625023 44.708567 -21.198201 -62.787287 -89.499739 
2.370533 69.569523 53.060176 73.377174 59.444857 -39.734745 -62.625023 -44.577422 -30.890379 -68.241294 -79.848801 
69.450239 59.322219 45.577685 74.377174 -41.687573 -40.734745 -62.625023 -81.622035 -83.232898 -68.241294 -89.499739 
2.370533 59.322219 49.395246 73.377174 59.444857 81.469781 -20.673564 -93.472392 -83.232898 -3.170767 -87.234885 
39.717392 25.603417 24.980595 75.412032 -31.978305 51.310840 -87.907681 -44.577422 -17.751921 -83.241876 -89.499739 
55.742543 74.181302 49.395246 89.991414 60.908841 -25.598592 18.804049 -81.622035 -41.025930 -96.944557 -75.974035 
15.121500 73.181302 54.060176 61.234079 59.444857 98.394786 -9.348469 -73.141438 -18.751921 -2.170767 -57.286858 
65.831550 74.181302 49.395246 73.377174 -94.298872 -94.780986 -74.838406 54.977168 -7.277751 -47.560884 -75.974035 
55.742543 69.569523 44.577685 61.234079 -96.298872 69.258055 19.804049 -79.405847 -30.779793 -35.515478 -74.142648 
85.986956 73.181302 45.577685 75.412032 -95.298872 69.258055 18.804049 -81.622035 -84.232898 -47.560884 -74.974035 
82.987772 69.569523 45.577685 73.377174 59.444857 51.310840 -20.842909 44.708567 -7.277751 -3.170767 -88.234885 
55.742543 74.181302 49.395246 75.412032 17.250823 99.394786 -20.673564 -73.141438 -21.198201 -46.560884 -88.234885 
31.352405 59.322219 49.395246 62.234079 -96.298872 69.258055 -87.907681 -62.492977 -21.198201 -2.170767 -56.286858 
77.514931 84.960405 63.571603 73.377174 18.250823 -38.264558 18.804049 -81.622035 -21.198201 -68.241294 -74.142648 
55.742543 59.322219 45.577685 73.377174 17.250823 20.384645 11.984207 -79.405847 -19.135287 -2.170767 -57.286858 
2.370533 73.181302 45.245754 61.234079 -31.335730 19.384645 -62.625023 53.977168 -83.232898 -2.170767 -97.086885 
2.370533 59.322219 44.577685 75.412032 -96.298872 8.928189 -8.747304 55.977168 -21.198201 -3.170767 -58.286858 
139380 1010 45773
