31.352405 70.569523 54.060176 74.377174 17.250823 -94.780986 -20.842909 18.881396 -31.890379 -67.241294 -97.086885 
31.352405 70.569523 70.313470 70.684501 59.444857 -37.264558 -62.625023 -86.082091 -30.890379 -69.241294 -98.086885 
31.352405 68.569523 62.571603 75.412032 15.250823 82.469781 -9.348469 -93.472392 -17.135287 -35.648054 -74.974035 
86.986956 72.181302 53.060176 73.377174 58.444857 9.928189 -62.625023 -93.472392 -40.025930 -68.241294 -57.286858 
84.986956 59.322219 55.060176 73.377174 -31.978305 9.928189 -20.842909 -79.622035 -39.025930 -68.241294 -74.974035 
2.370533 72.181302 55.060176 75.412032 17.250823 -37.264558 -20.842909 54.977168 -31.890379 -68.241294 -75.974035 
85.986956 86.960405 53.060176 73.377174 17.250823 -37.264558 -9.348469 18.881396 -31.890379 -68.241294 -90.234885 
77.514931 69.569523 45.577685 75.412032 17.250823 -37.264558 -62.625023 -44.577422 -31.890379 -34.515478 -57.286858 
35.476840 60.322219 62.571603 76.412032 16.250823 -37.264558 -89.907681 -93.472392 -18.751921 -70.241294 -74.142648 
35.476840 86.960405 62.571603 74.377174 17.250823 -37.264558 -63.625023 18.881396 -18.751921 -68.241294 -75.974035 
85.986956 60.322219 53.060176 73.377174 15.250823 -37.264558 -11.348469 -93.472392 -19.135287 -53.055457 -57.286858 
82.987772 84.960405 49.395246 75.412032 15.250823 -38.264558 -62.625023 -87.082091 -18.135287 -68.241294 -78.848801 
85.986956 85.960405 48.395246 73.377174 16.250823 -37.264558 -9.348469 -79.405847 -30.779793 -68.241294 -80.848801 
85.986956 85.960405 63.571603 75.412032 59.444857 -37.264558 -20.842909 -87.082091 -31.890379 -68.241294 -75.974035 
86.986956 58.322219 62.571603 73.377174 17.250823 -37.264558 -62.625023 -93.472392 -31.890379 -68.241294 -89.234885 
85.986956 70.569523 49.395246 57.651360 16.250823 19.384645 -62.625023 -93.472392 -31.890379 -34.515478 -79.848801 
85.986956 59.322219 54.060176 74.412032 17.250823 -37.264558 -63.625023 -87.082091 -31.890379 -68.241294 -99.086885 
2.370533 59.322219 70.313470 73.377174 15.250823 9.928189 -20.842909 18.881396 -30.890379 -52.055457 -57.286858 
85.986956 72.181302 48.395246 56.651360 16.250823 -37.264558 -62.625023 17.881396 -40.025930 -69.241294 -79.848801 
35.476840 85.960405 49.395246 76.412032 16.250823 -37.264558 -62.625023 54.977168 -31.890379 -68.241294 -57.286858 
85.986956 70.569523 53.060176 74.377174 17.250823 -36.264558 -7.348469 -87.082091 -31.890379 -68.241294 -80.848801 
86.986956 60.322219 53.060176 69.684501 17.250823 -36.264558 -86.907681 -93.472392 -18.135287 -69.241294 -57.286858 
85.986956 69.569523 44.577685 74.377174 17.250823 -37.264558 -9.348469 54.977168 -40.025930 -52.055457 -57.286858 
85.986956 60.322219 49.395246 75.412032 17.250823 -94.780986 -11.348469 -87.082091 -19.135287 -53.055457 -97.086885 
31.352405 58.322219 46.577685 83.691087 59.444857 -37.264558 -63.625023 -87.082091 -31.890379 -69.241294 -89.234885 
35.476840 59.322219 49.395246 73.377174 15.250823 -94.780986 -62.625023 -86.082091 -31.890379 -69.241294 -97.086885 
2.370533 58.322219 53.060176 73.377174 -31.978305 -38.264558 -9.348469 54.977168 -31.890379 -69.241294 -99.086885 
85.986956 85.960405 45.577685 73.412032 18.250823 -38.264558 -62.625023 18.881396 -30.779793 -69.241294 -89.234885 
65.831550 60.322219 70.313470 75.412032 58.444857 -37.264558 -20.842909 -85.082091 -31.890379 -68.241294 -75.974035 
82.987772 84.960405 44.577685 73.377174 -31.978305 -93.780986 -88.907681 54.977168 -6.277751 -68.241294 -57.286858 
85.986956 59.322219 46.577685 76.412032 17.250823 -37.264558 -20.842909 55.977168 -31.890379 -68.241294 -75.974035 
2.370533 83.960405 54.060176 73.377174 -31.978305 -93.780986 -63.625023 -43.577422 -7.277751 -30.271521 -57.286858 
64.831550 83.960405 44.577685 74.412032 18.250823 -36.264558 -63.625023 18.881396 -30.779793 -52.055457 -80.848801 
85.986956 69.569523 55.060176 73.377174 15.250823 -37.264558 -9.348469 -87.082091 -31.890379 -53.055457 -90.234885 
35.476840 86.960405 44.577685 57.651360 15.250823 9.928189 -61.625023 -86.082091 -18.135287 -68.241294 -73.416695 
85.986956 85.960405 63.571603 74.412032 59.444857 -38.264558 -62.625023 54.977168 -30.779793 -69.241294 -75.974035 
85.986956 85.960405 62.571603 73.377174 15.250823 -37.264558 -9.348469 -93.472392 -31.890379 -71.881282 -97.086885 
85.986956 59.322219 63.571603 70.684501 18.250823 9.928189 -8.348469 54.977168 -31.890379 -68.241294 -75.974035 
85.986956 59.322219 48.395246 75.412032 -54.248180 9.928189 -62.625023 -44.577422 -31.890379 -69.241294 -74.974035 
85.986956 69.569523 44.577685 75.412032 15.250823 -94.780986 -62.625023 -79.622035 -18.751921 -68.241294 -90.234885 
35.476840 86.960405 49.395246 74.377174 15.250823 -36.264558 -51.102175 54.977168 -7.277751 -68.241294 -57.286858 
65.831550 59.322219 49.395246 75.412032 16.250823 -37.264558 -13.758950 54.977168 -31.890379 -68.241294 -75.974035 
86.986956 69.569523 44.577685 57.651360 17.250823 -38.264558 -9.348469 -44.577422 -6.277751 -34.515478 -74.142648 
64.069894 85.960405 55.060176 70.684501 15.250823 -37.264558 -89.907681 -87.082091 -38.025930 -68.241294 -73.416695 
65.831550 84.960405 53.060176 73.377174 15.250823 -37.264558 -51.102175 -81.622035 -31.890379 -52.055457 -90.234885 
85.986956 83.960405 54.060176 73.377174 17.250823 -37.264558 -62.625023 54.977168 -31.890379 -34.515478 -79.848801 
35.476840 85.960405 53.060176 74.377174 -31.978305 -37.264558 -61.625023 -87.082091 -18.135287 -67.241294 -79.848801 
31.352405 60.322219 55.060176 74.412032 15.250823 -94.780986 -88.907681 -86.082091 -38.025930 -68.241294 -80.848801 
86.986956 69.569523 55.060176 74.377174 15.250823 -38.264558 -88.907681 -80.622035 -31.890379 -68.241294 -76.974035 
85.986956 70.569523 62.571603 75.412032 18.250823 -37.264558 -11.348469 -81.622035 -31.890379 -53.055457 -75.974035 
65.831550 59.322219 46.577685 73.377174 -31.978305 -37.264558 -9.348469 54.977168 -41.025930 -54.055457 -57.286858 
35.476840 59.322219 71.313470 71.684501 17.250823 -37.264558 -9.348469 -86.082091 -40.025930 -52.055457 -98.086885 
35.476840 85.960405 54.060176 74.412032 15.250823 19.384645 -63.625023 -80.622035 -31.890379 -68.241294 -78.848801 
65.831550 86.960405 46.577685 57.651360 17.250823 -93.780986 -9.348469 -45.577422 -19.135287 -52.055457 -79.848801 
84.986956 59.322219 45.577685 73.377174 15.250823 -93.780986 -11.348469 18.881396 -31.890379 -53.055457 -74.974035 
31.352405 85.960405 48.395246 56.651360 17.250823 -94.780986 -62.625023 18.881396 -31.890379 -68.241294 -57.286858 
85.986956 59.322219 64.571603 75.412032 17.250823 -37.264558 -11.348469 54.977168 -31.890379 -53.055457 -78.848801 
34.476840 69.569523 54.060176 76.412032 -31.978305 -93.780986 -51.102175 -86.082091 -31.890379 -53.055457 -73.416695 
35.476840 69.569523 62.571603 73.377174 -31.978305 -36.264558 -51.102175 18.881396 -31.890379 -53.055457 -89.234885 
35.476840 85.960405 55.060176 75.412032 17.250823 -37.264558 -9.348469 -87.082091 -32.890379 -69.241294 -75.974035 
2.370533 60.322219 49.395246 73.377174 15.250823 -37.264558 -62.625023 18.881396 -31.890379 -34.515478 -57.286858 
85.986956 60.322219 45.577685 72.377174 15.250823 -37.264558 -61.625023 -81.622035 -7.277751 -53.055457 -57.286858 
87.986956 84.960405 53.060176 74.377174 17.250823 -37.264558 -13.758950 -87.082091 -31.890379 -35.648054 -78.848801 
85.986956 83.960405 62.571603 74.377174 16.250823 -38.264558 -62.625023 -93.472392 -31.890379 -53.055457 -57.286858 
2.370533 69.569523 45.577685 74.377174 16.250823 19.384645 -9.348469 18.881396 -31.890379 -53.055457 -97.086885 
65.831550 59.322219 62.571603 83.691087 15.250823 -37.264558 -51.102175 -81.622035 -31.890379 -53.055457 -75.974035 
86.986956 84.960405 62.571603 74.412032 17.250823 -37.264558 -62.625023 -44.577422 -18.135287 -68.241294 -80.848801 
65.831550 69.569523 55.060176 74.412032 17.250823 -94.780986 -62.625023 -93.472392 -6.277751 -68.241294 -75.974035 
85.986956 70.569523 53.060176 75.412032 15.250823 -37.264558 -63.625023 -44.577422 -31.890379 -53.055457 -75.974035 
2.370533 69.569523 49.395246 72.377174 17.250823 -37.264558 -13.758950 18.881396 -39.025930 -53.055457 -79.848801 
31.352405 85.960405 70.313470 74.412032 -31.978305 -37.264558 -9.348469 -86.082091 -31.890379 -30.271521 -73.416695 
87.986956 84.960405 45.577685 73.377174 15.250823 9.928189 -62.625023 54.977168 -29.779793 -35.648054 -78.848801 
85.986956 72.181302 53.060176 75.412032 17.250823 19.384645 -62.625023 18.881396 -18.135287 -52.055457 -75.974035 
85.986956 85.960405 55.060176 70.684501 16.250823 -37.264558 -51.102175 -79.622035 -30.779793 -34.648054 -78.848801 
85.986956 59.322219 45.577685 75.412032 17.250823 -37.264558 -62.625023 -93.472392 -31.890379 -69.241294 -76.974035 
65.831550 60.322219 62.571603 75.412032 16.250823 50.310840 -62.625023 -80.622035 -31.890379 -53.055457 -75.974035 
35.476840 60.322219 55.060176 70.684501 15.250823 -93.780986 -50.102175 55.977168 -31.890379 -69.241294 -74.974035 
65.831550 59.322219 54.060176 56.651360 17.250823 -37.264558 -21.842909 -87.082091 -31.890379 -70.241294 -75.974035 
86.986956 85.960405 50.395246 74.412032 17.250823 9.928189 -10.348469 -87.082091 -31.890379 -69.241294 -57.286858 
31.352405 86.960405 45.577685 74.412032 18.250823 -37.264558 -87.907681 -86.082091 -31.890379 -30.271521 -75.974035 
82.987772 86.960405 70.313470 72.377174 16.250823 -94.780986 -9.348469 55.977168 -18.135287 -68.241294 -79.848801 
35.476840 83.960405 70.313470 71.684501 17.250823 -37.264558 -11.348469 -87.082091 -19.135287 -68.241294 -57.286858 
85.986956 59.322219 46.577685 73.377174 -31.978305 -94.780986 -62.625023 54.977168 -31.890379 -53.055457 -80.848801 
65.831550 60.322219 48.395246 70.684501 -54.248180 -37.264558 -88.907681 55.977168 -39.025930 -67.241294 -75.974035 
85.986956 59.322219 49.395246 73.377174 -31.978305 81.469781 -12.758950 -87.082091 -17.751921 -69.241294 -79.848801 
35.476840 69.569523 49.395246 73.377174 18.250823 -36.264558 -62.625023 -93.472392 -30.890379 -53.055457 -56.286858 
65.831550 58.322219 49.395246 73.377174 59.444857 -37.264558 -20.842909 -44.577422 -31.890379 -69.241294 -97.086885 
86.986956 59.322219 55.060176 72.377174 15.250823 -38.264558 -62.625023 -87.082091 -18.751921 -69.241294 -73.416695 
31.352405 59.322219 44.577685 69.684501 -31.978305 19.384645 -62.625023 -94.472392 -18.751921 -70.420862 -80.848801 
77.514931 86.960405 63.571603 74.412032 15.250823 -37.264558 -63.625023 -81.622035 -20.198201 -52.055457 -74.142648 
85.986956 69.569523 48.395246 75.412032 15.250823 -94.780986 -10.348469 -81.622035 -31.890379 -53.055457 -74.142648 
2.370533 83.960405 54.060176 72.377174 17.250823 52.310840 -62.625023 -80.622035 -31.890379 -68.241294 -76.974035 
3.370533 70.569523 55.060176 75.412032 16.250823 10.928189 -11.348469 -94.472392 -31.890379 -53.055457 -74.974035 
85.986956 86.960405 43.577685 70.684501 -31.978305 19.384645 -11.348469 -86.082091 -18.751921 -53.055457 -57.286858 
85.986956 85.960405 62.571603 70.684501 15.250823 9.928189 -9.348469 -86.082091 -30.890379 -69.241294 -57.286858 
65.831550 69.569523 62.571603 73.377174 -54.248180 52.310840 -11.348469 54.977168 -19.198201 -52.055457 -75.974035 
65.831550 85.960405 44.577685 74.412032 16.250823 9.928189 -63.625023 54.977168 -17.751921 -68.241294 -79.848801 
31.352405 59.322219 54.060176 75.412032 15.250823 -38.264558 -13.758950 -81.622035 -31.890379 -68.241294 -97.086885 
65.831550 60.322219 62.571603 73.377174 15.250823 19.384645 -62.625023 -44.577422 -31.890379 -68.241294 -78.848801 
35.476840 59.322219 46.577685 73.377174 18.250823 9.928189 -88.907681 56.977168 -19.135287 -69.241294 -79.848801 
85.986956 59.322219 53.060176 75.412032 15.250823 -93.780986 -62.625023 55.977168 -18.135287 -71.881282 -97.086885 
65.831550 60.322219 63.571603 74.377174 -32.978305 9.928189 -63.625023 -81.622035 -30.779793 -69.420862 -74.142648 
2.370533 84.960405 54.060176 73.377174 17.250823 -37.264558 -20.842909 -87.082091 -31.890379 -69.241294 -74.974035 
85.986956 86.960405 47.577685 73.377174 17.250823 -94.780986 -11.348469 -81.622035 -31.890379 -53.055457 -57.286858 
84.986956 85.960405 46.577685 75.412032 16.250823 -37.264558 -20.842909 -86.082091 -31.890379 -68.241294 -97.086885 
2.370533 59.322219 49.395246 74.412032 -31.978305 -93.780986 -62.625023 -85.082091 -31.890379 -68.241294 -57.286858 
2.370533 59.322219 45.577685 73.377174 18.250823 -36.264558 -9.348469 -86.082091 -19.135287 -68.241294 -56.286858 
85.986956 69.569523 55.060176 75.412032 -31.978305 -37.264558 -9.348469 -80.622035 -31.890379 -68.241294 -76.974035 
64.069894 59.322219 61.571603 70.684501 15.250823 -37.264558 -9.348469 54.977168 -18.135287 -67.241294 -98.086885 
2.370533 60.322219 55.060176 72.377174 16.250823 -37.264558 -62.625023 -80.622035 -31.890379 -53.055457 -79.848801 
65.831550 85.960405 46.577685 72.377174 17.250823 -37.264558 -62.625023 54.977168 -31.890379 -68.241294 -97.086885 
35.476840 59.322219 62.571603 74.412032 16.250823 -38.264558 -62.625023 -80.622035 -31.890379 -68.241294 -75.974035 
2.370533 58.322219 53.060176 75.412032 15.250823 -38.264558 -62.625023 19.881396 -30.779793 -68.241294 -74.974035 
65.831550 59.322219 62.571603 73.377174 16.250823 -37.264558 -63.625023 54.977168 -7.277751 -52.055457 -76.974035 
31.352405 59.322219 54.060176 73.377174 17.250823 8.928189 -62.625023 54.977168 -31.890379 -68.241294 -75.974035 
66.831550 85.960405 55.060176 75.412032 -54.248180 -37.264558 -51.102175 54.977168 -31.890379 -52.055457 -56.286858 
87.986956 60.322219 50.395246 74.377174 -54.248180 -37.264558 -11.348469 -44.577422 -31.890379 -52.055457 -78.848801 
31.352405 85.960405 62.571603 75.412032 59.444857 9.928189 -12.758950 -44.577422 -40.025930 -70.241294 -75.974035 
85.986956 85.960405 49.395246 72.377174 17.250823 19.384645 -20.842909 -81.622035 -30.779793 -70.420862 -57.286858 
84.986956 86.960405 70.313470 57.651360 17.250823 9.928189 -20.842909 -79.622035 -19.135287 -68.241294 -89.234885 
62.260105 69.569523 49.395246 74.377174 16.250823 9.928189 -51.102175 -80.622035 -31.890379 -69.241294 -76.974035 
85.986956 60.322219 50.395246 73.377174 -54.248180 9.928189 -21.842909 -79.622035 -31.890379 -68.241294 -57.286858 
64.069894 59.322219 62.571603 57.651360 59.444857 -36.264558 -9.348469 -81.622035 -18.135287 -52.055457 -74.974035 
31.352405 59.322219 49.395246 73.377174 59.444857 9.928189 -11.348469 -93.472392 -31.890379 -68.241294 -78.848801 
65.831550 86.960405 61.571603 74.377174 18.250823 -37.264558 -20.842909 -86.082091 -18.135287 -30.271521 -57.286858 
85.986956 85.960405 49.395246 75.412032 15.250823 52.310840 -10.348469 -80.622035 -31.890379 -53.055457 -75.974035 
85.986956 69.569523 44.577685 73.377174 15.250823 -93.780986 -11.348469 -81.622035 -7.277751 -69.241294 -57.286858 
35.476840 87.960405 49.395246 74.412032 17.250823 -37.264558 -62.625023 -93.472392 -31.890379 -68.241294 -79.848801 
273400 390 55936
