31.352405 58.322219 53.060176 73.377174 18.250823 -37.264558 -9.348469 -82.622035 -5.277751 -68.241294 -56.286858 
65.831550 58.322219 53.060176 75.377174 16.250823 -37.264558 -8.348469 -82.622035 -31.890379 -68.241294 -74.142648 
66.831550 69.569523 53.060176 72.377174 17.250823 -37.264558 -63.625023 -85.082091 -19.751921 -67.241294 -74.142648 
64.831550 58.322219 53.060176 73.377174 19.250823 -37.264558 -90.907681 16.881396 -32.890379 -69.241294 -76.974035 
64.831550 69.569523 53.060176 73.377174 18.250823 8.928189 -18.842909 16.881396 -32.890379 -67.241294 -78.848801 
64.831550 59.322219 53.060176 73.377174 18.250823 -38.264558 -8.348469 -85.082091 -31.890379 -68.241294 -73.142648 
64.831550 58.322219 53.060176 75.377174 14.250823 -36.264558 -9.348469 -79.622035 -7.277751 -68.241294 -78.848801 
35.476840 58.322219 53.060176 73.377174 19.250823 -37.264558 -11.348469 54.977168 -31.890379 -68.241294 -57.286858 
65.831550 69.569523 55.060176 74.377174 16.250823 -36.264558 -9.348469 -80.622035 -32.890379 -69.241294 -57.286858 
30.352405 69.569523 53.060176 75.377174 17.250823 -36.264558 -9.348469 -86.082091 -5.277751 -68.241294 -77.974035 
64.831550 69.569523 54.060176 75.377174 14.250823 -38.264558 -11.348469 -45.577422 -31.890379 -68.241294 -74.142648 
66.831550 69.569523 53.060176 75.377174 17.250823 -36.264558 -9.348469 16.881396 -32.890379 -69.241294 -58.286858 
65.831550 69.569523 53.060176 74.377174 16.250823 -37.264558 -11.348469 16.881396 -32.890379 -69.241294 -73.142648 
65.831550 69.569523 53.060176 73.377174 16.250823 8.928189 -8.348469 -83.622035 -19.751921 -69.241294 -77.974035 
65.831550 69.569523 55.060176 73.377174 12.250823 9.928189 -11.348469 -85.082091 -33.890379 -68.241294 -79.848801 
64.831550 71.569523 54.060176 73.377174 18.250823 -37.264558 -11.348469 16.881396 -32.890379 -68.241294 -76.974035 
31.352405 69.569523 54.060176 75.377174 19.250823 -37.264558 -9.348469 54.977168 -7.277751 -67.241294 -79.848801 
64.831550 58.322219 53.060176 72.377174 18.250823 -37.264558 -20.842909 15.881396 -7.277751 -67.241294 -75.974035 
31.352405 58.322219 54.060176 77.412032 16.250823 -37.264558 -9.348469 -87.082091 -31.890379 -68.241294 -77.974035 
35.476840 58.322219 63.571603 75.377174 17.250823 8.928189 -9.348469 54.977168 -33.890379 -68.241294 -77.974035 
64.831550 58.322219 52.060176 72.377174 16.250823 9.928189 -9.348469 -82.622035 -30.890379 -69.241294 -79.848801 
65.831550 58.322219 54.060176 73.377174 19.250823 -37.264558 -90.907681 -80.622035 -33.890379 -68.241294 -72.142648 
30.352405 58.322219 53.060176 73.377174 18.250823 -94.780986 -21.842909 -79.622035 -6.277751 -67.241294 -73.142648 
65.831550 69.569523 53.060176 72.377174 16.250823 -38.264558 -8.348469 -83.622035 -31.890379 -69.241294 -79.848801 
64.831550 58.322219 53.060176 74.377174 17.250823 -36.264558 -9.348469 -79.622035 -32.890379 -67.241294 -57.286858 
65.831550 82.960405 53.060176 72.377174 16.250823 8.928189 -9.348469 16.881396 -31.890379 -68.241294 -57.286858 
64.831550 82.960405 52.060176 76.377174 19.250823 -37.264558 -20.842909 16.881396 -31.890379 -67.241294 -80.848801 
63.831550 58.322219 53.060176 73.377174 17.250823 -38.264558 -89.907681 -86.082091 -31.890379 -69.241294 -79.848801 
64.831550 58.322219 53.060176 74.377174 17.250823 -37.264558 -9.348469 -86.082091 -32.890379 -69.241294 -57.286858 
64.831550 86.960405 53.060176 74.377174 19.250823 -37.264558 -9.348469 54.977168 -32.890379 -68.241294 -77.974035 
31.352405 61.322219 53.060176 73.377174 17.250823 -37.264558 -11.348469 -86.082091 -31.890379 -68.241294 -72.142648 
63.831550 58.322219 53.060176 72.377174 15.250823 -37.264558 -18.842909 -83.622035 -5.277751 -67.241294 -80.848801 
64.831550 69.569523 53.060176 73.377174 13.250823 9.928189 -9.348469 -82.622035 -31.890379 -53.055457 -79.848801 
63.831550 69.569523 53.060176 73.377174 18.250823 -94.780986 -88.907681 -80.622035 -31.890379 -67.241294 -76.974035 
65.831550 70.569523 62.571603 73.377174 17.250823 9.928189 -10.348469 54.977168 -32.890379 -67.241294 -73.142648 
65.831550 86.960405 53.060176 73.377174 17.250823 -36.264558 -11.348469 -80.622035 -31.890379 -52.055457 -72.142648 
66.831550 70.569523 53.060176 72.377174 17.250823 -37.264558 -8.348469 -86.082091 -32.890379 -68.241294 -57.286858 
65.831550 81.960405 54.060176 74.377174 14.250823 -37.264558 -8.348469 -80.622035 -31.890379 -53.055457 -80.848801 
65.831550 83.960405 54.060176 76.377174 18.250823 8.928189 -19.842909 -80.622035 -19.751921 -51.055457 -78.848801 
31.352405 58.322219 53.060176 73.377174 14.250823 -36.264558 -8.348469 -79.622035 -31.890379 -69.241294 -75.142648 
64.831550 58.322219 53.060176 75.377174 15.250823 -37.264558 -9.348469 54.977168 -32.890379 -68.241294 -57.286858 
66.831550 69.569523 53.060176 74.377174 17.250823 -36.264558 -19.842909 -82.622035 -31.890379 -69.241294 -80.848801 
64.831550 82.960405 54.060176 73.377174 18.250823 -36.264558 -8.348469 -86.082091 -18.751921 -68.241294 -80.848801 
66.831550 86.960405 53.060176 56.651360 17.250823 -94.780986 -90.907681 -87.082091 -7.277751 -68.241294 -56.286858 
66.831550 58.322219 54.060176 73.377174 14.250823 -39.264558 -8.348469 -80.622035 -31.890379 -69.241294 -80.848801 
64.831550 69.569523 53.060176 75.377174 15.250823 -38.264558 -11.348469 54.977168 -31.890379 -68.241294 -57.286858 
63.831550 69.569523 53.060176 73.377174 18.250823 -36.264558 -19.842909 -80.622035 -31.890379 -67.241294 -79.848801 
64.831550 69.569523 53.060176 75.377174 16.250823 -35.264558 -20.842909 -86.082091 -5.277751 -69.241294 -73.142648 
66.831550 58.322219 53.060176 56.651360 17.250823 -39.264558 -20.842909 -87.082091 -7.277751 -68.241294 -73.142648 
64.831550 70.569523 54.060176 72.377174 18.250823 8.928189 -8.348469 -79.622035 -31.890379 -52.055457 -76.974035 
36.476840 70.569523 53.060176 73.377174 15.250823 -94.780986 -8.348469 -82.622035 -32.890379 -68.241294 -79.848801 
65.831550 58.322219 52.060176 73.377174 17.250823 8.928189 -90.907681 -80.622035 -31.890379 -67.241294 -57.286858 
65.831550 69.569523 55.060176 75.377174 16.250823 -37.264558 -11.348469 15.881396 -32.890379 -69.241294 -77.848801 
64.831550 70.569523 53.060176 74.377174 17.250823 -36.264558 -63.625023 -79.622035 -31.890379 -67.241294 -77.974035 
64.831550 83.960405 53.060176 73.377174 17.250823 9.928189 -8.348469 -82.622035 -31.890379 -69.241294 -78.848801 
64.831550 69.569523 62.571603 72.377174 13.250823 8.928189 -9.348469 -79.622035 -31.890379 -68.241294 -57.286858 
64.831550 58.322219 53.060176 73.377174 13.250823 -37.264558 -20.842909 54.977168 -32.890379 -52.055457 -57.286858 
65.831550 69.569523 53.060176 75.377174 18.250823 -36.264558 -9.348469 16.881396 -33.890379 -69.241294 -74.142648 
64.831550 83.960405 53.060176 73.377174 17.250823 -35.264558 -12.348469 -79.622035 -19.751921 -68.241294 -79.848801 
65.831550 69.569523 53.060176 73.377174 16.250823 -38.264558 -8.348469 54.977168 -32.890379 -68.241294 -73.142648 
63.831550 69.569523 53.060176 76.412032 18.250823 -36.264558 -11.348469 54.977168 -31.890379 -69.241294 -73.142648 
65.831550 68.569523 53.060176 73.377174 18.250823 8.928189 -11.348469 -80.622035 -31.890379 -68.241294 -76.974035 
64.831550 82.960405 54.060176 73.377174 18.250823 -94.780986 -9.348469 -87.082091 -31.890379 -68.241294 -76.974035 
31.352405 61.322219 55.060176 56.651360 17.250823 -38.264558 -19.842909 -80.622035 -7.277751 -68.241294 -73.142648 
64.831550 69.569523 53.060176 56.651360 17.250823 8.928189 -11.348469 -79.622035 -31.890379 -68.241294 -76.974035 
65.831550 58.322219 53.060176 74.377174 17.250823 9.928189 -8.348469 16.881396 -30.890379 -68.241294 -71.142648 
31.352405 58.322219 53.060176 74.377174 18.250823 9.928189 -8.348469 -86.082091 -19.751921 -68.241294 -73.142648 
64.831550 82.960405 53.060176 74.377174 17.250823 -36.264558 -19.842909 -79.622035 -31.890379 -69.241294 -72.142648 
64.831550 58.322219 53.060176 77.412032 16.250823 -37.264558 -63.625023 -83.622035 -19.751921 -68.241294 -78.848801 
64.831550 69.569523 55.060176 75.377174 18.250823 9.928189 -8.348469 -80.622035 -32.890379 -52.055457 -57.286858 
35.476840 69.569523 55.060176 73.377174 16.250823 -36.264558 -19.842909 -80.622035 -31.890379 -68.241294 -79.848801 
64.831550 58.322219 55.060176 73.377174 16.250823 9.928189 -8.348469 54.977168 -32.890379 -69.241294 -79.848801 
65.831550 86.960405 53.060176 75.377174 17.250823 9.928189 -9.348469 -82.622035 -32.890379 -69.241294 -79.848801 
31.352405 58.322219 54.060176 75.377174 19.250823 9.928189 -90.907681 -82.622035 -30.890379 -67.241294 -80.848801 
65.831550 83.960405 53.060176 56.651360 14.250823 -38.264558 -9.348469 -83.622035 -31.890379 -67.241294 -79.848801 
66.831550 58.322219 54.060176 73.377174 17.250823 9.928189 -89.907681 15.881396 -31.890379 -68.241294 -79.848801 
31.352405 58.322219 53.060176 77.412032 18.250823 -95.780986 -9.348469 54.977168 -5.277751 -68.241294 -80.848801 
65.831550 59.322219 53.060176 73.377174 17.250823 -94.780986 -61.625023 -85.082091 -32.890379 -70.241294 -76.974035 
30.352405 58.322219 53.060176 73.377174 17.250823 -37.264558 -7.348469 -86.082091 -31.890379 -68.241294 -79.848801 
64.831550 58.322219 55.060176 74.377174 18.250823 -94.780986 -61.625023 -79.622035 -31.890379 -68.241294 -57.286858 
64.831550 69.569523 53.060176 72.377174 17.250823 -37.264558 -90.907681 54.977168 -30.890379 -68.241294 -77.974035 
65.831550 58.322219 51.060176 75.377174 15.250823 8.928189 -11.348469 16.881396 -31.890379 -68.241294 -80.848801 
65.831550 69.569523 55.060176 72.377174 17.250823 8.928189 -63.625023 -80.622035 -31.890379 -67.241294 -74.142648 
66.831550 68.569523 53.060176 72.377174 18.250823 -36.264558 -8.348469 16.881396 -7.277751 -69.241294 -73.142648 
35.476840 69.569523 53.060176 73.377174 15.250823 -94.780986 -9.348469 -86.082091 -19.751921 -68.241294 -78.848801 
30.352405 71.569523 54.060176 73.377174 14.250823 -38.264558 -19.842909 -86.082091 -7.277751 -69.241294 -73.142648 
36.476840 86.960405 53.060176 73.377174 19.250823 -36.264558 -88.907681 -79.622035 -31.890379 -68.241294 -57.286858 
31.352405 58.322219 52.060176 72.377174 17.250823 -94.780986 -11.348469 -85.082091 -5.277751 -65.241294 -79.848801 
31.352405 69.569523 55.060176 73.377174 15.250823 -94.780986 -63.625023 16.881396 -31.890379 -66.241294 -57.286858 
65.831550 85.960405 53.060176 56.651360 17.250823 -37.264558 -9.348469 54.977168 -32.890379 -68.241294 -78.848801 
30.352405 82.960405 55.060176 56.651360 17.250823 9.928189 -8.348469 16.881396 -31.890379 -68.241294 -79.848801 
65.831550 70.569523 53.060176 72.377174 17.250823 -37.264558 -9.348469 16.881396 -32.890379 -68.241294 -58.286858 
65.831550 58.322219 53.060176 75.377174 19.250823 -37.264558 -7.348469 16.881396 -31.890379 -68.241294 -76.974035 
30.352405 69.569523 53.060176 73.377174 17.250823 -36.264558 -63.625023 -43.577422 -32.890379 -67.241294 -72.142648 
66.831550 61.322219 55.060176 75.377174 17.250823 -94.780986 -11.348469 54.977168 -30.890379 -69.241294 -78.848801 
31.352405 57.322219 54.060176 76.412032 16.250823 -94.780986 -11.348469 -79.622035 -32.890379 -68.241294 -79.848801 
66.831550 58.322219 55.060176 73.377174 16.250823 8.928189 -9.348469 -87.082091 -32.890379 -67.241294 -57.286858 
65.831550 69.569523 53.060176 73.377174 17.250823 -94.780986 -11.348469 16.881396 -31.890379 -68.241294 -72.142648 
65.831550 83.960405 53.060176 73.377174 17.250823 8.928189 -90.907681 -86.082091 -32.890379 -67.241294 -76.974035 
64.831550 85.960405 53.060176 73.377174 18.250823 -36.264558 -88.907681 -83.622035 -30.890379 -68.241294 -78.848801 
30.352405 58.322219 53.060176 73.377174 18.250823 -94.780986 -8.348469 -80.622035 -19.751921 -68.241294 -79.848801 
64.831550 82.960405 54.060176 75.377174 19.250823 -37.264558 -9.348469 15.881396 -32.890379 -69.241294 -73.142648 
65.831550 69.569523 53.060176 75.377174 19.250823 8.928189 -7.348469 -79.622035 -31.890379 -69.241294 -57.286858 
31.352405 58.322219 54.060176 73.377174 18.250823 -37.264558 -8.348469 -43.577422 -31.890379 -68.241294 -73.142648 
64.831550 69.569523 54.060176 75.377174 17.250823 -38.264558 -8.348469 -79.622035 -5.277751 -68.241294 -80.848801 
64.831550 82.960405 53.060176 73.377174 17.250823 -35.264558 -11.348469 -83.622035 -31.890379 -68.241294 -57.286858 
66.831550 58.322219 54.060176 75.377174 19.250823 -38.264558 -9.348469 15.881396 -19.751921 -65.241294 -79.848801 
64.831550 58.322219 53.060176 73.377174 13.250823 9.928189 -8.348469 -44.577422 -20.751921 -69.241294 -80.848801 
65.831550 87.960405 53.060176 73.377174 18.250823 -94.780986 -63.625023 -83.622035 -31.890379 -67.241294 -57.286858 
65.831550 69.569523 53.060176 75.377174 16.250823 -36.264558 -20.842909 -44.577422 -31.890379 -68.241294 -57.286858 
63.831550 69.569523 62.571603 73.377174 13.250823 9.928189 -9.348469 -80.622035 -30.890379 -67.241294 -76.974035 
64.831550 83.960405 53.060176 73.377174 17.250823 -38.264558 -88.907681 16.881396 -19.751921 -66.241294 -73.142648 
64.831550 58.322219 53.060176 72.377174 16.250823 -36.264558 -63.625023 -79.622035 -31.890379 -69.241294 -58.286858 
64.831550 58.322219 54.060176 73.377174 13.250823 -38.264558 -9.348469 -43.577422 -32.890379 -69.241294 -57.286858 
65.831550 61.322219 54.060176 74.377174 17.250823 8.928189 -8.348469 -80.622035 -32.890379 -68.241294 -79.848801 
65.831550 86.960405 53.060176 76.412032 17.250823 8.928189 -90.907681 -79.622035 -7.277751 -68.241294 -80.848801 
30.352405 82.960405 54.060176 75.377174 18.250823 -94.780986 -63.625023 -79.622035 -31.890379 -69.241294 -58.286858 
64.831550 69.569523 55.060176 72.377174 15.250823 8.928189 -63.625023 -44.577422 -7.277751 -67.241294 -77.974035 
63.831550 69.569523 53.060176 72.377174 17.250823 -94.780986 -63.625023 -87.082091 -30.890379 -52.055457 -79.848801 
65.831550 69.569523 54.060176 73.377174 17.250823 -37.264558 -9.348469 -87.082091 -32.890379 -68.241294 -80.848801 
64.831550 82.960405 54.060176 73.377174 17.250823 -95.780986 -88.907681 -44.577422 -31.890379 -68.241294 -77.974035 
65.831550 58.322219 54.060176 73.377174 17.250823 9.928189 -20.842909 -44.577422 -31.890379 -69.241294 -74.142648 
65.831550 69.569523 55.060176 75.377174 18.250823 -36.264558 -19.842909 -80.622035 -32.890379 -68.241294 -79.848801 
66.831550 69.569523 52.060176 72.377174 18.250823 9.928189 -11.348469 -43.577422 -31.890379 -52.055457 -57.286858 
65.831550 69.569523 53.060176 73.377174 18.250823 -38.264558 -11.348469 -43.577422 -32.890379 -68.241294 -73.142648 
65.831550 58.322219 53.060176 73.377174 19.250823 8.928189 -8.348469 -87.082091 -32.890379 -68.241294 -80.848801 
65.831550 58.322219 53.060176 73.377174 17.250823 8.928189 -9.348469 -79.622035 -30.890379 -69.241294 -57.286858 
64.831550 60.322219 54.060176 73.377174 17.250823 -94.780986 -20.842909 16.881396 -32.890379 -68.241294 -76.974035 
267720 1980 81800
