2.370533 59.322219 32.043505 67.396498 -83.178768 51.310840 11.984207 -63.492977 -91.797672 -2.170767 -45.584983 
65.831550 82.276192 28.375005 74.377174 60.193053 9.928189 -47.629475 -44.577422 -18.751921 -53.055457 -44.215317 
63.260105 67.899048 25.980595 52.927711 85.430747 -33.703376 -21.842909 -62.492977 -78.724455 -2.170767 -88.234885 
35.476840 81.276192 53.060176 98.587936 60.193053 9.928189 -10.348469 -79.405847 -19.135287 -30.271521 -46.932042 
68.450239 72.181302 44.245754 52.927711 17.250823 79.025729 -7.050999 -71.259035 -18.135287 -58.528803 -55.521183 
64.831550 56.169175 45.577685 75.412032 -30.335730 -25.598592 -62.625023 44.708567 -31.890379 -62.787287 -98.086885 
68.335202 82.276192 53.060176 48.328858 59.908841 19.384645 18.804049 18.788501 -89.972504 -96.944557 -89.499739 
66.977305 61.034940 44.245754 57.651360 -68.887951 81.469429 17.804049 -87.082091 -78.724455 -48.560884 -70.379391 
65.831550 54.501164 53.060176 57.570226 58.908841 90.866612 -9.747304 -87.082091 -91.797672 -1.408322 -36.712973 
65.831550 82.415876 44.577685 73.377174 -24.075196 39.944418 -21.842909 72.708514 -80.981331 -10.019786 -57.286858 
39.717392 85.960405 63.571603 52.927711 -31.978305 99.394786 91.822816 44.708567 -83.232898 -70.420862 -46.345625 
65.831550 27.441688 25.980595 48.328858 -84.178768 79.025729 -20.673564 -39.111471 -19.751921 -47.860633 -98.086885 
54.295284 82.522614 53.060176 85.907324 59.908841 99.394786 -10.348469 -67.711656 -40.876247 -96.944557 -36.712973 
68.335202 73.181302 44.245754 62.234079 -31.978305 82.469781 -50.102175 -68.349789 -21.198201 -35.515478 -74.142648 
31.352405 51.834158 43.245754 61.234079 59.908841 51.310840 -87.907681 44.708567 -21.198201 -96.944557 -88.234885 
39.717392 85.960405 13.585087 61.234079 -27.825093 -25.598592 -87.907681 -57.267637 -83.232898 -47.560884 -50.569305 
69.450239 51.834158 28.375005 37.038844 59.908841 99.394786 -15.758950 -93.472392 -31.177068 -70.420862 -14.165533 
55.742543 82.276192 28.375005 83.691087 -96.298872 9.928189 -56.390114 67.328343 -33.255556 -62.787287 -51.569305 
63.260105 82.276192 49.395246 83.691087 -41.687573 52.310840 11.984207 -71.259035 -21.198201 -23.072272 -57.286858 
65.069894 73.181302 53.060176 73.377174 60.193053 82.469781 18.804049 -93.472392 -7.277751 -70.420862 -80.848801 
66.977305 41.719988 53.060176 97.217903 60.193053 -37.264558 -8.747304 -93.472392 -40.025930 -96.944557 -47.932042 
43.144920 82.276192 44.577685 71.250869 46.632908 90.866612 71.543168 -93.472392 -25.209217 -83.241876 -34.816327 
35.476840 25.228485 44.577685 52.927711 60.193053 81.469429 17.804049 -83.997419 -17.751921 -9.019786 -81.848801 
55.742543 50.769330 44.577685 83.691087 18.250823 -25.598592 -8.747304 70.575540 -33.255556 -2.170767 -57.286858 
76.514931 55.169175 64.788755 70.208741 -22.137372 52.310840 12.984207 -87.082091 -21.198201 -93.971608 -88.234885 
55.742543 82.276192 64.662000 97.217903 -27.693584 13.741415 -87.907681 -78.622035 -6.708179 -10.019786 -73.416695 
81.987772 51.834158 44.245754 61.234079 -96.298872 20.384645 -66.106714 -87.082091 -28.292367 -62.787287 -34.816327 
66.977305 24.776064 44.577685 84.700717 17.250823 82.469781 18.804049 -79.405847 -17.391138 -68.241294 -47.932042 
64.831550 55.169175 35.046410 45.811423 -95.298872 90.866612 71.543168 -71.259035 -83.232898 -94.488390 -22.764237 
84.991684 85.960405 2.887742 75.412032 17.250823 3.978011 -82.094390 -62.492977 -31.177068 -58.528803 -55.832141 
9.735698 73.181302 53.060176 61.234079 59.908841 -79.787086 -62.625023 -44.577422 -40.876247 -58.528803 -81.848801 
64.831550 82.276192 24.980595 58.090667 59.444857 -25.598592 -50.102175 -61.597268 -59.359049 -62.787287 -98.086885 
85.986956 54.501164 25.980595 75.412032 -41.687573 -25.598592 -62.625023 -61.597268 -20.865279 -62.787287 -75.974035 
65.831550 96.544724 66.135148 57.570226 -84.469305 90.866612 -20.673564 -93.472392 -6.708179 -30.271521 -81.848801 
68.335202 92.493433 64.662000 73.377174 -35.307981 -79.787086 -50.102175 54.977168 -31.177068 -96.944557 -46.345625 
43.698566 55.169175 66.135148 57.651360 -25.075196 20.384645 -21.842909 -39.111471 -21.198201 -62.787287 -89.499739 
9.735698 73.181302 49.395246 75.412032 -54.248180 39.944418 11.984207 -93.472392 -20.865279 -70.420862 -83.253017 
14.392239 86.189341 44.245754 73.377174 -32.540921 69.258055 -87.907681 67.328343 -17.347565 -62.787287 -81.848801 
85.796219 92.493433 17.514108 73.377174 -24.075196 81.469429 -62.625023 -71.259035 -21.198201 -22.072272 -34.645379 
39.717392 99.874980 44.577685 71.250869 -31.540921 79.025729 -74.838406 -79.405847 -91.797672 -70.420862 -34.645379 
38.884952 61.034940 66.135148 57.651360 60.193053 90.866612 -8.747304 67.328343 -80.129289 -62.189091 -46.932042 
63.260105 94.463140 49.395246 83.691087 85.430747 79.025729 -50.102175 -85.677118 -21.198201 -3.336086 -36.712973 
68.335202 82.276192 53.060176 48.328858 -84.178768 81.469429 -15.758950 18.881396 -89.972504 -70.420862 -34.645379 
68.450239 86.189341 35.525781 61.234079 -24.075196 69.258055 -8.747304 18.881396 -21.198201 -2.170767 -57.286858 
64.831550 85.960405 32.043505 37.038844 -30.335730 -94.780986 -7.900047 -39.111471 -25.209217 -80.238964 -46.932042 
44.261092 85.960405 35.525781 75.412032 -31.540921 81.469429 -47.629475 -78.622035 -30.779793 -70.881282 -98.086885 
43.698566 82.276192 44.577685 73.377174 -41.687573 -25.598592 -4.427381 44.708567 -21.198201 -92.356581 -73.416695 
15.121500 85.960405 27.307912 89.991414 -41.687573 -79.787086 -21.842909 -44.577422 -19.135287 -48.560884 -14.165533 
67.603161 99.874980 53.060176 69.684501 -84.178768 -37.264558 -63.018950 -87.082091 -80.981331 -30.271521 -35.986523 
65.831550 25.603417 53.060176 61.234079 -25.075196 52.310840 -8.747304 44.708567 -99.295355 -80.344172 -11.957674 
55.742543 82.276192 53.060176 47.328565 -79.043046 51.310840 -21.842909 87.171016 -5.708179 -62.787287 -57.286858 
43.144920 70.631967 35.046410 52.927711 17.250823 -33.703376 -20.673564 -44.577422 -17.391138 -10.019786 -47.932042 
85.986956 27.441688 44.245754 85.907324 -16.091290 -47.056829 -62.625023 -79.622035 -83.232898 -70.420862 -57.286858 
10.735698 55.169175 44.245754 87.842209 60.193053 69.258055 -83.094390 44.708567 -73.634140 -9.019786 -54.810485 
15.121500 41.719988 44.577685 83.691087 12.092686 69.258055 -74.838406 -39.111471 -1.122967 -48.560884 -32.105349 
55.742543 55.169175 64.788755 67.396498 -24.075196 12.741415 -50.102175 44.708567 -99.295355 -62.787287 -14.165533 
39.717392 25.228485 54.560402 75.412032 59.908841 19.384645 -15.758950 44.708567 -33.255556 -93.971608 -44.215317 
39.717392 54.501164 44.577685 73.377174 60.193053 39.944418 75.206187 -62.492977 -52.773218 -58.528803 -35.986523 
65.069894 82.522614 44.245754 73.377174 -69.887951 -47.056829 -9.348469 -73.141438 -80.129289 -35.515478 -56.286858 
82.987772 99.874980 44.577685 87.842209 -16.091290 51.310840 18.804049 -39.122299 -25.209217 -81.238964 -88.499739 
65.069894 56.649343 63.571603 75.412032 -84.178768 79.025729 -87.907681 -39.111471 -21.198201 -62.189091 -75.974035 
85.986956 73.181302 71.313470 98.587936 -95.298872 -37.264558 70.543168 -71.259035 -19.135287 -96.692396 -98.086885 
15.121500 97.544724 93.249966 86.044965 60.193053 -79.787086 -50.102175 67.328343 -20.865279 -70.881282 -47.932042 
65.069894 84.960405 44.577685 71.250869 -67.718463 81.469429 -15.758950 -78.622035 -99.295355 -35.515478 -88.499739 
39.717392 99.874980 49.395246 52.927711 -61.842676 9.928189 -8.747304 -39.111471 -40.876247 -62.787287 -55.521183 
99.062059 73.181302 63.571603 87.842209 -84.469305 9.928189 -49.102175 31.237439 -7.277751 -48.560884 -44.215317 
15.121500 92.172157 49.395246 57.651360 59.444857 19.384645 -21.842909 -44.577422 -6.708179 -96.944557 -89.499739 
39.717392 85.960405 60.495641 73.377174 17.250823 69.258055 -62.625023 44.708567 -25.209217 -69.881282 -88.499739 
63.260105 73.181302 63.571603 73.377174 -30.335730 9.928189 11.984207 -79.405847 -21.198201 -70.420862 -46.932042 
2.370533 82.522614 49.395246 57.651360 -24.075196 9.928189 -47.629475 -67.711656 -91.797672 -30.271521 -34.816327 
67.603161 69.569523 32.043505 48.328858 17.250823 -37.264558 11.984207 -71.259035 -83.232898 -83.241876 -57.286858 
15.121500 86.189341 44.577685 71.250869 -35.307981 9.928189 -63.018950 -39.111471 -30.779793 -34.648054 -57.286858 
65.831550 73.181302 44.245754 45.811423 -54.248180 -25.713923 -87.907681 -39.111471 -80.981331 -10.019786 -88.499739 
9.735698 71.219591 63.571603 46.977433 59.444857 -80.617383 18.804049 -93.472392 -83.232898 -70.420862 -75.974035 
35.476840 69.569523 28.375005 95.976888 -25.075196 10.863745 -62.625023 70.575540 -60.359049 -62.787287 -82.253017 
68.335202 85.960405 53.060176 75.412032 59.908841 -37.264558 -74.838406 -71.259035 -40.025930 -46.560884 -47.932042 
66.977305 86.189341 66.135148 57.651360 17.250823 -25.598592 -83.094390 88.171016 -38.512699 -80.344172 -89.499739 
35.476840 55.169175 53.060176 75.412032 17.250823 -25.598592 18.804049 -39.111471 -40.025930 -2.170767 -88.234885 
81.987772 23.603417 35.525781 45.811423 60.193053 -47.056829 -8.747304 -93.472392 -81.129289 -48.560884 -89.499739 
39.717392 70.631967 53.060176 48.328858 59.908841 -25.598592 -62.625023 -87.082091 -20.865279 -92.356581 -47.932042 
15.121500 59.322219 53.060176 75.412032 59.908841 9.928189 71.543168 -39.111471 -83.232898 -63.787287 -73.416695 
64.831550 82.276192 28.375005 53.092490 -33.740507 90.866612 -10.348469 -79.405847 -80.981331 -62.787287 -88.234885 
65.831550 82.276192 44.245754 97.217903 -41.687573 90.866612 11.984207 -62.492977 -18.751921 -35.515478 -34.816327 
65.831550 59.322219 53.060176 83.691087 -84.178768 -25.713923 -20.842909 -61.492977 -30.779793 -68.241294 -55.832141 
55.742543 85.960405 22.753380 73.377174 -41.687573 9.928189 -8.747304 -87.082091 -60.359049 -70.420862 -34.816327 
68.335202 85.960405 44.245754 52.927711 -41.687573 79.025729 18.804049 -93.472392 -31.890379 -68.241294 -88.499739 
65.305575 55.169175 49.395246 82.691087 -96.298872 81.469429 18.804049 -62.492977 -40.025930 -62.888713 -83.253017 
81.987772 43.837944 35.046410 75.412032 -32.540921 90.866612 71.543168 -86.082091 -40.025930 -2.170767 -75.974035 
35.476840 82.522614 49.395246 58.090667 30.738492 80.469429 11.984207 70.575540 -18.751921 -81.238964 -73.416695 
68.450239 82.276192 49.395246 75.412032 59.908841 -25.598592 -63.018950 -39.111471 -24.209217 -58.528803 -57.286858 
15.121500 82.276192 44.245754 70.208741 -22.137372 79.025729 -10.348469 87.171016 -20.751921 -70.420862 -88.234885 
85.986956 27.441688 64.788755 73.377174 30.738492 -25.598592 -74.838406 -44.577422 -40.025930 -48.560884 -89.499739 
77.514931 94.463140 49.395246 97.217903 -32.540921 -78.787086 71.543168 -44.577422 -40.876247 -68.241294 -46.932042 
3.370533 55.169175 49.395246 52.927711 -95.298872 -94.780986 71.543168 54.977168 -29.779793 -57.655201 -44.215317 
3.370533 85.960405 44.577685 69.684501 -31.978305 81.469429 -74.838406 -58.372279 -91.797672 -53.055457 -46.932042 
43.698566 59.322219 44.245754 61.234079 -32.740507 -36.264558 -75.838406 18.881396 -59.608920 -35.085550 -34.645379 
39.717392 85.960405 49.395246 46.977433 60.193053 19.384645 -21.842909 18.881396 -19.751921 -96.944557 -44.215317 
77.514931 81.522614 53.060176 57.651360 59.908841 100.394786 18.804049 -62.492977 -83.232898 -34.648054 -88.234885 
68.450239 55.169175 14.525764 98.587936 -41.687573 -24.598592 -20.842909 18.485867 -18.751921 -30.271521 -50.435982 
81.987772 81.522614 25.980595 67.396498 -25.075196 -25.598592 37.992214 -68.349789 -82.232898 -83.241876 -73.416695 
81.987772 69.569523 25.980595 75.412032 -84.469305 69.258055 -74.838406 -57.267637 -21.198201 -62.787287 -54.810485 
9.735698 55.649343 25.980595 50.879338 -32.540921 -79.787086 18.804049 54.977168 -59.608920 -70.881282 -75.974035 
67.603161 73.181302 44.577685 48.328858 -23.075196 -25.598592 -21.842909 -67.711656 -30.779793 -35.515478 -55.832141 
65.831550 86.189341 44.245754 71.250869 -32.540921 72.066557 18.804049 -93.472392 -20.865279 -83.241876 -57.286858 
65.831550 61.034940 27.307912 37.038844 59.444857 -25.598592 -9.747304 54.977168 -6.708179 -34.648054 -98.086885 
3.370533 96.544724 44.577685 52.927711 -79.043046 9.928189 -66.106714 -87.082091 -78.724455 -93.971608 -46.932042 
38.884952 73.181302 49.395246 83.691087 -95.298872 19.384645 -21.842909 -63.492977 -40.876247 -92.356581 -98.086885 
81.987772 82.276192 35.046410 48.401391 -67.887951 51.310840 18.804049 -44.577422 -25.209217 -70.420862 -97.087778 
15.121500 85.960405 0.297874 75.412032 -69.887951 -27.676416 -87.907681 87.171016 -25.209217 -81.238964 -44.215317 
64.831550 42.837944 44.577685 70.208741 -30.335730 -40.734745 -8.747304 -71.259035 -78.724455 -68.241294 -50.435982 
91.741078 99.874980 44.577685 73.377174 80.067662 -25.598592 -10.348469 67.328343 -91.797672 -3.336086 -57.286858 
68.450239 51.834158 49.395246 83.691087 60.193053 20.384645 -47.629475 55.977168 -30.779793 -57.655201 -88.234885 
55.742543 55.169175 63.571603 73.377174 17.250823 19.384645 -56.390114 -66.711656 -21.198201 -56.655201 -44.215317 
65.831550 70.631967 49.395246 37.038844 17.250823 -25.598592 71.543168 -39.111471 -40.025930 -34.648054 -89.499739 
91.741078 56.169175 49.395246 61.234079 17.250823 69.258055 -62.625023 -44.577422 -60.359049 -10.019786 -45.695801 
2.370533 73.181302 53.060176 91.943177 -54.248180 69.258055 37.992214 87.171016 -6.708179 -62.787287 -32.105349 
67.335202 96.544724 27.307912 70.374999 -24.075196 79.025729 11.984207 54.977168 -59.608920 -10.019786 -0.782683 
43.698566 54.501164 22.753380 89.991414 -17.671406 99.394786 -8.747304 -79.405847 -21.198201 -35.515478 -88.234885 
43.698566 75.559721 44.245754 97.478186 17.250823 19.384645 -8.747304 -44.577422 -25.209217 -2.336086 -47.932042 
65.831550 85.960405 25.980595 69.684501 -24.075196 -26.598592 -4.427381 -87.082091 -21.198201 -96.944557 -49.569305 
67.603161 95.463140 53.060176 67.396498 -24.075196 -79.787086 -47.629475 -78.622035 -20.865279 -62.787287 -36.712973 
64.831550 74.181302 35.046410 98.587936 -17.671406 9.928189 -47.629475 -93.472392 -91.797672 -57.655201 -50.569305 
9.735698 68.569523 53.060176 67.396498 85.430747 -79.787086 -21.842909 18.485867 -7.277751 -62.787287 -73.416695 
63.260105 82.276192 66.135148 52.927711 -25.075196 81.469429 -15.758950 -62.492977 -31.890379 -70.420862 -70.379391 
68.450239 51.834158 53.060176 98.587936 60.193053 19.384645 -10.348469 -79.405847 -21.198201 -70.420862 -44.215317 
15.121500 25.603417 44.245754 75.412032 -25.075196 -94.780986 -83.094390 54.977168 -31.890379 -2.170767 -73.416695 
55.742543 73.181302 25.980595 87.842209 -32.540921 13.741415 -62.788452 -39.111471 -80.981331 -83.241876 -47.932042 
24.706017 55.649343 49.395246 83.691087 17.250823 79.025729 11.984207 -39.122299 -80.981331 -96.944557 -34.645379 
127140 60 20904
