99.062059 50.769330 35.046410 37.038844 -24.075196 92.264646 88.248916 -63.492977 -17.391138 -58.528803 -88.499739 
64.831550 54.501164 17.514108 75.412032 46.632908 -47.056829 91.822816 -71.259035 -40.488745 -34.648054 -46.932042 
81.987772 82.415876 44.577685 95.584217 59.908841 39.944418 11.984207 -87.082091 -31.177068 -48.560884 -50.435982 
63.260105 27.441688 28.375005 85.907324 -32.740507 20.384645 -50.102175 18.881396 -60.880582 -69.074669 -36.712973 
15.121500 71.219591 14.525764 75.412032 -81.285825 -37.264558 -8.747304 -39.111471 -89.972504 -20.715443 -34.645379 
2.370533 73.181302 53.060176 97.217903 -27.693584 93.093611 -62.625023 87.171016 -73.634140 -68.241294 -98.086885 
68.450239 67.905980 49.395246 75.412032 -30.335730 -39.734745 -4.427381 70.575540 -28.292367 -10.019786 -88.234885 
2.370533 73.181302 1.454955 71.250869 30.738492 99.394786 -47.629475 -61.597268 -83.232898 -34.648054 -84.253017 
3.370533 73.181302 35.046410 70.374999 17.250823 99.394786 -21.842909 -79.405847 -6.708179 -93.971608 -0.459639 
65.831550 85.960405 44.245754 98.587936 85.430747 81.469429 -83.094390 -44.577422 -52.571739 -2.336086 -71.873350 
83.991684 24.603417 33.104324 75.412032 -32.740507 90.866612 -62.625023 87.171016 -99.295355 -1.408322 -46.345625 
85.796219 65.222478 20.839201 50.879338 -0.693457 -25.598592 -47.629475 -79.405847 -54.958453 -62.787287 -54.810485 
24.706017 61.034940 44.245754 73.377174 -67.718463 10.863745 -27.093162 -87.082091 -78.724455 -47.560884 -34.816327 
65.305575 99.874980 2.651186 49.552557 -66.537150 -33.703376 -62.625023 -44.577422 -55.005411 -3.336086 -81.892469 
39.717392 55.649343 71.313470 37.038844 46.632908 -30.790702 -15.758950 72.708514 -80.131232 -55.979291 -46.345625 
62.412634 73.181302 44.245754 83.691087 59.444857 79.025729 -62.625023 -61.597268 -21.198201 -18.523202 -88.499739 
68.335202 82.276192 66.135148 97.217903 -41.687573 10.863745 -20.842909 -87.082091 -6.708179 -68.241294 -70.379391 
81.987772 85.960405 49.395246 1.290966 85.430747 20.384645 37.992214 -87.082091 -33.255556 -75.248403 -39.067569 
64.831550 82.276192 49.395246 57.570226 17.250823 19.384645 -7.900047 -39.111471 -19.751921 -83.241876 -88.234885 
2.370533 73.181302 64.788755 61.234079 60.193053 21.384645 -50.102175 54.977168 -99.295355 -3.336086 -22.764237 
43.698566 28.364270 49.395246 58.090667 60.193053 13.741415 82.080524 -87.082091 -31.890379 -57.655201 -71.873350 
44.261092 40.511855 49.395246 49.552557 -84.469305 52.310840 12.984207 18.881396 -83.232898 -3.336086 -44.215317 
15.121500 85.960405 28.375005 52.824042 59.444857 3.978011 75.206187 -87.082091 -99.295355 -68.241294 -50.569305 
35.476840 82.276192 66.135148 71.250869 30.738492 69.258055 11.984207 -79.405847 -30.779793 -2.170767 -88.234885 
83.991684 82.276192 0.297874 83.691087 46.632908 3.978011 -21.842909 -39.111471 -33.255556 -3.336086 -57.286858 
39.717392 73.181302 49.395246 70.374999 -31.540921 81.469429 -4.427381 -83.997419 -31.890379 -10.019786 -97.087778 
63.260105 54.501164 51.394899 37.038844 -54.248180 99.394786 15.693706 18.485867 -89.972504 -50.941427 -55.521183 
43.698566 99.874980 41.715427 87.842209 -69.887951 3.978011 -15.758950 -91.611570 -73.634140 -93.971608 -33.816327 
85.986956 73.181302 44.245754 45.811423 17.250823 99.394786 -20.673564 -73.141438 -88.256299 -70.881282 -34.645379 
37.952281 71.219591 71.313470 1.290966 85.430747 82.469781 -87.907681 -61.597268 -83.213156 -62.787287 -88.234885 
68.335202 70.631967 44.245754 48.401391 99.092949 -27.676416 -8.747304 -67.711656 -20.865279 -62.189091 -44.215317 
15.121500 46.720050 49.395246 69.684501 59.908841 19.384645 17.804049 18.788501 -29.779793 -10.019786 -32.867323 
13.752928 24.603417 53.704535 83.691087 -60.255409 80.469429 -7.050999 55.959957 -83.232898 -59.185015 -34.816327 
62.260105 82.276192 17.514108 58.090667 60.193053 -97.777789 71.543168 18.485867 -40.876247 -38.035976 -88.234885 
39.717392 70.631967 53.060176 75.412032 60.193053 9.928189 -21.842909 -62.492977 -21.198201 -95.944557 -44.215317 
63.260105 67.899048 53.704535 47.328565 -54.248180 -47.056829 -62.625023 -79.405847 -60.359049 -82.410277 -46.932042 
68.450239 82.276192 84.065729 37.038844 -69.887951 45.079590 -20.673564 -83.997419 -83.232898 -81.238964 -37.776481 
83.991684 86.189341 44.245754 58.090667 -31.978305 9.928189 15.693706 18.788501 -83.232898 -81.238964 -0.782683 
67.603161 82.276192 44.577685 70.208741 -32.540921 -25.598592 -21.842909 -78.622035 -40.876247 -58.528803 -47.932042 
14.392239 59.322219 49.395246 69.684501 17.250823 51.310840 -50.102175 -39.111471 -83.232898 -92.356581 -81.848801 
65.831550 54.501164 55.499229 91.943177 60.193053 20.384645 -4.427381 -63.492977 -21.198201 -54.055457 -46.584983 
9.735698 85.960405 71.313470 97.217903 -69.887951 -80.617383 -50.102175 -39.122299 -89.972504 -81.238964 -44.215317 
2.370533 92.493433 49.395246 61.234079 46.632908 3.978011 -83.094390 55.959957 -74.634140 -56.655201 -35.986523 
63.260105 85.960405 53.060176 58.090667 31.738492 -47.056829 37.992214 -62.492977 -28.292367 -80.238964 -50.569305 
9.735698 82.276192 33.104324 52.824042 -68.887951 82.469781 -9.023896 -63.492977 -20.865279 -30.271521 -45.584983 
2.370533 27.441688 64.788755 61.968701 7.662162 -25.598592 -7.050999 -71.259035 -91.797672 -20.715443 -57.286858 
65.305575 99.874980 64.662000 50.879338 5.408212 -80.617383 18.804049 -39.122299 -0.122967 -26.504534 -70.379391 
2.370533 73.181302 93.249966 46.811423 30.738492 -19.351484 -40.154569 -79.405847 -40.876247 -53.055457 -55.910701 
43.144920 96.544724 53.060176 73.377174 -54.248180 90.866612 18.804049 -79.405847 -60.359049 -70.420862 -57.286858 
43.698566 79.443175 64.662000 61.234079 60.193053 79.025729 -47.629475 -39.111471 -40.025930 -78.588910 -88.234885 
54.295284 27.441688 44.577685 89.991414 -16.091290 79.025729 56.185873 -61.597268 -20.865279 -62.888713 -54.810485 
77.514931 87.189341 49.395246 1.290966 5.408212 19.384645 -62.625023 -61.597268 -73.634140 -20.715443 -74.142648 
2.370533 41.719988 44.577685 97.217903 -84.178768 -25.713923 -27.093162 87.171016 -91.797672 -50.941427 -50.569305 
77.514931 43.837944 14.525764 83.691087 -31.540921 10.863745 97.472162 87.171016 -59.359049 -62.189091 -34.816327 
97.956315 60.111116 64.788755 28.871628 -30.978305 -2.281254 72.950423 -78.622035 -80.981331 -96.944557 -70.379391 
39.717392 6.077758 59.495641 58.090667 -18.671406 51.310840 -7.050999 -79.405847 -21.198201 -18.523202 -34.645379 
65.305575 73.181302 64.788755 83.691087 -27.825093 79.025729 -62.625023 -46.266589 -19.135287 -23.072272 -47.932042 
15.121500 85.960405 79.467836 67.396498 12.092686 82.469781 74.206187 -83.997419 -20.865279 -93.971608 -70.379391 
39.717392 76.559721 86.268112 45.144653 -31.978305 19.384645 -4.427381 87.171016 -84.232898 -68.241294 -55.910701 
83.991684 99.874980 25.980595 87.842209 59.908841 90.866612 -63.018950 -58.372279 -80.129289 -50.941427 -47.932042 
64.831550 86.189341 49.395246 57.651360 -30.335730 19.384645 -74.838406 -93.472392 -59.608920 -2.170767 -98.086885 
81.987772 24.603417 49.395246 95.584217 -35.661201 -37.264558 -62.625023 70.575540 -18.751921 -95.692396 -81.848801 
9.735698 55.169175 35.525781 83.691087 -84.178768 -37.264558 71.543168 44.708567 -91.797672 -3.336086 -57.286858 
81.987772 55.649343 73.998572 46.977433 -31.978305 -36.264558 28.999098 -78.622035 -80.981331 -68.241294 -44.215317 
65.831550 82.522614 63.571603 73.377174 17.250823 -94.780986 18.804049 -71.259035 -6.708179 -53.055457 -73.416695 
15.121500 67.899048 79.467836 46.977433 -32.740507 -25.713923 -10.348469 -41.528750 -91.797672 -93.971608 -35.986523 
92.201434 82.276192 53.060176 95.584217 -79.043046 13.741415 -83.094390 87.171016 -17.347565 -57.655201 -72.873350 
83.991684 69.569523 74.680664 57.570226 -27.825093 -37.264558 -8.747304 18.881396 -21.198201 -94.488390 -34.816327 
2.370533 59.322219 28.375005 61.234079 -53.248180 -25.598592 -62.625023 -39.111471 -78.724455 -10.019786 -89.234885 
65.831550 73.181302 22.753380 58.090667 59.908841 -25.598592 18.804049 -73.141438 -31.890379 -62.787287 -14.165533 
38.884952 71.219591 7.165333 83.691087 12.263439 20.384645 11.984207 -87.082091 -19.751921 -71.420862 -34.645379 
63.260105 56.649343 73.680664 57.570226 -62.842676 -33.703376 38.992214 -61.597268 -99.295355 -48.560884 -32.105349 
65.305575 86.189341 14.525764 70.374999 -85.469305 -25.598592 -7.050999 39.093971 -60.880582 -69.881282 -88.499739 
24.706017 82.276192 33.104324 70.374999 -30.335730 81.469429 11.984207 -63.492977 -27.292367 -58.566227 -42.986250 
35.476840 27.441688 49.395246 47.328565 83.545684 81.469429 71.543168 -78.622035 -83.232898 -58.528803 -82.253017 
68.450239 99.874980 44.245754 52.927711 -96.298872 9.928189 -8.747304 -71.259035 -25.209217 -35.515478 -14.165533 
43.144920 99.874980 34.525781 48.328858 -69.887951 52.310840 -9.023896 -68.349789 -17.391138 -47.860633 -70.379391 
90.882765 99.874980 44.577685 37.038844 -31.540921 81.469429 75.206187 -85.677118 -82.232898 -47.860633 -10.957674 
82.987772 95.463140 13.585087 97.217903 -41.687573 -25.598592 18.804049 -71.259035 -7.277751 -68.241294 -34.816327 
78.789371 25.603417 63.571603 98.587936 -41.687573 90.866612 -4.427381 -87.082091 -99.295355 -68.241294 -47.932042 
65.069894 60.111116 14.525764 14.000677 -54.248180 -97.777789 28.999098 99.089711 -83.232898 -53.055457 -55.910701 
68.450239 81.276192 64.788755 58.090667 -35.307981 19.384645 18.804049 -83.997419 -40.876247 -48.560884 -70.379391 
37.952281 67.899048 76.095571 70.374999 -84.469305 -2.281254 37.992214 55.959957 -31.890379 -57.528803 -72.416695 
65.831550 55.649343 35.046410 53.092490 59.908841 -79.787086 -47.629475 31.237439 -33.255556 -23.072272 -88.234885 
39.717392 25.228485 49.395246 75.412032 -24.075196 79.025729 -87.907681 -93.472392 -80.981331 -96.944557 -57.286858 
65.069894 42.837944 14.525764 75.412032 -17.671406 20.384645 -63.018950 70.575540 -6.708179 -62.888713 -46.932042 
15.121500 99.874980 53.060176 71.250869 59.908841 13.741415 -62.625023 -87.082091 -21.198201 -70.420862 -55.832141 
92.201434 67.899048 2.887742 69.684501 -84.178768 38.944418 -56.390114 70.575540 -99.295355 -58.655201 -45.695801 
83.991684 24.603417 71.313470 56.570226 -17.671406 3.978011 -27.093162 -87.082091 -11.503144 -68.241294 -88.499739 
10.735698 86.189341 93.249966 73.377174 -17.671406 90.866612 36.992214 -83.997419 -89.972504 -62.888713 -73.416695 
54.295284 70.631967 14.525764 37.038844 17.250823 -33.703376 -63.018950 -71.259035 -73.634140 -94.488390 -88.234885 
3.370533 94.463140 22.753380 83.691087 -84.469305 72.066557 75.206187 70.575540 -29.779793 -3.336086 -83.253017 
81.987772 82.415876 63.571603 87.842209 -79.043046 -60.261667 11.984207 -44.577422 -31.890379 -63.676545 -34.645379 
63.410186 41.719988 49.395246 83.691087 60.908841 81.469429 -20.673564 -93.472392 -83.232898 -80.344172 -33.816327 
81.987772 76.559721 57.628361 84.700717 -69.887951 -33.703376 -47.629475 -39.111471 -18.751921 -68.241294 -32.105349 
65.069894 85.960405 63.788755 57.651360 30.738492 13.741415 -7.050999 -39.111471 -21.198201 -96.692396 -57.286858 
64.831550 27.441688 53.060176 85.907324 12.092686 -27.676416 -47.629475 -63.492977 -31.890379 -3.336086 -88.234885 
64.831550 55.169175 53.060176 61.234079 -41.687573 43.715682 -56.390114 -78.622035 -83.232898 -94.488390 -14.165533 
64.831550 92.172157 49.395246 48.328858 -81.285825 12.741415 -27.093162 -46.266589 -59.359049 -46.560884 -32.105349 
31.352405 41.719988 59.495641 43.917828 -82.285825 -33.703376 -66.106714 55.959957 -52.773218 -96.944557 -88.234885 
68.450239 82.276192 44.245754 83.691087 -84.469305 -39.734745 -50.102175 54.977168 -19.135287 -70.420862 -81.848801 
55.742543 41.719988 71.313470 98.587936 -22.137372 -25.713923 11.984207 -91.611570 -19.751921 -96.944557 -44.215317 
81.987772 95.463140 44.245754 58.090667 -61.842676 -97.777789 -74.838406 -86.082091 -51.571739 -10.019786 -33.816327 
55.742543 69.569523 44.577685 61.234079 -41.687573 -25.598592 18.804049 -67.711656 -38.512699 -62.787287 -98.086885 
68.450239 82.276192 53.704535 37.038844 -22.137372 -30.790702 6.791255 -57.267637 -89.972504 -94.488390 -22.764237 
24.706017 24.776064 73.998572 97.478186 -27.693584 -19.351484 -21.842909 -39.111471 -20.865279 -10.019786 -74.142648 
85.796219 73.181302 71.313470 37.038844 -78.672248 -37.264558 -50.102175 -79.405847 -17.391138 -94.488390 -44.215317 
39.717392 73.181302 53.060176 95.584217 -27.693584 3.978011 -21.842909 -41.528750 -91.797672 -18.523202 -11.957674 
77.514931 85.960405 63.571603 67.396498 -95.298872 19.384645 -8.747304 67.328343 -91.797672 -48.560884 -88.234885 
55.742543 73.181302 54.560402 46.977433 80.067662 90.866612 71.543168 72.708514 -51.571739 -62.787287 -50.435982 
31.352405 47.240554 27.307912 86.044965 -41.687573 -96.777789 71.543168 -39.111471 -17.391138 -35.515478 -88.499739 
68.335202 99.874980 53.060176 73.377174 -31.978305 -25.598592 -10.348469 18.881396 -25.209217 -62.787287 -89.499739 
66.977305 56.169175 32.043505 87.842209 60.193053 69.258055 -66.106714 44.708567 -83.232898 -57.655201 -46.932042 
2.370533 73.181302 54.560402 46.977433 -68.887951 90.866612 -62.788452 18.485867 -17.391138 -34.648054 -54.810485 
85.796219 55.649343 49.395246 95.976888 -67.718463 90.866612 -47.629475 -38.111471 -29.167329 -1.408322 -45.584983 
31.352405 27.441688 27.307912 70.374999 59.908841 9.928189 -50.102175 98.115580 -29.779793 -35.085550 -70.379391 
65.069894 61.034940 53.060176 61.968701 -25.075196 9.928189 -15.758950 -87.082091 -29.779793 -30.271521 -88.499739 
89.543768 81.522614 53.513221 49.552557 -84.469305 82.469781 97.472162 -80.405847 -7.277751 -23.072272 -34.816327 
68.450239 82.276192 22.753380 49.552557 -31.978305 -2.281254 -21.842909 99.089711 -3.725948 -57.655201 -54.810485 
63.260105 55.169175 25.980595 48.328858 59.444857 -26.598592 -10.348469 18.881396 -80.981331 -68.241294 -75.974035 
83.991684 24.603417 53.060176 54.092490 -84.178768 -40.734745 59.993955 -61.597268 -81.129289 -95.692396 -88.499739 
54.295284 73.181302 17.514108 97.478186 -35.307981 19.384645 -4.427381 -39.111471 -59.359049 -3.336086 -50.569305 
91.741078 86.189341 93.249966 97.217903 59.908841 79.025729 -20.673564 21.301909 -80.981331 -50.941427 -45.584983 
15.121500 73.181302 53.060176 37.038844 -81.285825 -37.264558 -10.348469 18.881396 -7.277751 -34.648054 -33.816327 
68.335202 51.834158 44.577685 75.412032 60.193053 99.394786 18.804049 87.171016 -40.025930 -62.787287 -36.712973 
37.952281 81.522614 20.839201 97.217903 30.738492 79.025729 -21.842909 -61.597268 -52.773218 -18.523202 -34.645379 
39.717392 54.501164 27.307912 48.328858 -32.740507 -94.780986 -62.625023 -79.405847 -6.708179 -35.085550 -56.286858 
38.884952 24.603417 74.680664 54.092490 -24.075196 -25.713923 -62.625023 70.575540 -19.751921 -62.787287 -43.215317 
129080 40 20001
