65.831550 58.322219 44.577685 57.651360 -54.248180 -37.264558 -62.625023 -80.622035 -7.277751 -47.560884 -79.848801 
82.987772 73.181302 63.571603 84.691087 59.444857 -37.264558 -62.625023 18.881396 -83.232898 -71.881282 -57.286858 
35.476840 55.649343 54.060176 75.412032 15.250823 52.310840 -9.348469 -87.082091 -7.277751 -83.241876 -57.286858 
65.831550 83.960405 45.577685 58.570226 -79.043046 -37.264558 18.804049 -80.622035 -83.232898 -47.560884 -76.974035 
65.831550 59.322219 63.571603 82.691087 59.908841 51.310840 -9.348469 -87.082091 -30.890379 -68.241294 -79.848801 
3.370533 59.322219 49.395246 75.412032 60.908841 51.310840 -63.625023 -87.082091 -40.025930 -71.881282 -74.974035 
31.352405 59.322219 49.395246 73.377174 17.250823 -94.780986 -87.907681 -71.259035 -7.277751 -83.241876 -74.974035 
35.476840 59.322219 55.060176 83.691087 -31.978305 51.310840 -8.348469 -81.622035 -30.779793 -34.648054 -74.974035 
62.260105 68.569523 63.571603 73.377174 15.250823 9.928189 -51.102175 -87.082091 -21.198201 -68.241294 -75.974035 
84.986956 68.569523 63.571603 83.691087 17.250823 -38.264558 -62.625023 -85.677118 -82.232898 -34.515478 -79.848801 
36.476840 59.322219 63.571603 82.691087 -79.043046 51.310840 -62.625023 -79.405847 -39.025930 -83.241876 -74.974035 
31.352405 68.569523 44.577685 74.412032 17.250823 69.258055 -20.842909 -87.082091 -7.277751 -53.055457 -75.974035 
55.742543 59.322219 63.571603 74.377174 18.250823 81.469781 -87.907681 -80.622035 -18.135287 -53.055457 -79.848801 
31.352405 59.322219 49.395246 57.651360 -31.978305 51.310840 -62.625023 -87.082091 -7.277751 -69.241294 -89.234885 
65.831550 69.569523 55.060176 73.377174 58.444857 51.310840 -8.348469 -79.405847 -6.277751 -68.241294 -75.974035 
39.717392 84.960405 45.577685 73.377174 -31.978305 69.258055 18.804049 -80.622035 -18.751921 -68.241294 -79.848801 
55.742543 83.960405 49.395246 82.691087 17.250823 -37.264558 11.984207 -80.622035 -30.779793 -71.881282 -73.974035 
31.352405 85.960405 45.577685 73.377174 15.250823 -94.780986 -20.673564 -87.082091 -21.198201 -70.420862 -74.142648 
2.370533 59.322219 54.060176 75.412032 -79.043046 52.310840 -9.348469 -80.622035 -7.277751 -68.241294 -34.645379 
31.352405 85.960405 49.395246 73.377174 17.250823 -94.780986 -88.907681 -44.577422 -7.277751 -53.055457 -79.848801 
65.831550 69.569523 63.571603 69.684501 -96.298872 13.741415 -14.758950 -87.082091 -21.198201 -46.560884 -78.848801 
31.352405 70.569523 45.577685 73.377174 18.250823 51.310840 18.804049 -93.472392 -7.277751 -30.271521 -75.974035 
77.514931 68.569523 49.395246 73.377174 15.250823 -37.264558 -14.758950 18.881396 -39.025930 -35.515478 -79.848801 
35.476840 84.960405 53.060176 73.377174 15.250823 -37.264558 -62.625023 -87.082091 -8.277751 -47.560884 -98.086885 
31.352405 58.322219 44.577685 57.651360 -54.248180 51.310840 -50.102175 43.708567 -83.232898 -68.241294 -76.974035 
85.986956 69.569523 43.577685 58.651360 18.250823 52.310840 -13.758950 -80.622035 -83.232898 -68.241294 -90.234885 
2.370533 59.322219 44.577685 75.412032 17.250823 81.469781 -20.842909 -79.405847 -99.295355 -68.241294 -89.499739 
9.735698 55.649343 53.060176 75.412032 17.250823 -47.056829 -9.348469 44.708567 -30.779793 -47.560884 -74.974035 
65.831550 58.322219 44.577685 73.377174 -31.978305 -94.780986 -51.102175 -80.622035 -31.890379 -34.648054 -75.974035 
85.986956 71.569523 44.577685 83.691087 18.250823 81.469781 -87.907681 -93.472392 -39.025930 -47.560884 -74.974035 
85.986956 73.181302 49.395246 74.377174 -31.978305 -94.780986 -14.758950 54.977168 -84.232898 -72.881282 -76.974035 
65.831550 69.569523 45.577685 72.377174 17.250823 81.469429 -64.625023 -87.082091 -98.295355 -34.648054 -74.974035 
2.370533 70.569523 63.571603 74.377174 59.908841 69.258055 19.804049 43.708567 -83.232898 -34.648054 -78.848801 
77.514931 85.960405 49.395246 75.412032 15.250823 -93.780986 -63.625023 -44.577422 -39.025930 -53.055457 -57.286858 
81.987772 85.960405 63.571603 83.691087 60.444857 -37.264558 -20.842909 -81.622035 -31.890379 -69.241294 -79.848801 
77.514931 84.960405 45.577685 73.377174 17.250823 -37.264558 -9.348469 -81.622035 -39.025930 -83.241876 -76.974035 
31.352405 59.322219 49.395246 73.377174 60.193053 19.384645 19.804049 55.977168 -31.890379 -68.241294 -87.234885 
65.831550 84.960405 54.060176 75.412032 -31.978305 -94.780986 -88.907681 -81.622035 -30.779793 -53.055457 -97.086885 
77.514931 73.181302 53.060176 73.377174 15.250823 19.384645 11.984207 18.881396 -40.025930 -47.560884 -97.086885 
65.831550 85.960405 49.395246 73.377174 -79.043046 69.258055 -62.625023 53.977168 -7.277751 -68.241294 -89.234885 
85.986956 83.960405 53.060176 74.412032 17.250823 9.928189 -9.348469 18.881396 -18.135287 -67.241294 -73.416695 
54.742543 84.960405 49.395246 73.377174 -31.978305 -37.264558 -9.348469 -93.472392 -7.277751 -34.648054 -79.848801 
31.352405 59.322219 49.395246 58.570226 -31.978305 69.258055 -87.907681 -81.622035 -7.277751 -34.648054 -34.645379 
84.986956 69.569523 49.395246 83.691087 17.250823 81.469781 -9.348469 -93.472392 -30.779793 -34.648054 -76.974035 
82.987772 59.322219 54.060176 83.691087 15.250823 81.469781 -62.625023 -80.622035 -7.277751 -34.515478 -75.974035 
77.514931 55.649343 62.571603 73.377174 59.908841 69.258055 -88.907681 -81.622035 -31.890379 -53.055457 -76.974035 
65.831550 55.649343 63.571603 61.234079 17.250823 68.258055 -62.625023 -80.622035 -83.232898 -46.560884 -75.974035 
31.352405 69.569523 49.395246 72.377174 15.250823 9.928189 -20.842909 -79.405847 -30.779793 -68.241294 -79.848801 
65.831550 55.649343 63.571603 75.412032 -31.978305 81.469429 11.984207 -80.622035 -31.890379 -52.055457 -73.416695 
10.735698 72.181302 50.395246 75.412032 -31.978305 51.310840 -88.907681 -87.082091 -30.779793 -68.241294 -79.848801 
81.987772 69.569523 44.577685 73.377174 16.250823 -37.264558 -10.348469 53.977168 -83.232898 -68.241294 -74.974035 
85.986956 60.322219 45.577685 73.377174 -31.978305 69.258055 -10.348469 -79.405847 -83.232898 -53.055457 -80.848801 
82.987772 58.322219 48.395246 73.377174 60.193053 -37.264558 -14.758950 18.881396 -30.779793 -69.241294 -79.848801 
65.831550 73.181302 63.571603 73.377174 19.250823 -94.780986 -62.625023 54.977168 -30.890379 -68.241294 -88.499739 
82.987772 73.181302 63.571603 70.684501 -31.978305 -37.264558 -63.625023 -93.472392 -18.135287 -52.055457 -80.848801 
81.987772 59.322219 50.395246 73.377174 -35.307981 -37.264558 -9.348469 54.977168 -17.751921 -30.271521 -79.848801 
35.476840 69.569523 49.395246 73.377174 15.250823 69.258055 -63.625023 -81.622035 -40.025930 -30.271521 -73.416695 
32.352405 59.322219 49.395246 58.651360 18.250823 69.258055 -63.625023 -79.405847 -21.198201 -34.648054 -90.234885 
2.370533 58.322219 49.395246 74.412032 -54.248180 52.310840 -63.625023 -81.622035 -20.198201 -53.055457 -34.645379 
65.831550 59.322219 45.577685 73.377174 17.250823 51.310840 -87.907681 -73.141438 -31.890379 -47.560884 -73.416695 
64.069894 69.569523 63.571603 72.377174 15.250823 19.384645 -62.625023 53.977168 -18.135287 -68.241294 -79.848801 
77.514931 83.960405 54.060176 72.377174 18.250823 -37.264558 11.984207 -87.082091 -31.779793 -34.515478 -89.234885 
85.986956 59.322219 49.395246 73.377174 59.908841 69.258055 -63.625023 -81.622035 -30.779793 -54.055457 -98.086885 
85.986956 59.322219 44.577685 73.377174 18.250823 51.310840 -63.625023 -80.622035 -40.025930 -83.241876 -79.848801 
65.831550 83.960405 44.577685 73.377174 -31.978305 -38.264558 -62.625023 -80.622035 -7.277751 -68.241294 -75.974035 
77.514931 71.569523 49.395246 73.377174 -31.978305 51.310840 -88.907681 -81.622035 -24.209217 -68.241294 -74.974035 
31.352405 70.569523 49.395246 72.377174 15.250823 -37.264558 -62.625023 -80.622035 -83.232898 -35.515478 -74.142648 
31.352405 84.960405 49.395246 82.691087 -41.687573 -37.264558 -87.907681 -79.405847 -31.890379 -69.241294 -78.848801 
82.987772 84.960405 44.577685 83.691087 -30.978305 68.258055 -63.625023 -80.622035 -30.779793 -62.787287 -79.848801 
65.831550 85.960405 63.571603 83.691087 -41.687573 69.258055 -87.907681 18.881396 -30.779793 -68.241294 -73.416695 
35.476840 27.441688 54.060176 75.412032 58.444857 -94.780986 -63.625023 -80.622035 -84.232898 -54.055457 -98.086885 
31.352405 82.276192 46.577685 74.377174 17.250823 82.469781 18.804049 -81.622035 -40.025930 -47.560884 -97.086885 
85.986956 70.569523 44.577685 73.377174 59.444857 -94.780986 -63.625023 -80.622035 -7.277751 -54.055457 -98.086885 
82.987772 60.322219 52.060176 90.991414 17.250823 52.310840 -9.348469 43.708567 -31.890379 -53.055457 -99.086885 
82.987772 68.569523 71.313470 72.377174 -41.687573 68.258055 11.984207 -87.082091 -21.198201 -34.648054 -79.848801 
35.476840 74.181302 49.395246 73.377174 18.250823 51.310840 -9.348469 53.977168 -18.135287 -71.881282 -57.286858 
81.987772 59.322219 63.571603 57.651360 -31.978305 -37.264558 -86.907681 -71.259035 -30.890379 -68.241294 -74.974035 
65.831550 84.960405 46.577685 74.377174 59.444857 52.310840 19.804049 -73.141438 -7.277751 -55.055457 -73.416695 
2.370533 84.960405 44.577685 89.991414 17.250823 69.258055 -62.625023 -87.082091 -24.209217 -34.648054 -79.848801 
2.370533 59.322219 49.395246 73.377174 -38.307981 12.741415 -9.348469 54.977168 -30.779793 -53.055457 -80.848801 
81.987772 59.322219 44.577685 61.234079 -31.978305 51.310840 -87.907681 -87.082091 -30.779793 -53.055457 -97.086885 
82.987772 68.569523 63.571603 75.412032 17.250823 69.258055 -88.907681 -80.622035 -19.135287 -68.241294 -76.974035 
77.514931 55.649343 63.571603 75.412032 18.250823 52.310840 -62.625023 18.881396 -98.295355 -52.055457 -79.848801 
64.069894 84.960405 49.395246 75.412032 17.250823 51.310840 -62.625023 -87.082091 -30.779793 -68.241294 -73.416695 
82.987772 55.649343 48.395246 72.377174 15.250823 -94.780986 -62.625023 -87.082091 -7.277751 -68.241294 -90.234885 
81.987772 73.181302 53.060176 75.412032 -96.298872 81.469781 -62.625023 -71.259035 -99.295355 -69.241294 -77.974035 
66.831550 83.960405 54.060176 83.691087 -31.978305 52.310840 -18.842909 -93.472392 -31.890379 -53.055457 -97.086885 
77.514931 85.960405 63.571603 83.691087 -31.978305 -37.264558 -62.625023 -80.622035 -18.751921 -53.055457 -74.974035 
2.370533 58.322219 63.571603 74.377174 -79.043046 -94.780986 -62.625023 -81.622035 -21.198201 -47.560884 -57.286858 
65.831550 85.960405 45.245754 73.377174 -31.978305 -37.264558 -87.907681 -70.259035 -31.890379 -71.881282 -57.286858 
64.069894 60.322219 49.395246 74.412032 16.250823 80.469429 -20.673564 -80.622035 -31.890379 -35.515478 -56.832141 
82.987772 60.322219 54.060176 73.377174 17.250823 80.469429 -9.348469 -93.472392 -40.025930 -70.420862 -98.086885 
82.987772 59.322219 49.395246 75.412032 -38.307981 -94.780986 -20.842909 -81.622035 -30.779793 -52.055457 -90.234885 
77.514931 83.960405 49.395246 75.412032 17.250823 -94.780986 -51.102175 -92.472392 -80.129289 -53.055457 -79.848801 
77.514931 58.322219 54.060176 75.412032 17.250823 -38.264558 -14.758950 54.977168 -7.277751 -35.515478 -98.086885 
35.476840 71.569523 49.395246 83.691087 18.250823 69.258055 -62.625023 -81.622035 -39.025930 -53.055457 -79.848801 
82.987772 59.322219 49.395246 75.412032 15.250823 81.469429 -88.907681 -80.622035 -21.198201 -52.055457 -87.234885 
9.735698 58.322219 71.313470 73.377174 -41.687573 -37.264558 -62.625023 54.977168 -83.232898 -68.241294 -97.086885 
65.831550 70.569523 45.577685 73.377174 18.250823 -94.780986 -9.348469 -81.622035 -6.277751 -30.271521 -73.416695 
65.831550 59.322219 49.395246 73.377174 15.250823 69.258055 -14.758950 55.977168 -39.025930 -83.241876 -79.848801 
77.514931 55.649343 49.395246 75.412032 59.908841 52.310840 -62.625023 54.977168 -31.890379 -35.515478 -76.974035 
31.352405 59.322219 63.571603 83.691087 17.250823 51.310840 -20.842909 -93.472392 -31.890379 -34.648054 -79.848801 
65.831550 59.322219 52.060176 72.377174 -38.307981 -94.780986 -62.625023 -93.472392 -7.277751 -30.271521 -98.086885 
77.514931 84.960405 49.395246 89.991414 -31.978305 -37.264558 -62.625023 -93.472392 -83.232898 -30.271521 -90.234885 
35.476840 69.569523 53.060176 74.412032 15.250823 51.310840 11.984207 -80.622035 -30.779793 -53.055457 -75.974035 
64.831550 59.322219 63.571603 56.651360 -55.248180 81.469781 11.984207 -82.622035 -39.025930 -71.881282 -74.974035 
65.069894 69.569523 49.395246 73.377174 17.250823 -38.264558 -51.102175 -79.405847 -18.751921 -62.787287 -79.848801 
81.987772 72.181302 49.395246 83.691087 59.444857 -94.780986 -62.625023 18.881396 -18.751921 -68.241294 -98.086885 
39.717392 85.960405 52.060176 75.412032 18.250823 13.741415 -62.625023 -80.622035 -83.232898 -52.055457 -79.848801 
31.352405 59.322219 62.571603 73.377174 -31.978305 51.310840 -9.348469 55.977168 -83.232898 -34.515478 -77.974035 
2.370533 84.960405 54.060176 73.377174 17.250823 -37.264558 -62.625023 -93.472392 -40.025930 -72.881282 -80.848801 
85.986956 83.960405 45.245754 83.691087 17.250823 52.310840 -9.348469 18.881396 -18.751921 -53.055457 -73.416695 
65.831550 58.322219 49.395246 82.691087 17.250823 52.310840 -61.625023 55.977168 -31.890379 -52.055457 -98.086885 
35.476840 69.569523 54.060176 61.234079 -31.978305 51.310840 -14.758950 -73.141438 -80.129289 -30.271521 -58.286858 
54.742543 55.649343 49.395246 61.234079 59.444857 51.310840 18.804049 -80.622035 -31.890379 -30.271521 -90.234885 
64.069894 85.960405 49.395246 72.377174 -31.978305 -94.780986 -88.907681 54.977168 -40.025930 -54.055457 -89.234885 
31.352405 84.960405 63.571603 75.412032 -54.248180 -94.780986 -63.625023 18.881396 -19.135287 -71.881282 -79.848801 
65.831550 73.181302 49.395246 75.412032 -38.307981 69.258055 12.984207 -81.622035 -83.232898 -67.241294 -73.416695 
65.831550 60.322219 44.577685 73.377174 16.250823 -37.264558 -87.907681 -80.622035 -18.135287 -52.055457 -89.499739 
55.742543 83.960405 63.571603 83.691087 15.250823 69.258055 11.984207 -93.472392 -31.890379 -53.055457 -79.848801 
65.831550 58.322219 53.060176 83.691087 59.908841 80.469429 -63.625023 55.977168 -21.198201 -53.055457 -88.234885 
2.370533 58.322219 70.313470 73.377174 59.908841 69.258055 -63.625023 55.977168 -7.277751 -52.055457 -79.848801 
55.742543 59.322219 49.395246 69.684501 -31.978305 -94.780986 -13.758950 -93.472392 -30.779793 -67.241294 -90.234885 
85.986956 59.322219 49.395246 75.412032 -30.978305 81.469781 -20.673564 -73.141438 -18.751921 -68.241294 -58.286858 
54.742543 59.322219 44.577685 83.691087 17.250823 81.469781 -10.348469 -93.472392 -83.232898 -68.241294 -89.234885 
82.987772 83.960405 49.395246 73.377174 15.250823 81.469781 -62.625023 -80.622035 -31.890379 -47.560884 -74.974035 
65.831550 85.960405 46.577685 84.691087 18.250823 81.469781 -62.625023 -79.405847 -30.779793 -53.055457 -57.286858 
65.831550 68.569523 49.395246 58.651360 -96.298872 -37.264558 -8.348469 -44.577422 -31.890379 -34.515478 -79.848801 
231510 1440 55736
