56.742543 84.960405 63.571603 56.651360 17.250823 19.384645 -9.348469 -44.577422 -7.277751 -2.170767 -98.086885 
64.831550 56.169175 50.395246 85.907324 -36.307981 52.310840 -62.625023 18.881396 -21.198201 -83.241876 -56.286858 
9.735698 73.181302 49.395246 75.412032 17.250823 -37.264558 -9.348469 55.977168 -18.751921 -68.241294 -74.974035 
86.986956 59.322219 44.577685 62.234079 59.908841 -40.734745 -9.348469 -93.472392 -31.890379 -3.170767 -79.848801 
2.370533 59.322219 45.577685 90.991414 -35.307981 -37.264558 18.804049 54.977168 -20.198201 -68.241294 -75.974035 
68.450239 74.181302 49.395246 62.234079 -35.307981 72.066557 18.804049 -93.472392 -99.295355 -30.271521 -55.832141 
65.831550 25.228485 53.060176 75.412032 -32.540921 -38.264558 -50.102175 -71.259035 -24.209217 -30.271521 -98.086885 
85.986956 73.181302 49.395246 57.651360 16.250823 9.928189 -87.907681 -44.577422 -99.295355 -3.170767 -87.234885 
39.717392 82.276192 53.060176 57.651360 59.444857 51.310840 18.804049 -68.349789 -83.232898 -30.271521 -88.234885 
31.352405 59.322219 45.577685 73.377174 18.250823 -94.780986 -87.907681 -79.405847 -21.198201 -34.648054 -97.086885 
2.370533 51.834158 49.395246 73.377174 -96.298872 51.310840 -63.625023 -73.141438 -7.277751 -83.241876 -98.086885 
65.831550 73.181302 49.395246 83.691087 17.250823 -37.264558 -50.102175 -81.622035 -60.359049 -83.241876 -83.253017 
35.476840 82.276192 54.060176 75.412032 17.250823 -37.264558 -20.673564 -93.472392 -31.890379 -70.420862 -79.848801 
35.476840 69.569523 45.577685 75.412032 59.444857 -37.264558 -51.102175 54.977168 -99.295355 -68.241294 -73.416695 
2.370533 70.569523 45.577685 83.691087 -30.335730 52.310840 -9.348469 54.977168 -83.232898 -68.241294 -87.234885 
85.986956 55.649343 44.245754 61.234079 -30.335730 -25.598592 18.804049 -93.472392 -21.198201 -3.170767 -73.416695 
55.742543 59.322219 44.577685 83.691087 -54.248180 51.310840 -87.907681 -79.622035 -80.129289 -68.241294 -98.086885 
85.986956 24.228485 45.577685 75.412032 17.250823 99.394786 -62.625023 -93.472392 -17.751921 -34.648054 -79.848801 
55.742543 84.960405 45.245754 73.377174 16.250823 -37.264558 -63.625023 -93.472392 -99.295355 -68.241294 -89.234885 
9.735698 51.834158 49.395246 61.234079 -41.687573 -94.780986 -87.907681 -73.141438 -40.025930 -54.055457 -57.286858 
2.370533 72.181302 45.577685 75.412032 16.250823 81.469429 -20.842909 -93.472392 -31.890379 -3.170767 -89.499739 
82.987772 59.322219 46.577685 73.377174 59.908841 79.025729 -9.348469 18.881396 -99.295355 -69.420862 -88.234885 
15.121500 70.569523 54.060176 75.412032 -27.693584 -40.734745 -15.758950 55.977168 -6.708179 -63.189091 -75.974035 
55.742543 84.960405 49.395246 89.991414 60.193053 -37.264558 -9.348469 -87.082091 -83.232898 -35.515478 -98.086885 
55.742543 70.631967 55.060176 57.570226 17.250823 -37.264558 18.804049 -87.082091 -18.135287 -62.189091 -89.499739 
64.069894 59.322219 44.577685 73.377174 59.444857 -37.264558 11.984207 -71.259035 -30.779793 -71.881282 -73.416695 
39.717392 82.276192 49.395246 69.684501 -54.248180 39.944418 -51.102175 -62.492977 -24.209217 -53.055457 -74.142648 
65.831550 85.960405 54.060176 73.377174 59.444857 9.928189 -87.907681 -73.141438 -83.232898 -68.241294 -89.499739 
68.335202 84.960405 49.395246 67.396498 17.250823 69.258055 11.984207 -79.405847 -7.277751 -34.648054 -55.832141 
68.335202 84.960405 63.571603 61.234079 -54.248180 69.258055 19.804049 -62.492977 -80.981331 -34.648054 -89.234885 
65.069894 82.276192 54.060176 89.991414 -31.978305 -39.734745 -20.673564 -62.492977 -19.135287 -30.271521 -75.974035 
31.352405 59.322219 49.395246 57.570226 -35.307981 -94.780986 -87.907681 -45.577422 -30.779793 -2.170767 -72.416695 
77.514931 50.769330 63.571603 73.377174 -32.540921 -37.264558 -9.348469 -79.405847 -24.209217 -96.944557 -74.142648 
55.742543 84.960405 54.060176 73.377174 59.444857 -37.264558 18.804049 55.977168 -83.232898 -30.271521 -75.974035 
85.986956 55.649343 53.060176 75.412032 17.250823 14.741415 11.984207 -44.577422 -19.135287 -54.055457 -98.086885 
2.370533 73.181302 45.577685 75.412032 -32.540921 81.469429 -20.673564 -93.472392 -29.779793 -53.055457 -75.974035 
54.742543 70.569523 52.060176 73.377174 17.250823 8.928189 -87.907681 54.977168 -31.890379 -62.787287 -75.974035 
68.335202 84.960405 53.060176 73.377174 -32.540921 -37.264558 -87.907681 -39.111471 -20.198201 -53.055457 -74.142648 
81.987772 55.649343 49.395246 73.377174 -95.298872 69.258055 -15.758950 -93.472392 -6.708179 -70.420862 -55.832141 
65.831550 81.522614 71.313470 73.377174 -54.248180 72.066557 -20.842909 -80.405847 -24.209217 -83.241876 -98.086885 
68.450239 73.181302 53.060176 57.651360 -84.178768 69.258055 -74.838406 -63.492977 -29.779793 -96.944557 -89.499739 
2.370533 82.276192 52.060176 57.570226 -96.298872 69.258055 -20.673564 54.977168 -21.198201 -83.241876 -97.086885 
65.831550 55.649343 49.395246 57.651360 -97.298872 -37.264558 -66.106714 -87.082091 -80.981331 -53.055457 -50.569305 
39.717392 69.569523 49.395246 73.377174 -31.978305 -47.056829 18.804049 -62.492977 -31.890379 -68.241294 -89.499739 
31.352405 59.322219 44.577685 73.377174 -54.248180 9.928189 -8.747304 44.708567 -20.198201 -69.420862 -88.234885 
65.069894 84.960405 50.395246 73.377174 -54.248180 13.741415 11.984207 44.708567 -20.198201 -53.055457 -88.234885 
77.514931 73.181302 54.060176 94.976888 17.250823 -37.264558 -62.625023 -79.405847 -7.277751 -62.787287 -97.086885 
9.735698 55.649343 44.577685 85.907324 17.250823 19.384645 -62.625023 -88.082091 -7.277751 -83.241876 -98.086885 
55.742543 86.189341 53.060176 57.651360 59.908841 -37.264558 -87.907681 -44.577422 -7.277751 -70.420862 -98.086885 
35.476840 55.649343 44.577685 73.377174 -41.687573 19.384645 -74.838406 -93.472392 -83.232898 -34.648054 -79.848801 
31.352405 73.181302 44.577685 89.991414 59.444857 69.258055 -87.907681 -79.622035 -31.890379 -62.189091 -56.286858 
2.370533 51.834158 63.571603 72.377174 -31.978305 -40.734745 -87.907681 -73.141438 -7.277751 -53.055457 -79.848801 
68.335202 73.181302 54.060176 73.377174 59.908841 -37.264558 -51.102175 -87.082091 -7.277751 -70.420862 -83.253017 
64.069894 74.181302 49.395246 67.396498 17.250823 52.310840 -62.625023 -79.622035 -80.129289 -35.515478 -89.499739 
69.450239 84.960405 49.395246 89.991414 59.908841 -38.264558 -63.625023 55.977168 -83.232898 -83.241876 -75.974035 
65.831550 25.603417 53.060176 75.412032 17.250823 8.928189 -15.758950 55.977168 -83.232898 -69.420862 -55.832141 
31.352405 69.569523 50.395246 61.234079 -95.298872 -47.056829 -62.625023 -87.082091 -21.198201 -53.055457 -75.974035 
31.352405 27.441688 63.571603 83.691087 -32.540921 -37.264558 -62.625023 18.881396 -30.779793 -47.560884 -73.416695 
65.831550 84.960405 24.980595 75.412032 59.908841 -94.780986 -62.625023 54.977168 -22.198201 -70.420862 -76.974035 
39.717392 59.322219 45.577685 62.234079 -84.178768 99.394786 11.984207 -93.472392 -99.295355 -3.170767 -75.974035 
39.717392 84.960405 49.395246 75.412032 15.250823 20.384645 11.984207 -79.405847 -83.232898 -30.271521 -98.086885 
65.069894 84.960405 53.060176 44.811423 -30.335730 79.025729 -87.907681 -79.405847 -83.232898 -35.515478 -97.086885 
81.987772 55.649343 45.577685 75.412032 -31.978305 69.258055 -50.102175 -79.622035 -83.232898 -2.170767 -89.234885 
85.986956 59.322219 63.571603 75.412032 17.250823 19.384645 -20.673564 54.977168 -31.890379 -68.241294 -56.286858 
2.370533 51.834158 44.577685 73.377174 17.250823 -37.264558 -63.625023 -94.472392 -31.890379 -70.420862 -79.848801 
35.476840 59.322219 71.313470 70.208741 -27.693584 51.310840 -87.907681 -44.577422 -7.277751 -47.560884 -73.416695 
81.987772 73.181302 54.060176 73.377174 -35.307981 -37.264558 -87.907681 -44.577422 -7.277751 -62.787287 -98.086885 
62.260105 72.181302 45.577685 75.412032 17.250823 51.310840 -62.625023 44.708567 -24.209217 -96.944557 -79.848801 
2.370533 57.322219 44.245754 61.234079 -54.248180 19.384645 -62.625023 -73.141438 -7.277751 -35.515478 -75.974035 
65.831550 73.181302 44.577685 75.412032 60.193053 -38.264558 18.804049 -79.405847 -20.198201 -62.787287 -74.974035 
82.987772 74.181302 53.060176 73.377174 17.250823 51.310840 18.804049 18.881396 -31.890379 -47.560884 -87.234885 
81.987772 59.322219 45.577685 73.377174 -96.298872 -37.264558 -62.625023 -66.711656 -30.779793 -53.055457 -74.974035 
55.742543 73.181302 54.060176 57.651360 59.444857 81.469429 18.804049 54.977168 -21.198201 -63.189091 -55.832141 
55.742543 59.322219 49.395246 73.377174 17.250823 69.258055 18.804049 -81.622035 -80.129289 -62.787287 -89.499739 
9.735698 73.181302 45.577685 73.377174 -54.248180 19.384645 18.804049 -85.677118 -30.779793 -35.515478 -79.848801 
82.987772 51.834158 64.571603 72.377174 -96.298872 -25.598592 -20.673564 -93.472392 -83.232898 -53.055457 -89.499739 
68.450239 74.181302 44.577685 83.691087 -30.335730 79.025729 -87.907681 -44.577422 -40.025930 -3.170767 -89.499739 
55.742543 70.569523 54.060176 89.991414 17.250823 69.258055 11.984207 -93.472392 -83.232898 -35.515478 -79.848801 
65.831550 56.169175 49.395246 95.976888 59.444857 82.469781 -20.842909 -79.405847 -18.751921 -70.420862 -75.974035 
9.735698 82.276192 63.571603 57.651360 17.250823 -37.264558 -87.907681 -44.577422 -7.277751 -53.055457 -56.286858 
2.370533 25.228485 53.060176 94.976888 -31.978305 -37.264558 -63.625023 -79.622035 -7.277751 -35.515478 -97.086885 
65.831550 83.960405 44.245754 73.377174 -31.335730 -94.780986 -87.907681 53.977168 -21.198201 -53.055457 -97.086885 
77.514931 70.631967 44.577685 44.811423 15.250823 -40.734745 -14.758950 -44.577422 -30.779793 -53.055457 -79.848801 
68.335202 73.181302 54.060176 44.811423 17.250823 52.310840 -87.907681 -93.472392 -99.295355 -96.944557 -75.974035 
82.987772 59.322219 53.060176 76.412032 17.250823 69.258055 11.984207 54.977168 -84.232898 -62.787287 -98.086885 
65.831550 59.322219 44.245754 57.570226 18.250823 -47.056829 -62.625023 44.708567 -20.198201 -2.170767 -89.234885 
2.370533 73.181302 53.060176 75.412032 -31.540921 81.469429 -87.907681 -87.082091 -82.232898 -35.515478 -75.974035 
39.717392 73.181302 46.577685 75.412032 -96.298872 -37.264558 -62.625023 53.977168 -99.295355 -62.787287 -74.142648 
55.742543 73.181302 44.577685 75.412032 -23.075196 -95.780986 -9.348469 -66.711656 -29.779793 -62.787287 -57.286858 
55.742543 82.276192 54.060176 61.234079 17.250823 51.310840 18.804049 -93.472392 -21.198201 -30.271521 -56.286858 
81.987772 59.322219 45.245754 75.412032 17.250823 81.469429 -20.842909 -93.472392 -30.779793 -47.560884 -79.848801 
55.742543 51.834158 50.395246 83.691087 59.908841 51.310840 -9.348469 -73.141438 -24.209217 -3.170767 -75.974035 
68.335202 73.181302 43.577685 75.412032 -55.248180 19.384645 -14.758950 -44.577422 -80.129289 -35.515478 -74.142648 
85.986956 73.181302 44.577685 69.684501 60.193053 81.469429 -87.907681 55.977168 -40.025930 -96.944557 -88.234885 
82.987772 51.834158 63.571603 75.412032 17.250823 19.384645 -87.907681 -93.472392 -24.209217 -71.420862 -89.234885 
81.987772 82.276192 53.060176 89.991414 -32.540921 51.310840 -50.102175 53.977168 -18.135287 -3.170767 -57.286858 
54.742543 84.960405 53.060176 57.651360 -96.298872 51.310840 -62.625023 -94.472392 -21.198201 -34.648054 -79.848801 
55.742543 51.834158 71.313470 61.234079 17.250823 81.469429 -63.625023 -87.082091 -17.751921 -83.241876 -98.086885 
65.831550 60.322219 53.060176 83.691087 60.908841 81.469429 -20.673564 -93.472392 -24.209217 -47.560884 -76.974035 
69.450239 55.649343 35.525781 73.377174 59.908841 -48.056829 11.984207 -62.492977 -83.232898 -53.055457 -74.974035 
65.831550 59.322219 53.060176 73.377174 -24.075196 -37.264558 -87.907681 -87.082091 -99.295355 -62.787287 -98.086885 
9.735698 25.228485 49.395246 61.234079 -35.307981 79.025729 -62.625023 -80.622035 -83.232898 -35.515478 -98.086885 
81.987772 51.834158 45.577685 57.651360 17.250823 82.469781 -9.348469 55.977168 -99.295355 -70.420862 -88.234885 
31.352405 70.569523 54.060176 72.377174 -96.298872 13.741415 -87.907681 -88.082091 -30.890379 -62.787287 -34.645379 
65.831550 69.569523 24.980595 75.412032 -97.298872 8.928189 -74.838406 18.881396 -30.779793 -96.944557 -74.974035 
81.987772 55.649343 63.571603 83.691087 59.908841 -40.734745 -87.907681 -62.492977 -29.779793 -4.170767 -98.086885 
35.476840 73.181302 63.571603 69.684501 -24.075196 52.310840 -62.625023 -85.677118 -7.277751 -71.881282 -89.499739 
55.742543 73.181302 44.577685 57.570226 17.250823 69.258055 -87.907681 44.708567 -21.198201 -95.944557 -57.286858 
62.260105 59.322219 45.577685 75.412032 -96.298872 79.025729 -87.907681 -87.082091 -99.295355 -63.189091 -87.234885 
55.742543 84.960405 49.395246 73.377174 17.250823 52.310840 -14.758950 -73.141438 -83.232898 -34.648054 -89.499739 
77.514931 84.960405 63.571603 73.377174 59.444857 69.258055 -87.907681 43.708567 -7.277751 -62.787287 -74.974035 
82.987772 25.228485 54.060176 75.412032 -97.298872 82.469781 -20.842909 -93.472392 -19.135287 -34.648054 -74.974035 
39.717392 69.569523 54.060176 69.684501 -79.043046 -25.598592 11.984207 -73.141438 -19.135287 -68.241294 -56.286858 
85.986956 59.322219 49.395246 61.234079 16.250823 19.384645 11.984207 -62.492977 -19.135287 -53.055457 -79.848801 
65.831550 83.276192 44.577685 62.234079 -55.248180 81.469429 -62.625023 -93.472392 -99.295355 -3.170767 -89.499739 
82.987772 84.960405 45.577685 74.377174 18.250823 81.469781 -62.625023 55.977168 -83.232898 -3.170767 -98.086885 
65.069894 50.769330 71.313470 75.412032 -31.978305 -37.264558 -9.348469 -79.622035 -18.135287 -68.241294 -74.974035 
55.742543 25.228485 49.395246 89.991414 59.908841 19.384645 -87.907681 -93.472392 -24.209217 -83.241876 -74.416695 
62.260105 69.569523 63.571603 75.412032 17.250823 -47.056829 -15.758950 44.708567 -30.779793 -70.420862 -58.286858 
55.742543 72.181302 53.060176 62.234079 -31.978305 8.928189 -9.348469 -73.141438 -24.209217 -96.944557 -99.086885 
65.069894 55.649343 53.060176 57.570226 17.250823 51.310840 -50.102175 -43.577422 -99.295355 -62.787287 -79.848801 
69.450239 92.493433 53.060176 44.811423 -96.298872 39.944418 -66.106714 -92.472392 -31.890379 -53.055457 -88.234885 
55.742543 59.322219 44.577685 75.412032 18.250823 69.258055 18.804049 -79.622035 -99.295355 -3.170767 -98.086885 
69.450239 69.569523 53.060176 62.234079 -54.248180 -25.598592 11.984207 43.708567 -19.135287 -53.055457 -72.416695 
55.742543 73.181302 46.577685 57.651360 59.444857 51.310840 -86.907681 -44.577422 -83.232898 -96.944557 -73.416695 
68.450239 70.631967 54.060176 73.377174 17.250823 -40.734745 18.804049 -79.405847 -21.198201 -35.515478 -89.499739 
55.742543 59.322219 49.395246 89.991414 17.250823 69.258055 -74.838406 -39.111471 -83.232898 -35.515478 -36.712973 
39.717392 51.834158 44.245754 88.991414 60.193053 8.928189 -9.348469 -44.577422 -7.277751 -62.787287 -98.086885 
148450 90 46250
