65.831550 85.960405 54.060176 73.377174 17.250823 -47.056829 -14.758950 55.977168 -20.198201 -68.241294 -79.848801 
84.986956 69.569523 45.577685 73.377174 17.250823 -47.056829 -62.625023 54.977168 -31.890379 -67.241294 -57.286858 
64.831550 84.960405 49.395246 73.377174 -31.978305 51.310840 -63.625023 -93.472392 -20.198201 -35.648054 -57.286858 
81.987772 59.322219 49.395246 61.234079 17.250823 -94.780986 -21.842909 -80.622035 -18.135287 -53.055457 -80.848801 
54.742543 72.181302 63.571603 61.234079 17.250823 19.384645 -20.842909 53.977168 -18.751921 -30.271521 -79.848801 
35.476840 59.322219 63.571603 73.377174 16.250823 -37.264558 -9.348469 -80.622035 -31.890379 -69.241294 -73.416695 
35.476840 83.960405 45.577685 72.377174 18.250823 9.928189 -9.348469 -93.472392 -30.779793 -52.055457 -78.848801 
10.735698 84.960405 45.577685 73.377174 15.250823 -37.264558 -62.625023 -80.622035 -40.025930 -69.241294 -90.234885 
77.514931 58.322219 45.245754 75.412032 -31.978305 -38.264558 -63.625023 -80.622035 -7.277751 -68.241294 -79.848801 
2.370533 85.960405 49.395246 75.377174 -54.248180 -38.264558 -62.625023 -87.082091 -7.277751 -53.055457 -57.286858 
54.742543 59.322219 48.395246 73.377174 17.250823 52.310840 -62.625023 55.977168 -7.277751 -69.241294 -73.416695 
77.514931 59.322219 44.577685 75.377174 17.250823 -37.264558 -63.625023 53.977168 -30.779793 -53.055457 -89.234885 
85.986956 59.322219 62.571603 74.377174 59.444857 -37.264558 -9.348469 54.977168 -7.277751 -53.055457 -57.286858 
77.514931 58.322219 63.571603 82.691087 16.250823 51.310840 -88.907681 -80.622035 -31.890379 -68.241294 -79.848801 
65.831550 71.181302 54.060176 83.691087 59.444857 53.310840 -88.907681 54.977168 -83.232898 -30.271521 -89.234885 
85.986956 60.322219 63.571603 82.691087 -96.298872 52.310840 -50.102175 -80.622035 -30.779793 -52.055457 -78.848801 
82.987772 83.960405 48.395246 75.412032 -96.298872 -94.780986 -62.625023 54.977168 -7.277751 -68.241294 -75.974035 
2.370533 69.569523 54.060176 73.377174 -41.687573 -94.780986 18.804049 -87.082091 -30.779793 -68.241294 -73.416695 
85.986956 59.322219 49.395246 82.691087 18.250823 9.928189 -13.758950 55.977168 -18.751921 -69.241294 -75.974035 
65.831550 69.569523 45.577685 73.377174 59.908841 -94.780986 -14.758950 -81.622035 -30.779793 -30.271521 -34.645379 
2.370533 69.569523 62.571603 75.412032 -31.978305 80.469429 -10.348469 54.977168 -30.779793 -68.241294 -89.234885 
31.352405 69.569523 44.577685 73.377174 18.250823 68.258055 -88.907681 18.881396 -40.025930 -62.787287 -73.416695 
35.476840 69.569523 54.060176 73.377174 18.250823 -37.264558 -88.907681 -87.082091 -7.277751 -67.241294 -98.086885 
83.987772 55.649343 49.395246 71.377174 60.444857 -94.780986 -62.625023 54.977168 -18.751921 -68.241294 -90.234885 
82.987772 85.960405 45.577685 82.691087 16.250823 -37.264558 -9.348469 53.977168 -7.277751 -67.241294 -79.848801 
85.986956 85.960405 49.395246 74.377174 15.250823 -94.780986 -9.348469 -79.405847 -31.890379 -68.241294 -90.234885 
85.986956 58.322219 55.060176 73.377174 18.250823 -37.264558 -62.625023 -80.622035 -31.890379 -34.648054 -81.848801 
64.069894 84.960405 49.395246 73.377174 59.444857 -37.264558 -87.907681 54.977168 -7.277751 -68.241294 -76.974035 
10.735698 70.569523 55.060176 73.377174 17.250823 69.258055 -62.625023 -80.622035 -30.779793 -68.241294 -98.086885 
77.514931 59.322219 49.395246 83.691087 17.250823 -37.264558 -9.348469 54.977168 -18.135287 -67.241294 -74.974035 
31.352405 59.322219 45.577685 57.651360 -31.978305 52.310840 -14.758950 -93.472392 -83.232898 -71.881282 -79.848801 
55.742543 59.322219 44.577685 73.377174 -41.687573 51.310840 -62.625023 54.977168 -30.779793 -52.055457 -79.848801 
35.476840 84.960405 49.395246 74.377174 17.250823 -94.780986 11.984207 -88.082091 -18.751921 -30.271521 -57.286858 
85.986956 70.569523 49.395246 73.377174 17.250823 -37.264558 -88.907681 -80.622035 -30.779793 -67.241294 -79.848801 
85.986956 59.322219 49.395246 73.377174 17.250823 -37.264558 -88.907681 -80.622035 -7.277751 -52.055457 -57.286858 
85.986956 85.960405 49.395246 73.377174 17.250823 81.469781 -62.625023 -87.082091 -31.890379 -53.055457 -80.848801 
2.370533 59.322219 54.060176 70.684501 59.444857 -37.264558 11.984207 43.708567 -30.890379 -34.648054 -57.286858 
54.742543 84.960405 44.577685 73.377174 15.250823 -94.780986 -87.907681 -86.082091 -83.232898 -53.055457 -98.086885 
64.069894 69.569523 48.395246 73.377174 15.250823 -37.264558 -87.907681 -79.405847 -83.232898 -52.055457 -77.974035 
31.352405 55.649343 49.395246 73.377174 17.250823 81.469781 -63.625023 -80.622035 -18.135287 -68.241294 -99.086885 
85.986956 27.441688 49.395246 90.991414 15.250823 -37.264558 -88.907681 -79.405847 -21.198201 -68.241294 -79.848801 
65.831550 83.960405 48.395246 82.691087 -54.248180 51.310840 11.984207 -81.622035 -21.198201 -68.241294 -79.848801 
85.986956 83.960405 70.313470 73.377174 58.444857 -37.264558 -9.348469 -44.577422 -40.025930 -68.241294 -57.286858 
81.987772 85.960405 54.060176 73.377174 17.250823 81.469781 -10.348469 -93.472392 -99.295355 -68.241294 -73.416695 
84.986956 59.322219 53.060176 82.691087 18.250823 -95.780986 -63.625023 -44.577422 -31.890379 -68.241294 -78.848801 
77.514931 59.322219 63.571603 73.377174 17.250823 81.469781 -62.625023 -81.622035 -30.779793 -52.055457 -75.974035 
77.514931 59.322219 45.577685 72.377174 15.250823 68.258055 -13.758950 18.881396 -7.277751 -68.241294 -57.286858 
31.352405 59.322219 54.060176 75.412032 15.250823 19.384645 -9.348469 -94.472392 -40.025930 -68.241294 -57.286858 
35.476840 59.322219 55.060176 70.684501 17.250823 18.384645 -20.842909 -87.082091 -7.277751 -69.241294 -89.234885 
85.986956 83.960405 54.060176 73.377174 18.250823 9.928189 -63.625023 -79.405847 -7.277751 -34.648054 -79.848801 
84.986956 83.960405 54.060176 72.377174 17.250823 69.258055 -62.625023 -80.622035 -83.232898 -69.241294 -76.974035 
77.514931 85.960405 55.060176 75.412032 14.250823 51.310840 -62.625023 -87.082091 -83.232898 -34.648054 -57.286858 
77.514931 73.181302 64.571603 74.377174 15.250823 -37.264558 -63.625023 -44.577422 -7.277751 -69.241294 -74.974035 
77.514931 59.322219 49.395246 73.377174 59.444857 82.469781 -62.625023 -87.082091 -39.025930 -34.515478 -98.086885 
54.742543 73.181302 62.571603 73.377174 17.250823 -94.780986 -63.625023 -81.622035 -19.135287 -68.241294 -75.974035 
31.352405 84.960405 55.060176 74.412032 17.250823 -94.780986 -62.625023 -87.082091 -31.779793 -67.241294 -75.974035 
2.370533 59.322219 63.571603 73.377174 17.250823 68.258055 -20.842909 18.881396 -7.277751 -30.271521 -98.086885 
35.476840 58.322219 49.395246 73.377174 18.250823 -37.264558 -62.625023 -93.472392 -6.277751 -68.241294 -89.234885 
85.986956 83.960405 45.577685 75.412032 17.250823 51.310840 -20.842909 -87.082091 -30.890379 -52.055457 -57.286858 
65.831550 69.569523 53.060176 73.377174 59.444857 -37.264558 -63.625023 -87.082091 -7.277751 -53.055457 -98.086885 
85.986956 83.960405 49.395246 83.691087 17.250823 -94.780986 -62.625023 -93.472392 -41.025930 -53.055457 -73.416695 
10.735698 69.569523 55.060176 74.377174 18.250823 52.310840 -9.348469 18.881396 -7.277751 -47.560884 -90.234885 
9.735698 59.322219 54.060176 73.377174 15.250823 69.258055 -9.348469 54.977168 -31.890379 -34.648054 -78.848801 
35.476840 85.960405 63.571603 72.377174 18.250823 53.310840 -62.625023 55.977168 -40.025930 -36.515478 -34.645379 
64.069894 85.960405 48.395246 57.651360 17.250823 -94.780986 -9.348469 -86.082091 -83.232898 -34.648054 -79.848801 
10.735698 85.960405 62.571603 73.377174 59.444857 -47.056829 11.984207 54.977168 -7.277751 -68.241294 -89.234885 
77.514931 69.569523 49.395246 73.377174 -31.978305 51.310840 -63.625023 -87.082091 -31.890379 -68.241294 -79.848801 
77.514931 69.569523 54.060176 73.377174 -30.978305 -94.780986 -9.348469 -79.405847 -8.277751 -34.515478 -90.234885 
35.476840 58.322219 45.577685 75.412032 59.908841 81.469781 11.984207 -93.472392 -31.890379 -67.241294 -57.286858 
10.735698 83.960405 54.060176 73.377174 59.444857 -94.780986 -88.907681 -81.622035 -19.135287 -52.055457 -58.286858 
35.476840 59.322219 55.060176 83.691087 -31.978305 -37.264558 -88.907681 -93.472392 -19.135287 -68.241294 -57.286858 
35.476840 85.960405 49.395246 72.377174 15.250823 9.928189 -9.348469 -87.082091 -19.135287 -68.241294 -74.142648 
65.831550 85.960405 45.577685 73.377174 -31.978305 -37.264558 -88.907681 54.977168 -83.232898 -68.241294 -78.848801 
82.987772 69.569523 45.577685 57.651360 59.444857 9.928189 -62.625023 -93.472392 -7.277751 -70.420862 -57.286858 
31.352405 59.322219 63.571603 73.377174 -30.978305 -37.264558 -10.348469 -93.472392 -83.232898 -68.241294 -73.416695 
85.986956 59.322219 62.571603 72.377174 -31.978305 -37.264558 -62.625023 -79.405847 -7.277751 -68.241294 -80.848801 
31.352405 58.322219 63.571603 73.377174 15.250823 19.384645 -64.625023 -87.082091 -30.779793 -52.055457 -78.848801 
82.987772 59.322219 49.395246 83.691087 59.908841 -94.780986 -87.907681 53.977168 -30.890379 -53.055457 -78.848801 
77.514931 59.322219 54.060176 71.377174 17.250823 -94.780986 18.804049 -87.082091 -31.890379 -68.241294 -58.286858 
82.987772 59.322219 55.060176 75.412032 15.250823 -37.264558 -63.625023 -93.472392 -31.890379 -68.241294 -73.416695 
35.476840 83.960405 54.060176 73.377174 14.250823 81.469781 -62.625023 -81.622035 -30.779793 -52.055457 -90.234885 
35.476840 55.649343 62.571603 74.377174 17.250823 19.384645 -51.102175 54.977168 -31.890379 -52.055457 -79.848801 
2.370533 72.181302 48.395246 73.377174 -54.248180 9.928189 -20.842909 54.977168 -83.232898 -68.241294 -98.086885 
31.352405 83.960405 62.571603 61.234079 15.250823 -37.264558 -50.102175 -80.622035 -7.277751 -68.241294 -90.234885 
62.260105 85.960405 63.571603 74.377174 16.250823 52.310840 -9.348469 -81.622035 -40.025930 -68.241294 -89.234885 
65.831550 84.960405 63.571603 74.377174 18.250823 51.310840 -9.348469 -79.405847 -30.779793 -53.055457 -57.286858 
77.514931 69.569523 50.395246 73.377174 15.250823 19.384645 -62.625023 -81.622035 -8.277751 -53.055457 -80.848801 
82.987772 58.322219 49.395246 72.377174 18.250823 -37.264558 -62.625023 54.977168 -19.135287 -68.241294 -80.848801 
77.514931 58.322219 54.060176 75.412032 18.250823 -94.780986 -9.348469 53.977168 -7.277751 -53.055457 -80.848801 
85.986956 72.181302 49.395246 74.377174 -31.978305 52.310840 19.804049 55.977168 -30.779793 -68.241294 -57.286858 
82.987772 69.569523 70.313470 90.991414 18.250823 -37.264558 -9.348469 54.977168 -20.198201 -71.420862 -57.286858 
2.370533 85.960405 46.577685 75.412032 -31.978305 19.384645 -20.842909 -87.082091 -21.198201 -53.055457 -79.848801 
77.514931 59.322219 49.395246 61.234079 17.250823 -36.264558 -10.348469 -80.622035 -40.025930 -53.055457 -78.848801 
77.514931 69.569523 49.395246 73.377174 15.250823 -37.264558 -62.625023 -86.082091 -7.277751 -67.241294 -89.499739 
77.514931 73.181302 53.060176 72.377174 -31.978305 -37.264558 -20.842909 -80.622035 -7.277751 -34.648054 -57.286858 
10.735698 83.960405 62.571603 83.691087 18.250823 -37.264558 -13.758950 55.977168 -31.890379 -53.055457 -78.848801 
65.831550 85.960405 63.571603 73.377174 17.250823 -37.264558 -63.625023 -87.082091 -99.295355 -67.241294 -79.848801 
10.735698 57.322219 46.577685 73.377174 17.250823 -37.264558 -10.348469 -93.472392 -30.779793 -52.055457 -79.848801 
65.831550 59.322219 44.577685 72.377174 17.250823 52.310840 -20.842909 -93.472392 -31.890379 -69.241294 -79.848801 
31.352405 84.960405 54.060176 73.377174 17.250823 -93.780986 -62.625023 -86.082091 -21.198201 -52.055457 -89.234885 
31.352405 58.322219 63.571603 75.412032 59.908841 81.469429 -63.625023 -80.622035 -40.025930 -68.241294 -79.848801 
85.986956 68.569523 49.395246 73.377174 17.250823 51.310840 -9.348469 -44.577422 -40.025930 -47.560884 -78.848801 
77.514931 72.181302 49.395246 83.691087 16.250823 -94.780986 -88.907681 18.881396 -83.232898 -52.055457 -57.286858 
78.514931 59.322219 63.571603 74.412032 15.250823 51.310840 -9.348469 -93.472392 -31.890379 -53.055457 -76.974035 
85.986956 58.322219 49.395246 83.691087 16.250823 -36.264558 -13.758950 -79.622035 -40.025930 -30.271521 -57.286858 
85.986956 84.960405 49.395246 73.377174 -41.687573 -37.264558 -10.348469 -93.472392 -83.232898 -68.241294 -79.848801 
62.260105 70.569523 45.577685 75.412032 -31.978305 51.310840 -62.625023 56.977168 -31.890379 -69.241294 -76.974035 
31.352405 55.649343 70.313470 83.691087 15.250823 81.469781 -88.907681 54.977168 -18.135287 -68.241294 -77.848801 
85.986956 59.322219 49.395246 70.684501 15.250823 -37.264558 -9.348469 -79.405847 -83.232898 -70.420862 -89.234885 
85.986956 84.960405 46.577685 83.691087 -54.248180 68.258055 -88.907681 53.977168 -31.890379 -68.241294 -78.848801 
85.986956 84.960405 49.395246 70.684501 17.250823 -37.264558 -62.625023 54.977168 -31.890379 -34.648054 -79.848801 
35.476840 84.960405 49.395246 73.377174 18.250823 -37.264558 -51.102175 -44.577422 -30.779793 -68.241294 -57.286858 
82.987772 58.322219 53.060176 74.412032 18.250823 -94.780986 -13.758950 53.977168 -83.232898 -53.055457 -75.974035 
77.514931 59.322219 45.577685 75.412032 16.250823 19.384645 -63.625023 -86.082091 -18.135287 -70.420862 -98.086885 
82.987772 59.322219 49.395246 74.377174 17.250823 -37.264558 -88.907681 -80.622035 -7.277751 -53.055457 -57.286858 
31.352405 59.322219 50.395246 73.377174 18.250823 52.310840 -62.625023 53.977168 -30.779793 -67.241294 -98.086885 
10.735698 60.322219 48.395246 75.412032 15.250823 -37.264558 19.804049 -93.472392 -18.135287 -68.241294 -90.234885 
83.987772 83.960405 45.577685 83.691087 15.250823 68.258055 -51.102175 53.977168 -7.277751 -67.241294 -73.416695 
35.476840 59.322219 45.577685 74.377174 15.250823 -37.264558 -63.625023 18.881396 -30.890379 -70.420862 -73.416695 
31.352405 83.960405 53.060176 73.377174 -31.978305 19.384645 -9.348469 -44.577422 -39.025930 -52.055457 -78.848801 
31.352405 84.960405 45.577685 70.684501 18.250823 81.469429 -14.758950 -87.082091 -21.198201 -53.055457 -78.848801 
31.352405 59.322219 49.395246 73.377174 17.250823 -95.780986 -9.348469 -81.622035 -31.890379 -69.241294 -78.848801 
82.987772 59.322219 45.577685 83.691087 17.250823 -94.780986 -88.907681 -87.082091 -7.277751 -69.241294 -79.848801 
82.987772 72.181302 63.571603 72.377174 18.250823 -37.264558 -63.625023 -87.082091 -83.232898 -67.241294 -57.286858 
85.986956 83.960405 49.395246 70.684501 -54.248180 51.310840 12.984207 -87.082091 -19.135287 -52.055457 -89.234885 
78.514931 69.569523 53.060176 72.377174 15.250823 9.928189 -9.348469 -86.082091 -18.751921 -71.881282 -98.086885 
85.986956 84.960405 45.577685 73.377174 18.250823 51.310840 -20.842909 18.881396 -18.135287 -34.648054 -79.848801 
35.476840 69.569523 54.060176 74.377174 -54.248180 52.310840 -14.758950 -80.622035 -30.779793 -68.241294 -79.848801 
233340 2390 63499
