77.514931 60.322219 49.395246 73.377174 15.250823 12.741415 -51.102175 -87.082091 -7.277751 -53.055457 -72.416695 
65.831550 84.960405 63.571603 75.412032 -96.298872 -94.780986 -50.102175 -93.472392 -30.779793 -52.055457 -79.848801 
82.987772 84.960405 49.395246 73.377174 17.250823 -37.264558 -9.348469 -87.082091 -39.025930 -34.648054 -89.234885 
85.986956 85.960405 49.395246 73.377174 59.908841 51.310840 19.804049 53.977168 -31.890379 -68.241294 -98.086885 
85.986956 73.181302 53.060176 75.412032 -32.978305 80.469429 -20.673564 -80.622035 -31.890379 -68.241294 -80.848801 
2.370533 59.322219 50.395246 74.377174 60.444857 -37.264558 -9.348469 -81.622035 -18.751921 -68.241294 -76.974035 
62.260105 84.960405 44.577685 73.377174 15.250823 -94.780986 -50.102175 -44.577422 -7.277751 -68.241294 -75.974035 
77.514931 72.181302 44.577685 75.412032 -31.978305 51.310840 -8.348469 54.977168 -7.277751 -68.241294 -79.848801 
65.831550 83.960405 45.577685 73.377174 15.250823 -37.264558 11.984207 54.977168 -7.277751 -35.515478 -58.286858 
65.831550 55.649343 63.571603 75.412032 15.250823 52.310840 18.804049 53.977168 -39.025930 -68.241294 -57.286858 
65.831550 59.322219 44.577685 72.377174 59.908841 52.310840 -9.348469 -87.082091 -19.135287 -47.560884 -79.848801 
2.370533 59.322219 45.245754 75.412032 17.250823 68.258055 -62.625023 -93.472392 -30.890379 -70.420862 -98.086885 
62.260105 68.569523 54.060176 74.412032 59.444857 -37.264558 -61.625023 -87.082091 -7.277751 -83.241876 -76.974035 
35.476840 60.322219 44.577685 90.991414 15.250823 -94.780986 11.984207 -80.622035 -7.277751 -52.055457 -75.974035 
55.742543 83.960405 49.395246 73.377174 -54.248180 51.310840 -62.625023 -93.472392 -31.890379 -68.241294 -34.645379 
77.514931 68.569523 49.395246 74.412032 15.250823 51.310840 -62.625023 -80.622035 -39.025930 -68.241294 -90.234885 
35.476840 85.960405 55.060176 82.691087 -31.978305 -37.264558 -20.842909 -79.405847 -31.890379 -68.241294 -79.848801 
66.831550 60.322219 63.571603 57.651360 59.908841 69.258055 -61.625023 -93.472392 -30.779793 -52.055457 -56.286858 
54.742543 58.322219 49.395246 75.412032 -31.978305 -37.264558 -13.758950 -79.405847 -39.025930 -67.241294 -90.234885 
31.352405 69.569523 54.060176 75.412032 -54.248180 69.258055 -62.625023 -93.472392 -40.025930 -67.241294 -79.848801 
55.742543 83.960405 49.395246 75.412032 19.250823 19.384645 -9.348469 -80.622035 -30.779793 -30.271521 -74.142648 
83.987772 59.322219 45.577685 83.691087 17.250823 -37.264558 -62.625023 54.977168 -30.779793 -46.560884 -75.974035 
77.514931 69.569523 63.571603 57.651360 15.250823 12.741415 -9.348469 -81.622035 -18.135287 -68.241294 -79.848801 
55.742543 83.960405 45.577685 75.412032 18.250823 51.310840 -62.625023 43.708567 -83.232898 -68.241294 -75.974035 
85.986956 59.322219 49.395246 83.691087 59.444857 -37.264558 -88.907681 -80.622035 -30.779793 -67.241294 -79.848801 
54.742543 85.960405 49.395246 72.377174 59.908841 9.928189 -9.348469 -93.472392 -83.232898 -68.241294 -73.416695 
10.735698 55.649343 63.571603 75.412032 17.250823 51.310840 -62.625023 53.977168 -21.198201 -53.055457 -79.848801 
2.370533 59.322219 45.577685 61.234079 -96.298872 9.928189 -20.842909 -79.405847 -31.890379 -68.241294 -57.286858 
84.986956 69.569523 63.571603 72.377174 17.250823 19.384645 -51.102175 -93.472392 -7.277751 -83.241876 -89.234885 
82.987772 85.960405 63.571603 73.377174 18.250823 -94.780986 -9.348469 -87.082091 -7.277751 -47.560884 -57.286858 
81.987772 70.569523 45.577685 83.691087 17.250823 -37.264558 -62.625023 -93.472392 -99.295355 -52.055457 -57.286858 
35.476840 69.569523 49.395246 75.412032 -54.248180 -38.264558 -62.625023 -87.082091 -6.277751 -34.648054 -74.974035 
65.831550 69.569523 49.395246 57.651360 15.250823 69.258055 -9.348469 53.977168 -7.277751 -69.241294 -98.086885 
31.352405 73.181302 44.577685 73.377174 -31.978305 51.310840 -20.842909 18.881396 -21.198201 -53.055457 -57.286858 
82.987772 71.181302 49.395246 73.377174 59.444857 19.384645 -9.348469 -86.082091 -18.751921 -68.241294 -90.234885 
84.986956 85.960405 49.395246 76.412032 -31.978305 -38.264558 11.984207 -87.082091 -31.890379 -52.055457 -75.974035 
63.069894 83.960405 49.395246 72.377174 17.250823 -37.264558 -20.842909 55.977168 -30.779793 -54.055457 -89.234885 
84.986956 68.569523 54.060176 73.377174 18.250823 81.469781 -63.625023 53.977168 -31.890379 -35.648054 -90.234885 
77.514931 69.569523 49.395246 73.377174 15.250823 -95.780986 12.984207 -87.082091 -40.025930 -34.648054 -74.974035 
77.514931 59.322219 53.060176 82.691087 17.250823 -37.264558 -62.625023 -80.622035 -18.135287 -34.648054 -57.286858 
85.986956 85.960405 49.395246 73.377174 -38.307981 52.310840 -87.907681 43.708567 -39.025930 -30.271521 -98.086885 
82.987772 69.569523 53.060176 73.377174 18.250823 -37.264558 -20.673564 -81.622035 -30.779793 -67.241294 -75.974035 
35.476840 59.322219 49.395246 72.377174 -31.978305 -94.780986 -63.625023 54.977168 -30.890379 -53.055457 -74.974035 
2.370533 85.960405 55.060176 83.691087 18.250823 81.469781 -51.102175 -80.622035 -40.025930 -68.241294 -76.974035 
85.986956 84.960405 54.060176 73.377174 -54.248180 51.310840 -13.758950 54.977168 -7.277751 -68.241294 -89.234885 
81.987772 84.960405 63.571603 73.377174 -31.978305 13.741415 -10.348469 -80.622035 -31.890379 -34.515478 -89.499739 
64.069894 85.960405 49.395246 70.684501 -31.978305 -94.780986 -9.348469 -79.405847 -40.025930 -69.241294 -79.848801 
65.831550 69.569523 50.395246 75.412032 17.250823 52.310840 -9.348469 -80.622035 -40.025930 -70.420862 -79.848801 
35.476840 68.569523 63.571603 73.377174 17.250823 -37.264558 -62.625023 54.977168 -21.198201 -52.055457 -78.848801 
64.069894 27.441688 55.060176 73.377174 15.250823 -37.264558 -14.758950 54.977168 -30.779793 -34.515478 -90.234885 
54.742543 59.322219 49.395246 83.691087 59.908841 81.469781 18.804049 55.977168 -18.135287 -46.560884 -76.974035 
65.831550 59.322219 63.571603 73.377174 18.250823 -94.780986 -88.907681 -87.082091 -83.232898 -68.241294 -79.848801 
35.476840 59.322219 49.395246 75.412032 17.250823 -37.264558 -9.348469 -80.622035 -40.025930 -68.241294 -79.848801 
35.476840 59.322219 48.395246 72.377174 17.250823 9.928189 -62.625023 -93.472392 -30.779793 -34.648054 -76.974035 
77.514931 84.960405 49.395246 72.377174 16.250823 -94.780986 -63.625023 -80.622035 -7.277751 -68.241294 -80.848801 
2.370533 59.322219 49.395246 75.412032 15.250823 -37.264558 -9.348469 -93.472392 -21.198201 -69.241294 -98.086885 
35.476840 85.960405 49.395246 73.377174 -31.978305 -94.780986 -62.625023 -81.622035 -99.295355 -29.271521 -73.416695 
31.352405 84.960405 63.571603 73.377174 -31.978305 81.469781 -62.625023 55.977168 -8.277751 -68.241294 -89.234885 
85.986956 59.322219 54.060176 73.377174 17.250823 51.310840 -9.348469 -81.622035 -30.779793 -69.241294 -78.848801 
77.514931 69.569523 49.395246 73.377174 18.250823 52.310840 17.804049 -73.141438 -40.025930 -52.055457 -79.848801 
35.476840 59.322219 70.313470 73.377174 17.250823 -94.780986 -14.758950 -80.622035 -18.751921 -51.055457 -79.848801 
35.476840 58.322219 43.577685 83.691087 18.250823 -37.264558 -61.625023 -87.082091 -7.277751 -67.241294 -74.974035 
31.352405 68.569523 63.571603 73.377174 17.250823 -37.264558 -62.625023 54.977168 -31.890379 -53.055457 -78.848801 
65.831550 59.322219 49.395246 73.377174 59.444857 81.469781 -20.842909 53.977168 -30.779793 -34.515478 -76.974035 
83.987772 69.569523 48.395246 72.377174 17.250823 51.310840 -87.907681 -79.405847 -31.890379 -52.055457 -73.416695 
77.514931 59.322219 49.395246 72.377174 60.193053 69.258055 -21.842909 18.881396 -83.232898 -53.055457 -98.086885 
82.987772 69.569523 49.395246 73.377174 18.250823 68.258055 -88.907681 -87.082091 -7.277751 -34.648054 -76.974035 
77.514931 84.960405 49.395246 72.377174 18.250823 52.310840 18.804049 -81.622035 -30.890379 -63.787287 -80.848801 
65.831550 72.181302 45.577685 82.691087 17.250823 -37.264558 -9.348469 56.977168 -21.198201 -53.055457 -74.974035 
10.735698 70.569523 49.395246 74.377174 -31.978305 -37.264558 -62.625023 -93.472392 -7.277751 -30.271521 -79.848801 
78.514931 70.569523 49.395246 74.377174 14.250823 51.310840 -62.625023 18.881396 -7.277751 -52.055457 -57.286858 
35.476840 69.569523 55.060176 82.691087 15.250823 -94.780986 -61.625023 -73.141438 -18.135287 -53.055457 -57.286858 
31.352405 74.181302 46.577685 72.377174 -54.248180 -93.780986 -62.625023 -80.622035 -18.751921 -30.271521 -80.848801 
77.514931 85.960405 63.571603 73.377174 18.250823 -94.780986 -61.625023 -93.472392 -82.232898 -83.241876 -90.234885 
82.987772 69.569523 49.395246 70.684501 -54.248180 -37.264558 -88.907681 -80.622035 -31.890379 -53.055457 -97.086885 
54.742543 83.960405 49.395246 82.691087 60.193053 -37.264558 -63.625023 -87.082091 -21.198201 -34.515478 -58.286858 
10.735698 83.960405 49.395246 73.377174 -30.978305 -94.780986 -13.758950 -44.577422 -18.751921 -52.055457 -73.416695 
82.987772 83.960405 62.571603 70.684501 17.250823 81.469429 -9.348469 -44.577422 -30.779793 -53.055457 -57.286858 
2.370533 86.960405 44.577685 73.377174 -54.248180 52.310840 -20.673564 -87.082091 -6.277751 -67.241294 -74.142648 
64.069894 84.960405 49.395246 73.377174 18.250823 81.469781 -62.625023 43.708567 -30.779793 -53.055457 -57.286858 
2.370533 69.569523 53.060176 73.377174 18.250823 -94.780986 -10.348469 -87.082091 -21.198201 -53.055457 -57.286858 
2.370533 58.322219 49.395246 75.412032 -54.248180 -37.264558 -9.348469 -73.141438 -8.277751 -68.241294 -76.974035 
77.514931 69.569523 49.395246 74.377174 -30.978305 52.310840 -9.348469 -81.622035 -83.232898 -52.055457 -78.848801 
82.987772 83.960405 45.577685 73.377174 -54.248180 -37.264558 -10.348469 43.708567 -7.277751 -52.055457 -34.645379 
85.986956 59.322219 49.395246 73.377174 15.250823 52.310840 -9.348469 -79.405847 -31.890379 -30.271521 -80.848801 
54.742543 85.960405 49.395246 72.377174 -41.687573 -94.780986 -9.348469 -80.622035 -7.277751 -68.241294 -79.848801 
85.986956 59.322219 45.577685 73.377174 -31.978305 -37.264558 -61.625023 -79.405847 -30.779793 -71.881282 -79.848801 
77.514931 59.322219 45.577685 75.412032 16.250823 -37.264558 11.984207 -80.622035 -84.232898 -47.560884 -90.234885 
85.986956 55.649343 45.577685 73.377174 17.250823 9.928189 -51.102175 -94.472392 -83.232898 -68.241294 -75.974035 
65.831550 59.322219 45.577685 73.377174 58.444857 52.310840 -62.625023 54.977168 -99.295355 -53.055457 -73.416695 
85.986956 58.322219 49.395246 57.651360 -96.298872 69.258055 -9.348469 55.977168 -30.890379 -62.787287 -76.974035 
77.514931 83.960405 49.395246 83.691087 18.250823 53.310840 -62.625023 18.881396 -18.135287 -53.055457 -79.848801 
78.514931 58.322219 45.577685 75.412032 -41.687573 70.258055 -62.625023 -87.082091 -80.129289 -83.241876 -73.974035 
77.514931 69.569523 49.395246 83.691087 17.250823 -37.264558 -63.625023 -81.622035 -31.890379 -53.055457 -98.086885 
65.831550 58.322219 45.577685 75.412032 17.250823 51.310840 -14.758950 18.881396 -7.277751 -72.881282 -75.974035 
31.352405 58.322219 49.395246 73.377174 17.250823 52.310840 -62.625023 54.977168 -18.751921 -68.241294 -73.416695 
31.352405 59.322219 49.395246 82.691087 17.250823 -37.264558 -63.625023 53.977168 -20.198201 -71.881282 -79.848801 
65.831550 55.649343 63.571603 57.651360 15.250823 -37.264558 -9.348469 -93.472392 -21.198201 -34.515478 -80.848801 
2.370533 71.569523 63.571603 73.377174 17.250823 -93.780986 19.804049 -44.577422 -7.277751 -47.560884 -79.848801 
35.476840 55.649343 54.060176 75.412032 17.250823 80.469429 -88.907681 -86.082091 -83.232898 -68.241294 -90.234885 
54.742543 59.322219 49.395246 73.377174 -31.978305 81.469781 -87.907681 -87.082091 -18.751921 -47.560884 -57.286858 
82.987772 83.960405 53.060176 74.377174 15.250823 -47.056829 11.984207 -87.082091 -30.890379 -52.055457 -74.142648 
85.986956 73.181302 63.571603 73.377174 17.250823 50.310840 -62.625023 -44.577422 -80.129289 -53.055457 -90.234885 
35.476840 83.960405 49.395246 73.377174 17.250823 -93.780986 18.804049 -80.622035 -7.277751 -68.241294 -74.974035 
85.986956 72.181302 45.577685 73.377174 17.250823 19.384645 -20.842909 -93.472392 -19.135287 -68.241294 -73.416695 
54.742543 73.181302 49.395246 70.684501 15.250823 -94.780986 11.984207 -87.082091 -7.277751 -53.055457 -89.234885 
65.831550 83.960405 63.571603 75.412032 -31.978305 -94.780986 -51.102175 -79.405847 -19.135287 -54.055457 -57.286858 
65.831550 73.181302 45.577685 75.412032 -79.043046 51.310840 -62.625023 54.977168 -83.232898 -68.241294 -80.848801 
85.986956 55.649343 45.577685 73.377174 17.250823 -47.056829 -13.758950 -87.082091 -40.025930 -52.055457 -89.234885 
65.831550 59.322219 49.395246 83.691087 15.250823 -37.264558 -9.348469 -80.622035 -83.232898 -68.241294 -88.499739 
2.370533 58.322219 63.571603 82.691087 59.908841 19.384645 -14.758950 43.708567 -83.232898 -30.271521 -57.286858 
85.986956 69.569523 54.060176 61.234079 16.250823 9.928189 -20.842909 -81.622035 -30.890379 -52.055457 -80.848801 
65.831550 58.322219 48.395246 69.684501 59.908841 -37.264558 -20.842909 -79.405847 -21.198201 -53.055457 -98.086885 
35.476840 73.181302 54.060176 61.234079 17.250823 9.928189 -51.102175 54.977168 -32.890379 -47.560884 -79.848801 
82.987772 85.960405 54.060176 73.377174 15.250823 19.384645 -63.625023 -79.405847 -7.277751 -52.055457 -75.974035 
85.986956 55.649343 63.571603 83.691087 17.250823 51.310840 -14.758950 -71.259035 -31.779793 -53.055457 -79.848801 
31.352405 58.322219 62.571603 83.691087 17.250823 51.310840 -87.907681 53.977168 -83.232898 -53.055457 -78.848801 
85.986956 55.649343 44.577685 75.412032 -41.687573 51.310840 -62.625023 -82.622035 -18.135287 -67.241294 -80.848801 
82.987772 60.322219 44.577685 75.412032 15.250823 81.469429 -63.625023 -80.622035 -18.751921 -83.241876 -73.416695 
82.987772 59.322219 46.577685 75.412032 17.250823 -47.056829 -51.102175 -73.141438 -21.198201 -71.881282 -78.848801 
31.352405 84.960405 49.395246 73.377174 -54.248180 51.310840 -20.842909 -80.622035 -6.277751 -68.241294 -89.234885 
55.742543 59.322219 63.571603 75.412032 -31.978305 52.310840 -51.102175 -93.472392 -7.277751 -68.241294 -76.974035 
85.986956 84.960405 49.395246 73.377174 15.250823 51.310840 -62.625023 -80.622035 -19.135287 -68.241294 -79.848801 
10.735698 84.960405 54.060176 73.377174 -54.248180 -36.264558 -51.102175 -87.082091 -7.277751 -71.881282 -76.974035 
65.831550 69.569523 53.060176 70.684501 -31.978305 -37.264558 -62.625023 -87.082091 -83.232898 -53.055457 -98.086885 
64.069894 84.960405 49.395246 73.377174 15.250823 52.310840 -9.348469 54.977168 -18.751921 -83.241876 -75.974035 
77.514931 55.649343 44.577685 74.412032 -31.978305 -94.780986 -14.758950 -80.622035 -7.277751 -70.420862 -90.234885 
54.742543 84.960405 49.395246 83.691087 17.250823 -37.264558 12.984207 -73.141438 -18.751921 -67.241294 -57.286858 
246260 3050 54530
