77.250198 41.719988 0.297874 83.691087 -81.285825 -4.549395 37.992214 -91.846914 -7.277751 -62.189091 -34.816327 
65.305575 71.162687 17.514108 83.691087 12.092686 51.883424 -20.673564 -58.372279 -80.981331 -30.271521 -0.459639 
92.201434 92.493433 0.297874 85.907324 17.250823 -25.713923 6.791255 -85.677118 -20.865279 -30.271521 -45.014364 
24.706017 56.649343 74.680664 40.156300 12.263439 -54.290135 90.304258 65.004510 -60.462066 -34.648054 -22.954903 
65.699259 67.899048 64.788755 69.684501 -0.693457 -25.713923 88.248916 72.708514 -78.724455 -75.248403 -57.286858 
54.295284 55.649343 2.887742 69.208741 59.908841 86.535305 -87.907681 55.959957 -59.608920 -30.258946 -46.345625 
91.741078 60.111116 35.525781 45.144653 -24.075196 -94.780986 -8.747304 71.753152 -77.653479 -38.035976 -32.867323 
62.412634 24.603417 64.788755 46.811423 12.092686 -30.790702 18.804049 -68.349789 -60.462066 -38.035976 -10.559222 
68.450239 61.034940 33.104324 61.234079 59.908841 19.384645 18.804049 -79.405847 -31.890379 -2.170767 -47.932042 
85.796219 94.037322 75.095571 1.653927 12.263439 -25.713923 -78.445260 44.708567 -51.821009 -87.735904 -39.067569 
85.796219 60.111116 53.513221 70.374999 -78.672248 -60.261667 -63.018950 54.977168 -40.025930 -35.515478 -39.067569 
11.662425 82.276192 51.445985 57.556607 -82.824306 -2.281254 72.647406 -15.585511 -83.232898 -34.648054 -5.916487 
89.543768 55.649343 75.095571 46.977433 11.099065 69.258055 -66.106714 21.301909 -72.551022 -26.504534 -61.135530 
83.361083 76.559721 74.680664 47.328565 99.376956 13.741415 94.075584 70.575540 -40.025930 -57.655201 -18.766965 
36.476840 43.837944 34.877785 89.991414 45.567298 71.066557 91.822816 67.099688 -7.277751 -93.481749 -50.569305 
85.986956 24.776064 75.095571 73.377174 -98.203219 -79.787086 -8.747304 -87.082091 -19.135287 -47.560884 -74.142648 
54.295284 92.493433 44.577685 23.327581 -69.887951 -77.280904 -74.838406 -51.224163 -21.198201 -62.189091 -36.712973 
4.453124 77.044002 75.590719 28.483118 30.738492 -4.549395 -57.914224 -68.349789 -16.084916 -60.233585 -57.286858 
83.991684 46.720050 44.577685 49.552557 -84.178768 90.866612 91.822816 -71.259035 -33.255556 -96.944557 -57.286858 
31.352405 27.441688 53.513221 98.587936 -35.307981 -25.598592 -10.348469 -87.082091 -18.751921 -62.787287 -55.832141 
2.370533 85.960405 49.395246 84.700717 -31.540921 -33.703376 -62.625023 -61.597268 -99.295355 -95.692396 -54.810485 
15.121500 55.649343 59.495641 50.879338 12.263439 10.863745 71.543168 52.836303 -32.255556 -3.336086 -55.910701 
2.370533 81.522614 25.980595 58.090667 17.250823 20.262170 -62.788452 28.572806 -6.708179 -57.655201 -36.712973 
31.352405 24.603417 63.571603 84.700717 91.546636 -2.281254 -91.292667 18.881396 -80.129289 -87.735904 -88.234885 
45.840644 56.402919 64.788755 14.000677 -2.256100 51.310840 -8.747304 -44.577422 -83.232898 -30.271521 -63.319752 
90.882765 25.228485 51.394899 97.478186 -95.298872 -37.264558 55.653242 -91.611570 -89.972504 -63.676545 -57.286858 
64.831550 71.219591 55.499229 49.552557 -22.137372 90.866612 -78.445260 18.485867 -40.488745 -47.560884 -36.103955 
15.121500 82.415876 10.912453 47.328565 14.247050 -30.790702 18.804049 63.550274 -6.708179 -60.423979 -57.286858 
43.962768 76.559721 64.662000 62.234079 91.546636 81.469429 36.963069 -46.266589 -80.981331 -92.356581 -50.730451 
85.796219 24.164478 15.186344 95.976888 -68.887951 -80.617383 -21.842909 28.572806 -40.025930 -68.241294 -20.619884 
35.476840 82.276192 71.313470 86.044965 -81.285825 19.384645 97.472162 -62.492977 -83.232898 -10.019786 -74.142648 
64.831550 40.511855 41.715427 52.927711 -69.887951 -37.264558 -50.102175 -39.122299 -59.567176 -79.344172 -26.340199 
43.698566 79.452518 84.065729 52.824042 -62.842676 -39.734745 56.185873 -46.266589 -78.653479 -47.560884 -49.435982 
89.295539 32.108406 66.135148 75.054592 97.763769 82.469781 55.653242 18.788501 -38.512699 -58.528803 -45.584983 
89.543768 43.837944 6.279984 84.700717 -22.137372 90.866612 -66.106714 -91.611570 -3.725948 -81.238964 -22.764237 
22.173789 65.148212 13.457552 58.090667 41.127318 82.469781 -62.625023 20.301909 -25.605930 -35.085550 -32.105349 
55.742543 82.276192 63.571603 67.396498 -17.671406 9.928189 -83.094390 87.171016 -52.773218 -34.648054 -81.848801 
15.121500 6.077758 10.912453 46.977433 -79.043046 51.310840 -66.106714 44.708567 -80.981331 -82.410277 -55.521183 
52.571786 79.443175 2.648924 48.401391 -12.359258 -94.780986 -47.629475 98.115580 -78.570867 -87.735904 -34.816327 
38.884952 59.322219 3.651186 46.977433 -66.903127 39.944418 -50.102175 -91.611570 -51.571739 -82.410277 -88.499739 
17.870000 29.364270 79.467836 46.977433 -30.335730 93.093611 55.653242 18.881396 -51.571739 -80.238964 -73.416695 
17.870000 2.360181 63.571603 79.938120 -8.832610 -39.734745 -63.018950 55.959957 -51.571739 -69.074669 -88.499739 
54.295284 69.569523 86.592784 1.653927 33.822241 -27.144782 -78.445260 82.850350 -78.653479 -58.064495 -57.286858 
16.344821 82.276192 4.782651 95.976888 -84.178768 -54.290135 -8.747304 55.959957 -28.292367 -11.019786 -93.263527 
91.741078 85.960405 74.680664 83.691087 85.430747 13.741415 -50.102175 -39.111471 -21.198201 -47.860633 -50.569305 
2.370533 60.111116 22.753380 70.374999 91.546636 68.041880 -87.907681 90.747266 -20.865279 -81.238964 -71.873350 
77.250198 25.228485 71.313470 40.156300 -89.874004 -94.780986 -60.071901 72.708514 -19.135287 -68.241294 -32.867323 
62.412634 67.905980 12.585087 65.671508 -84.469305 19.384645 90.465608 18.881396 -83.232898 -78.588910 -47.932042 
43.698566 47.240554 53.060176 37.554142 -24.075196 3.978011 -0.593546 99.089711 -28.292367 -62.189091 -34.645379 
13.752928 43.837944 74.680664 14.000677 12.092686 -2.281254 75.206187 -68.349789 -24.101052 -23.072272 -11.792533 
79.264938 67.899048 22.753380 73.377174 -64.183405 19.384645 42.644776 73.866186 -19.135287 -96.944557 -35.986523 
89.543768 76.559721 74.680664 28.483118 80.067662 -97.643440 -8.050999 66.808103 -20.865279 -36.464769 -3.859839 
64.831550 20.206565 32.043505 28.871628 -30.335730 -94.780986 -62.625023 70.575540 -20.865279 -35.515478 -32.105349 
22.173789 82.415876 2.660691 69.432835 30.738492 92.264646 34.845579 23.295463 -37.264332 -9.471390 -6.181368 
33.538584 27.441688 53.704535 47.328565 -22.137372 70.325891 75.206187 -93.472392 -21.198201 -93.481749 -47.932042 
96.296315 19.206565 57.628361 64.589072 17.250823 3.978011 93.159635 -93.472392 -97.837083 -53.055457 -42.986250 
82.642459 25.228485 49.395246 75.054592 17.250823 -60.261667 -7.900047 -68.349789 -58.488307 -78.588910 -36.712973 
83.361083 55.649343 49.158348 52.824042 99.092949 -25.713923 -88.907681 72.708514 -97.837083 -93.481749 -71.873350 
15.655128 99.874980 28.375005 14.000677 -35.661201 -88.969099 -21.842909 18.881396 -17.347565 -30.271521 -39.067569 
15.121500 40.511855 63.788755 50.879338 17.250823 39.944418 -20.673564 55.959957 -48.115526 -96.692396 -75.974035 
44.261092 99.874980 28.375005 98.587936 83.545684 3.978011 8.272973 -41.528750 -18.345863 -98.196134 -71.379391 
15.121500 41.719988 44.245754 48.328858 -78.758377 -80.617383 -50.102175 70.575540 -19.751921 -50.941427 -83.253017 
68.335202 43.837944 22.753380 54.092490 59.444857 -19.351484 -21.842909 -87.082091 -59.359049 -93.971608 -98.086885 
64.831550 59.322219 22.753380 86.907324 -61.842676 -27.676416 -71.171752 -39.111471 -89.972504 -12.800410 -38.776481 
24.706017 55.169175 64.788755 75.412032 -41.687573 99.394786 11.984207 18.485867 -91.797672 -84.241876 -89.499739 
85.796219 67.899048 56.181887 47.328565 59.908841 -48.438601 -63.018950 -39.111471 -83.232898 -1.408322 -0.782683 
39.717392 51.834158 35.046410 83.691087 17.250823 20.384645 75.206187 -93.472392 -59.359049 -70.420862 -88.234885 
63.260105 67.899048 53.060176 52.824042 60.193053 -25.598592 11.984207 -71.259035 -11.503144 -58.528803 -70.379391 
77.022295 76.559721 54.560402 43.917828 59.908841 79.025729 -19.265010 42.130583 -31.177068 -23.072272 -36.712973 
65.069894 69.569523 25.980595 37.038844 -35.661201 -47.056829 -8.747304 -39.111471 -52.773218 -34.648054 -14.165533 
9.938442 79.928914 33.104324 40.156300 59.444857 86.535305 -19.265010 -46.266589 -59.359049 -93.481749 -34.816327 
64.831550 92.172157 7.165333 92.401647 59.908841 -27.676416 -47.629475 18.881396 -83.213156 -93.971608 -10.957674 
65.831550 55.649343 44.245754 46.977433 -27.693584 -39.734745 -8.747304 -93.472392 -73.634140 -94.488390 -46.932042 
31.352405 28.840634 35.525781 83.691087 85.566839 -74.092162 91.970018 -87.082091 -28.292367 -68.241294 -81.848801 
65.305575 15.862530 28.375005 58.090667 -27.825093 82.469781 59.993955 73.866186 -83.232898 -20.715443 -70.379391 
37.952281 96.544724 44.577685 86.907324 -35.307981 69.258055 -74.838406 99.089711 -35.759978 -62.787287 -71.873350 
59.643493 81.522614 75.590719 47.328565 12.263439 -80.617383 55.653242 -57.267637 -83.232898 -84.855463 -70.379391 
9.735698 99.874980 14.525764 37.038844 -54.248180 -2.281254 82.080524 -44.577422 -28.292367 -18.523202 -33.816327 
39.717392 24.603417 44.245754 95.584217 46.632908 81.469429 -62.625023 32.693179 -83.232898 -3.336086 -45.584983 
13.752928 99.874980 44.245754 95.976888 80.067662 90.866612 -87.907681 54.977168 -76.571035 -23.072272 -18.766965 
89.543768 40.511855 98.972014 52.824042 -41.400356 -54.290135 37.992214 54.977168 -59.359049 -62.787287 -50.435982 
91.741078 24.603417 29.375005 1.290966 7.662162 3.978011 89.465608 18.485867 -80.131232 -38.035976 -57.286858 
63.260105 32.108406 41.715427 97.217903 12.092686 -94.780986 -47.629475 90.747266 -60.880582 -1.288051 -34.816327 
43.698566 69.631967 10.912453 37.220768 72.331771 45.079590 37.992214 12.268110 -0.122967 -81.238964 -50.435982 
36.476840 52.519560 46.200254 69.684501 89.321766 13.741415 -7.050999 -41.528750 -86.955480 -92.356581 -10.957674 
87.114506 72.835070 13.585087 61.968701 59.444857 -80.617383 91.970018 70.575540 -78.724455 -87.735904 -36.712973 
2.370533 88.458075 7.165333 46.811423 79.657107 79.025729 -56.390114 28.572806 -51.821009 -66.231739 -35.986523 
77.514931 73.181302 53.060176 70.374999 60.193053 13.741415 -27.093162 -41.528750 -40.876247 -3.336086 -50.435982 
63.410186 6.948372 63.571603 71.250869 31.375643 86.535305 71.543168 44.708567 -7.277751 -30.271521 -97.087778 
15.121500 51.834158 74.690170 97.217903 97.763769 80.612648 72.543168 -63.492977 -40.025930 -59.185015 -61.135530 
24.706017 95.463140 64.788755 91.943177 -31.540921 -25.713923 -63.018950 -61.597268 -52.571739 -62.189091 -22.764237 
9.735698 60.111116 44.577685 85.700717 -27.825093 -51.631434 -66.106714 -63.492977 -40.488745 -81.238964 -42.986250 
9.735698 82.415876 0.403762 49.552557 -24.075196 -5.195065 -56.390114 -91.846914 -97.837083 -62.787287 -70.379391 
31.352405 24.603417 53.513221 73.377174 -79.043046 19.384645 -20.673564 54.977168 -76.571035 -70.420862 -6.181368 
99.062059 85.960405 68.755244 57.556607 -53.865124 86.535305 37.992214 -68.274163 -91.797672 -3.336086 -39.067569 
14.392239 85.960405 44.577685 73.899446 12.092686 19.384645 71.543168 -61.597268 -61.092641 -55.979291 -34.645379 
97.956315 79.443175 2.651186 71.250869 -31.978305 69.258055 -66.106714 39.093971 -24.101052 -23.072272 -72.416695 
62.981249 92.172157 17.514108 83.691087 45.213877 -80.617383 -50.102175 97.880989 -19.751921 -53.466543 -70.379391 
13.752928 61.034940 64.788755 87.842209 -31.540921 51.310840 -7.050999 -79.405847 -21.198201 -70.881282 -44.215317 
31.352405 73.181302 54.560402 58.090667 -24.075196 -97.777789 -20.673564 -73.141438 -89.972504 -48.560884 -88.234885 
55.742543 27.441688 27.307912 57.651360 -22.137372 93.093611 -74.838406 31.237439 -51.571739 -35.085550 -36.712973 
68.450239 27.441688 53.704535 83.691087 -84.469305 82.469781 -15.758950 -78.622035 -17.391138 -20.715443 -88.499739 
97.956315 73.181302 44.577685 57.651360 59.908841 43.715682 38.992214 44.708567 -80.981331 -57.655201 -44.215317 
65.305575 70.631967 49.395246 57.570226 30.738492 3.978011 18.804049 -63.492977 -6.708179 -68.241294 -44.215317 
24.706017 81.522614 35.525781 57.556607 -31.978305 -33.703376 -90.016528 -27.094624 -88.256299 -34.648054 -88.499739 
99.062059 79.443175 53.513221 47.328565 -79.043046 -30.790702 72.950423 -35.319970 -89.972504 -62.787287 -42.986250 
65.305575 40.511855 73.998572 89.991414 31.375643 92.264646 -64.018950 67.328343 -87.168777 -68.241294 -32.105349 
44.261092 99.874980 28.375005 46.811423 -16.091290 -80.077001 18.804049 44.708567 -80.129289 -81.603865 -46.345625 
63.260105 40.511855 28.375005 58.090667 -41.687573 81.469429 -10.348469 -51.224163 -78.724455 -62.888713 -6.181368 
13.752928 82.276192 57.628361 46.977433 -78.758377 -97.083278 94.075584 70.575540 -52.773218 -26.896924 -6.181368 
31.352405 24.603417 71.313470 48.843885 -26.825093 -97.777789 -9.023896 -61.597268 -54.005411 -12.800410 -1.857837 
31.352405 99.874980 55.499229 97.478186 -60.255409 19.384645 18.804049 -58.372279 -74.701308 -34.648054 -45.695801 
55.742543 86.189341 53.060176 46.977433 -66.537150 -79.787086 -62.625023 -63.492977 -73.634140 -62.787287 -45.584983 
67.603161 24.603417 0.297874 57.570226 -54.248180 -97.777789 37.992214 -87.082091 -80.608718 -20.715443 -49.968074 
50.616668 95.463140 7.165333 75.412032 -95.298872 -80.617383 -40.154569 -39.111471 -19.660260 -3.706704 -88.234885 
39.717392 51.834158 75.095571 73.377174 -79.043046 35.714632 82.080524 55.959957 -54.958453 -58.566227 -55.910701 
66.977305 79.443175 13.158142 95.584217 -0.693457 90.866612 75.206187 -41.528750 -80.981331 -58.528803 -22.764237 
82.642459 61.034940 57.628361 46.811423 33.822241 -20.267815 18.804049 -79.405847 -19.135287 -78.588910 -81.892469 
92.201434 50.769330 44.577685 83.691087 -67.718463 79.025729 -9.023896 -68.349789 -99.295355 -34.648054 -34.816327 
81.987772 82.276192 93.249966 97.217903 -69.887951 -37.264558 71.543168 87.171016 -29.779793 -62.888713 -71.873350 
78.789371 65.222478 20.839201 87.111102 5.408212 19.384645 -47.629475 -83.997419 -29.167329 -86.077797 -84.979445 
64.831550 54.501164 44.245754 73.377174 -32.740507 79.025729 15.693706 -83.997419 -80.981331 -62.207169 -46.345625 
79.264938 61.034940 13.158142 29.690159 83.545684 -79.787086 59.993955 -71.259035 -51.571739 -68.329177 -36.712973 
99.062059 67.905980 86.268112 29.690159 -22.137372 -37.264558 28.999098 55.959957 -54.005411 -68.241294 -88.499739 
2.370533 86.189341 49.395246 75.412032 -31.978305 -26.713923 -4.427381 54.977168 -25.209217 -53.055457 -88.234885 
85.796219 82.276192 1.454955 73.377174 -35.307981 -80.617383 -7.900047 18.881396 -89.972504 -23.072272 -32.105349 
81.987772 81.522614 0.297874 58.256563 59.908841 -27.144782 93.159635 -58.372279 -2.458524 -43.963442 -63.925743 
43.144920 40.511855 25.980595 14.000677 -31.540921 82.469781 -96.214058 -67.711656 -51.571739 -62.189091 -24.208633 
129860 20 11693
