85.986956 82.276192 42.577685 88.991414 17.250823 -25.598592 -87.907681 -87.082091 -21.198201 -70.420862 -83.253017 
64.831550 58.322219 44.577685 73.377174 59.908841 52.310840 19.804049 -93.472392 -83.232898 -30.271521 -73.416695 
64.831550 82.276192 71.313470 44.811423 -54.248180 -37.264558 -9.348469 -93.472392 -21.198201 -48.560884 -83.253017 
9.735698 84.960405 43.245754 69.684501 30.738492 -25.598592 -8.747304 -93.472392 -21.198201 -70.420862 -14.165533 
31.352405 73.181302 44.577685 44.811423 16.250823 -37.264558 -9.348469 -71.259035 -83.232898 -48.560884 -88.234885 
39.717392 51.834158 44.245754 74.377174 17.250823 99.394786 11.984207 55.977168 -24.209217 -49.560884 -57.286858 
9.735698 84.960405 49.395246 62.234079 59.908841 -40.734745 -62.625023 -73.141438 -25.209217 -3.170767 -98.086885 
64.831550 70.631967 53.060176 44.811423 17.250823 -37.264558 11.984207 -72.259035 -73.634140 -71.881282 -98.086885 
81.987772 74.181302 53.060176 70.208741 16.250823 -37.264558 -8.747304 -73.141438 -24.209217 -70.420862 -89.499739 
55.742543 59.322219 44.577685 57.651360 -84.178768 -37.264558 18.804049 -71.259035 -83.232898 -53.055457 -89.499739 
65.831550 70.569523 49.395246 75.412032 -31.335730 -37.264558 -87.907681 18.881396 -30.779793 -62.787287 -56.286858 
35.476840 73.181302 49.395246 75.412032 17.250823 79.025729 18.804049 -93.472392 -30.779793 -35.515478 -88.234885 
55.742543 73.181302 53.060176 75.412032 59.908841 -38.264558 -62.625023 -44.577422 -21.865279 -53.055457 -46.345625 
2.370533 60.322219 63.571603 89.991414 -79.043046 -37.264558 -87.907681 54.977168 -24.209217 -70.420862 -57.286858 
3.370533 51.834158 53.060176 61.234079 17.250823 79.025729 -87.907681 55.977168 -83.232898 -83.241876 -57.286858 
2.370533 59.322219 44.577685 44.811423 -24.075196 10.863745 18.804049 -71.259035 -30.779793 -96.944557 -97.086885 
39.717392 74.181302 44.245754 73.377174 -35.307981 82.469781 -9.348469 18.881396 -6.708179 -70.420862 -75.974035 
77.514931 73.181302 49.395246 89.991414 -24.075196 82.469781 -50.102175 -87.082091 -21.198201 -70.420862 -79.848801 
39.717392 73.181302 49.395246 73.377174 -35.307981 19.384645 18.804049 -62.492977 -24.209217 -68.241294 -79.848801 
65.831550 73.181302 49.395246 89.991414 -35.307981 19.384645 18.804049 54.977168 -19.135287 -35.515478 -56.286858 
81.987772 73.181302 45.577685 69.684501 -54.248180 69.258055 18.804049 -40.111471 -7.277751 -68.241294 -97.086885 
65.831550 27.441688 53.060176 51.927711 -84.178768 72.066557 18.804049 -93.472392 -80.129289 -70.420862 -75.974035 
68.450239 74.181302 53.060176 70.208741 -35.307981 14.741415 -51.102175 -87.082091 -24.209217 -63.189091 -98.086885 
85.986956 84.960405 44.577685 61.234079 -24.075196 52.310840 -62.625023 55.977168 -21.198201 -47.560884 -89.499739 
77.514931 25.228485 44.245754 89.991414 -30.335730 -40.734745 18.804049 55.977168 -83.232898 -3.170767 -57.286858 
63.260105 73.181302 54.060176 89.991414 -24.075196 52.310840 -87.907681 55.977168 -60.359049 -62.787287 -83.253017 
35.476840 81.522614 53.060176 70.208741 -31.978305 8.928189 -87.907681 -44.577422 -19.135287 -70.420862 -57.286858 
85.986956 69.569523 35.525781 37.038844 -40.687573 -40.734745 -9.348469 -93.472392 -7.277751 -62.787287 -79.848801 
31.352405 73.181302 45.577685 44.811423 59.908841 -25.713923 18.804049 44.708567 -31.890379 -48.560884 -88.234885 
68.450239 59.322219 46.577685 85.907324 17.250823 -47.056829 -74.838406 -73.141438 -17.751921 -53.055457 -75.974035 
68.335202 84.960405 49.395246 73.377174 -40.687573 13.741415 -62.625023 -93.472392 -6.708179 -53.055457 -34.816327 
15.121500 82.276192 44.245754 75.412032 17.250823 8.928189 18.804049 -44.577422 -80.129289 -62.189091 -57.286858 
65.069894 69.569523 71.313470 73.377174 59.908841 -40.734745 -20.673564 44.708567 -31.890379 -35.515478 -74.974035 
65.069894 69.569523 44.245754 75.412032 -35.307981 9.928189 18.804049 -44.577422 -7.277751 -69.420862 -55.832141 
55.742543 59.322219 53.060176 73.377174 59.444857 -94.780986 -87.907681 54.977168 -99.295355 -53.055457 -74.142648 
55.742543 84.960405 44.577685 73.377174 -84.178768 -37.264558 11.984207 -93.472392 -20.198201 -62.787287 -88.234885 
81.987772 25.603417 71.313470 89.991414 -30.335730 79.025729 -9.348469 -71.259035 -81.129289 -70.420862 -75.974035 
68.335202 55.649343 71.313470 62.234079 17.250823 10.863745 18.804049 -44.577422 -7.277751 -53.055457 -88.234885 
65.831550 73.181302 44.245754 44.811423 -27.693584 -40.734745 -8.747304 -44.577422 -24.209217 -48.560884 -36.712973 
85.986956 51.834158 53.060176 89.991414 60.908841 100.394786 -51.102175 -79.405847 -24.209217 -83.241876 -74.142648 
55.742543 55.649343 54.060176 73.377174 15.250823 51.310840 18.804049 -79.622035 -21.198201 -34.648054 -98.086885 
55.742543 61.034940 35.525781 75.412032 -35.307981 -37.264558 -62.625023 44.708567 -80.129289 -35.515478 -34.645379 
65.069894 84.960405 44.245754 72.377174 -24.075196 -47.056829 -9.348469 -93.472392 -83.232898 -34.648054 -89.499739 
81.987772 92.493433 53.060176 67.396498 -31.978305 -25.598592 -62.625023 -87.082091 -21.198201 -35.515478 -89.499739 
82.987772 69.569523 45.577685 69.684501 16.250823 -37.264558 -15.758950 -93.472392 -80.981331 -34.648054 -57.286858 
2.370533 84.960405 44.577685 75.412032 -31.978305 51.310840 -15.758950 -93.472392 -21.198201 -96.944557 -73.416695 
35.476840 72.181302 53.060176 73.377174 60.193053 8.928189 -51.102175 55.977168 -83.232898 -83.241876 -88.234885 
55.742543 73.181302 44.577685 73.377174 17.250823 82.469781 -87.907681 -71.259035 -80.981331 -53.055457 -98.086885 
31.352405 59.322219 63.571603 57.651360 31.738492 72.066557 -62.625023 55.977168 -40.025930 -62.189091 -97.086885 
35.476840 82.276192 44.245754 73.377174 59.444857 69.258055 -87.907681 -73.141438 -83.232898 -53.055457 -75.974035 
55.742543 25.603417 44.577685 73.377174 59.908841 -37.264558 11.984207 -68.349789 -21.198201 -3.170767 -57.286858 
35.476840 58.322219 44.245754 57.570226 -35.307981 -94.780986 18.804049 -79.405847 -24.209217 -48.560884 -88.499739 
65.069894 82.276192 49.395246 73.377174 60.193053 39.944418 -16.758950 -79.622035 -99.295355 -48.560884 -74.142648 
82.987772 72.181302 44.577685 73.377174 17.250823 100.394786 -20.673564 -66.711656 -19.135287 -70.420862 -76.974035 
77.514931 73.181302 44.577685 61.234079 30.738492 68.258055 11.984207 -79.622035 -21.198201 -10.019786 -73.416695 
77.514931 73.181302 44.245754 61.234079 -30.540921 19.384645 -62.625023 -79.405847 -20.198201 -53.055457 -56.286858 
2.370533 55.649343 45.577685 95.976888 17.250823 -25.713923 11.984207 -66.711656 -7.277751 -62.189091 -57.286858 
15.121500 82.276192 44.245754 37.038844 59.444857 9.928189 -62.625023 55.977168 -20.198201 -35.515478 -56.286858 
77.514931 82.276192 44.245754 75.412032 59.444857 69.258055 18.804049 44.708567 -80.981331 -62.189091 -50.569305 
2.370533 83.276192 44.577685 74.377174 -30.335730 79.025729 11.984207 -39.111471 -29.779793 -53.055457 -57.286858 
55.742543 25.603417 35.525781 70.208741 -96.298872 81.469429 -74.838406 -87.082091 -41.025930 -96.944557 -83.253017 
55.742543 73.181302 52.060176 75.412032 -96.298872 51.310840 -20.842909 55.977168 -80.129289 -62.787287 -79.848801 
55.742543 55.649343 63.571603 75.412032 17.250823 52.310840 -63.625023 -79.405847 -7.277751 -62.787287 -57.286858 
63.260105 25.228485 45.577685 76.412032 -31.978305 9.928189 -21.842909 -44.577422 -6.708179 -49.560884 -88.499739 
65.831550 72.181302 64.571603 75.412032 17.250823 -37.264558 -9.348469 -93.472392 -30.779793 -53.055457 -97.086885 
77.514931 59.322219 63.571603 73.377174 17.250823 19.384645 -15.758950 -79.622035 -80.129289 -96.944557 -74.142648 
85.986956 25.603417 54.060176 37.038844 16.250823 -37.264558 -74.838406 43.708567 -31.890379 -53.055457 -56.286858 
81.987772 25.228485 35.525781 61.234079 -41.687573 79.025729 -62.625023 44.708567 -21.198201 -70.420862 -89.499739 
2.370533 73.181302 44.577685 83.691087 59.908841 10.863745 -74.838406 -87.082091 -17.751921 -53.055457 -89.499739 
55.742543 86.189341 53.060176 57.651360 -54.248180 19.384645 -50.102175 -71.259035 -83.232898 -71.420862 -98.086885 
65.831550 51.834158 24.980595 61.234079 60.193053 19.384645 -9.348469 54.977168 -83.232898 -63.189091 -75.974035 
55.742543 74.181302 44.577685 94.976888 -95.298872 69.258055 -62.625023 -93.472392 -6.708179 -3.170767 -73.416695 
81.987772 73.181302 53.060176 67.396498 -84.178768 51.310840 18.804049 55.977168 -24.209217 -70.420862 -83.253017 
68.450239 59.322219 49.395246 61.234079 -96.298872 -40.734745 -87.907681 -73.141438 -30.779793 -35.515478 -87.234885 
82.987772 82.276192 44.577685 83.691087 17.250823 100.394786 -74.838406 -87.082091 -20.198201 -63.189091 -88.234885 
2.370533 27.441688 54.060176 73.377174 17.250823 -25.598592 -8.747304 44.708567 -7.277751 -48.560884 -89.499739 
9.735698 73.181302 44.577685 61.234079 17.250823 82.469781 -20.673564 -71.259035 -83.232898 -68.241294 -97.086885 
55.742543 73.181302 44.577685 83.691087 -84.178768 39.944418 -87.907681 -62.492977 -7.277751 -83.241876 -55.832141 
64.831550 73.181302 44.577685 69.684501 -79.043046 14.741415 -62.625023 -79.405847 -80.129289 -48.560884 -50.569305 
35.476840 73.181302 44.245754 89.991414 -32.540921 9.928189 11.984207 18.881396 -24.209217 -96.944557 -98.086885 
67.603161 84.960405 54.060176 62.234079 -96.298872 -47.056829 11.984207 -68.349789 -30.779793 -70.420862 -88.234885 
65.831550 69.569523 44.577685 89.991414 59.908841 69.258055 -50.102175 -73.141438 -90.797672 -53.055457 -76.974035 
62.260105 82.276192 45.577685 57.651360 17.250823 51.310840 -8.747304 -44.577422 -30.779793 -53.055457 -57.286858 
39.717392 51.834158 54.060176 75.412032 -55.248180 -47.056829 -87.907681 -68.349789 -80.129289 -35.515478 -79.848801 
39.717392 59.322219 49.395246 57.651360 -27.693584 81.469429 -14.758950 -79.405847 -20.198201 -35.515478 -75.974035 
9.735698 50.769330 53.060176 57.570226 59.444857 -37.264558 11.984207 -80.405847 -17.751921 -4.170767 -76.974035 
65.831550 69.569523 71.313470 73.377174 -61.842676 82.469781 -50.102175 -72.259035 -80.981331 -2.170767 -75.974035 
77.514931 59.322219 64.571603 45.811423 59.908841 -37.264558 11.984207 18.881396 -30.779793 -53.055457 -79.848801 
55.742543 72.181302 49.395246 44.811423 -32.540921 100.394786 -87.907681 54.977168 -7.277751 -53.055457 -75.974035 
9.735698 70.631967 45.577685 75.412032 -54.248180 81.469429 -9.348469 -93.472392 -7.277751 -96.944557 -75.974035 
68.450239 82.276192 53.060176 69.684501 -97.298872 -38.264558 -74.838406 -44.577422 -24.209217 -63.189091 -88.234885 
9.735698 56.169175 44.245754 57.651360 -54.248180 9.928189 -66.106714 -68.349789 -30.779793 -70.420862 -75.974035 
2.370533 73.181302 49.395246 89.991414 -31.978305 82.469781 -63.625023 -44.577422 -21.198201 -84.241876 -55.832141 
39.717392 73.181302 50.395246 62.234079 60.193053 69.258055 -62.625023 -87.082091 -7.277751 -3.170767 -97.086885 
68.450239 69.569523 53.060176 61.234079 59.444857 9.928189 -62.625023 -79.622035 -7.277751 -53.055457 -34.645379 
31.352405 50.769330 54.060176 75.412032 -31.978305 -37.264558 -62.625023 -87.082091 -19.135287 -96.944557 -79.848801 
36.476840 73.181302 45.577685 73.377174 59.444857 -37.264558 -47.629475 -62.492977 -30.779793 -68.241294 -88.234885 
2.370533 59.322219 49.395246 75.412032 -95.298872 79.025729 -62.625023 -44.577422 -82.232898 -2.170767 -57.286858 
39.717392 84.960405 45.577685 83.691087 17.250823 19.384645 18.804049 44.708567 -21.198201 -70.420862 -74.974035 
55.742543 26.441688 49.395246 69.684501 -31.540921 -40.734745 -62.625023 -68.349789 -24.209217 -62.787287 -57.286858 
68.335202 57.322219 54.060176 73.377174 17.250823 19.384645 -87.907681 -45.577422 -83.232898 -35.515478 -55.832141 
55.742543 55.649343 71.313470 83.691087 -31.978305 -38.264558 11.984207 -87.082091 -6.708179 -2.170767 -56.286858 
77.514931 82.522614 53.060176 83.691087 -30.335730 -37.264558 -50.102175 -81.622035 -21.198201 -69.420862 -98.086885 
77.514931 73.181302 49.395246 75.412032 -61.842676 51.310840 -20.673564 -93.472392 -24.209217 -3.170767 -74.142648 
35.476840 81.522614 71.313470 61.234079 60.193053 -37.264558 -9.348469 55.977168 -24.209217 -48.560884 -83.253017 
65.069894 70.631967 44.577685 83.691087 59.908841 -37.264558 -62.625023 -86.082091 -52.773218 -96.944557 -78.848801 
2.370533 73.181302 45.245754 83.691087 18.250823 13.741415 -87.907681 -93.472392 -19.135287 -70.420862 -88.234885 
82.987772 73.181302 53.060176 83.691087 17.250823 -37.264558 -87.907681 43.708567 -99.295355 -62.787287 -79.848801 
82.987772 55.649343 45.577685 73.377174 -24.075196 39.944418 11.984207 -79.405847 -83.232898 -34.648054 -57.286858 
65.069894 84.960405 44.245754 83.691087 18.250823 -79.787086 11.984207 -93.472392 -83.232898 -54.055457 -98.086885 
85.986956 84.960405 63.571603 83.691087 17.250823 9.928189 -9.348469 -93.472392 -31.890379 -47.560884 -98.086885 
68.450239 69.569523 45.577685 75.412032 59.444857 9.928189 -9.348469 44.708567 -18.751921 -53.055457 -75.974035 
81.987772 51.834158 44.577685 69.684501 17.250823 19.384645 -62.625023 -93.472392 -40.025930 -3.170767 -73.416695 
65.069894 51.834158 53.060176 75.412032 -79.043046 -25.598592 18.804049 -62.492977 -18.751921 -30.271521 -75.974035 
35.476840 59.322219 54.060176 75.412032 -35.307981 -37.264558 -74.838406 -87.082091 -83.232898 -3.170767 -57.286858 
55.742543 83.960405 71.313470 57.570226 -26.693584 51.310840 18.804049 -68.349789 -30.779793 -48.560884 -83.253017 
63.260105 56.169175 63.571603 73.377174 -61.842676 100.394786 -87.907681 54.977168 -18.135287 -83.241876 -74.142648 
55.742543 59.322219 63.571603 75.412032 -54.248180 14.741415 -87.907681 54.977168 -31.890379 -71.881282 -89.234885 
91.741078 84.960405 71.313470 62.234079 17.250823 20.384645 -87.907681 -88.082091 -59.608920 -48.560884 -98.086885 
85.986956 59.322219 63.571603 75.412032 -95.298872 51.310840 -16.758950 -81.622035 -24.209217 -2.170767 -74.142648 
68.335202 55.649343 49.395246 57.570226 59.444857 -37.264558 18.804049 -93.472392 -19.135287 -2.170767 -98.086885 
39.717392 84.960405 45.577685 73.377174 60.193053 -47.056829 -20.673564 54.977168 -24.209217 -2.170767 -79.848801 
83.987772 69.569523 53.060176 73.377174 17.250823 10.863745 -87.907681 -93.472392 -17.751921 -2.170767 -54.832141 
39.717392 74.181302 53.060176 62.234079 17.250823 -47.056829 18.804049 -39.111471 -6.708179 -63.189091 -75.974035 
64.831550 59.322219 53.060176 75.412032 -96.298872 -47.056829 -15.758950 -85.677118 -40.025930 -95.944557 -75.974035 
85.986956 82.276192 49.395246 73.377174 -35.307981 -37.264558 -21.842909 -93.472392 -29.779793 -70.420862 -75.974035 
69.450239 84.960405 45.577685 73.377174 59.908841 -37.264558 -50.102175 53.977168 -99.295355 -68.241294 -89.499739 
31.352405 73.181302 45.577685 75.412032 -32.540921 81.469429 -87.907681 -44.577422 -7.277751 -68.241294 -79.848801 
150330 70 40296
