  1:  145950 31.352405 69.569523 53.060176 75.377174 17.250823 9.928189 -9.348469 -80.622035 -31.890379 -51.055457 -76.974035 
  2:  145310 66.831550 69.569523 53.060176 73.377174 16.250823 -36.264558 -9.348469 -80.622035 -32.890379 -68.241294 -76.974035 
  3:  138710 66.831550 58.322219 54.060176 75.377174 17.250823 -38.264558 -21.842909 16.881396 -31.890379 -67.241294 -79.848801 
  4:  136900 35.476840 69.569523 53.060176 75.377174 14.250823 8.928189 -63.625023 -44.577422 -32.890379 -50.055457 -78.974035 
  5:  134340 64.831550 82.960405 55.060176 73.377174 13.250823 10.928189 -9.348469 16.881396 -5.277751 -51.055457 -58.286858 
  6:  130190 64.831550 83.960405 53.060176 75.377174 16.250823 -94.780986 -9.348469 53.977168 -31.890379 -67.241294 -76.974035 
  7:  129610 66.831550 83.960405 55.060176 73.377174 17.250823 -37.264558 -7.348469 -44.577422 -31.890379 -51.055457 -73.142648 
  8:  129240 64.831550 69.569523 54.060176 75.377174 18.250823 -35.264558 -63.625023 -80.622035 -33.890379 -67.241294 -77.974035 
  9:  127430 31.352405 69.569523 54.060176 73.377174 16.250823 8.928189 -63.625023 -80.622035 -32.890379 -67.241294 -79.848801 
 10:  127330 64.831550 69.569523 55.060176 73.377174 18.250823 8.928189 -8.348469 54.977168 -31.890379 -68.241294 -57.286858 
 11:  127250 63.831550 69.569523 54.060176 72.377174 18.250823 -94.780986 -8.348469 -80.622035 -5.277751 -68.241294 -79.848801 
 12:  125500 65.831550 81.960405 53.060176 75.377174 19.250823 -36.264558 -8.348469 16.881396 -31.890379 -51.055457 -77.974035 
 13:  124980 64.831550 83.960405 54.060176 73.377174 16.250823 -93.780986 -63.625023 16.881396 -33.890379 -67.241294 -72.142648 
 14:  124280 63.831550 81.960405 54.060176 73.377174 18.250823 9.928189 -9.348469 -79.622035 -31.890379 -69.241294 -72.142648 
 15:  124210 63.831550 58.322219 55.060176 74.377174 17.250823 -37.264558 -8.348469 16.881396 -31.890379 -68.241294 -76.974035 
 16:  124190 64.831550 70.569523 53.060176 73.377174 19.250823 -36.264558 -62.625023 -82.622035 -5.277751 -67.241294 -75.974035 
 17:  124130 65.831550 68.569523 53.060176 73.377174 19.250823 -38.264558 -7.348469 -87.082091 -32.890379 -69.241294 -77.974035 
 18:  124080 66.831550 70.569523 53.060176 73.377174 14.250823 8.928189 -7.348469 -80.622035 -6.277751 -68.241294 -57.286858 
 19:  121900 65.831550 84.960405 55.060176 73.377174 16.250823 8.928189 -11.348469 16.881396 -31.890379 -68.241294 -76.974035 
 20:  121550 64.831550 70.569523 54.060176 73.377174 18.250823 -94.780986 -63.625023 54.977168 -32.890379 -68.241294 -58.286858 
 21:  120590 65.831550 58.322219 55.060176 75.377174 18.250823 10.928189 -12.348469 16.881396 -32.890379 -68.241294 -71.142648 
 22:  120570 65.831550 84.960405 62.571603 73.377174 19.250823 8.928189 -9.348469 54.977168 -31.890379 -68.241294 -58.286858 
 23:  120440 63.831550 58.322219 54.060176 73.377174 17.250823 -37.264558 -12.348469 17.881396 -5.277751 -68.241294 -76.974035 
 24:  120200 65.831550 70.569523 53.060176 73.377174 18.250823 -38.264558 -20.842909 54.977168 -31.890379 -69.241294 -57.286858 
 25:  120060 65.831550 70.569523 54.060176 73.377174 16.250823 8.928189 -63.625023 17.881396 -5.277751 -68.241294 -57.286858 
 26:  120020 64.831550 69.569523 53.060176 75.377174 16.250823 -35.264558 -9.348469 -44.577422 -31.890379 -67.241294 -72.142648 
 27:  119510 64.831550 69.569523 55.060176 73.377174 19.250823 -38.264558 -11.348469 -87.082091 -31.890379 -69.241294 -77.974035 
 28:  118960 64.831550 69.569523 53.060176 73.377174 17.250823 -35.264558 -20.842909 -86.082091 -31.890379 -68.241294 -57.286858 
 29:  118530 63.831550 58.322219 56.060176 73.377174 18.250823 -94.780986 -8.348469 -86.082091 -33.890379 -68.241294 -57.286858 
 30:  118010 65.831550 69.569523 54.060176 73.377174 19.250823 9.928189 -63.625023 15.881396 -5.277751 -67.241294 -76.974035 
 31:  116200 65.831550 84.960405 53.060176 71.377174 16.250823 -38.264558 -62.625023 16.881396 -31.890379 -68.241294 -76.974035 
 32:  116040 65.831550 80.960405 53.060176 72.377174 17.250823 -35.264558 -20.842909 -80.622035 -31.890379 -51.055457 -71.142648 
 33:  112980 65.831550 57.322219 54.060176 75.377174 18.250823 -37.264558 -63.625023 -86.082091 -32.890379 -68.241294 -77.974035 
 34:  107900 63.831550 58.322219 54.060176 74.377174 19.250823 -36.264558 -11.348469 54.977168 -32.890379 -51.055457 -73.142648 
 35:  107710 64.831550 58.322219 52.060176 75.377174 18.250823 8.928189 -7.348469 -43.577422 -5.277751 -69.241294 -57.286858 
 36:  103450 64.831550 69.569523 54.060176 75.377174 16.250823 -36.264558 -20.842909 16.881396 -32.890379 -51.055457 -58.286858 
 37:   98000 65.831550 58.322219 54.060176 75.377174 17.250823 8.928189 -9.348469 -79.622035 -33.890379 -68.241294 -76.974035 
 38:   97980 65.831550 58.322219 53.060176 74.377174 16.250823 -38.264558 -11.348469 16.881396 -32.890379 -69.241294 -77.974035 
 39:   96960 64.831550 84.960405 53.060176 73.377174 19.250823 9.928189 -8.348469 -82.622035 -31.890379 -51.055457 -76.974035 
 40:   95740 65.831550 84.960405 54.060176 73.377174 16.250823 -36.264558 -11.348469 -85.082091 -32.890379 -69.241294 -58.286858 
 41:   91900 65.831550 84.960405 53.060176 75.377174 19.250823 -38.264558 -9.348469 16.881396 -5.277751 -68.241294 -73.142648 
 42:   91350 65.831550 69.569523 54.060176 75.377174 17.250823 -94.780986 -21.842909 54.977168 -31.890379 -69.241294 -75.974035 
 43:   90660 31.352405 58.322219 53.060176 73.377174 17.250823 8.928189 -11.348469 -83.622035 -32.890379 -68.241294 -76.974035 
 44:   90000 64.831550 58.322219 53.060176 73.377174 18.250823 8.928189 -21.842909 -80.622035 -32.890379 -51.055457 -78.974035 
 45:   88900 65.831550 58.322219 55.060176 75.377174 16.250823 -94.780986 -13.348469 -86.082091 -6.277751 -67.241294 -73.142648 
 46:   81570 65.831550 58.322219 56.060176 74.377174 18.250823 -94.780986 -21.842909 -79.622035 -31.890379 -67.241294 -73.142648 
 47:   80610 64.831550 58.322219 54.060176 72.377174 17.250823 8.928189 -19.842909 -87.082091 -6.277751 -51.055457 -72.142648 
 48:   78340 65.831550 69.569523 53.060176 73.377174 17.250823 -36.264558 -8.348469 54.977168 -31.890379 -51.055457 -58.286858 
 49:   76720 31.352405 84.960405 55.060176 73.377174 18.250823 -36.264558 -9.348469 -82.622035 -19.751921 -68.241294 -76.974035 
 50:   76070 64.831550 69.569523 54.060176 73.377174 18.250823 9.928189 -19.842909 16.881396 -32.890379 -69.241294 -76.974035 
 51:   73950 64.831550 58.322219 54.060176 75.377174 12.250823 -37.264558 -11.348469 -80.622035 -31.890379 -51.055457 -57.286858 
 52:   71700 65.831550 69.569523 54.060176 75.377174 17.250823 -38.264558 -9.348469 16.881396 -5.277751 -68.241294 -79.974035 
 53:   71570 64.831550 57.322219 55.060176 77.377174 16.250823 -35.264558 -11.348469 -82.622035 -19.751921 -68.241294 -80.848801 
 54:   68690 65.831550 69.569523 53.060176 72.377174 18.250823 -36.264558 -62.625023 -86.082091 -32.890379 -68.241294 -79.848801 
 55:   65810 64.831550 70.569523 53.060176 73.377174 18.250823 -94.780986 -11.348469 -44.577422 -32.890379 -51.055457 -57.286858 
 56:   65790 63.831550 69.569523 53.060176 73.377174 18.250823 -37.264558 -9.348469 -43.577422 -31.890379 -67.241294 -57.286858 
 57:   64980 64.831550 69.569523 62.571603 73.377174 19.250823 -35.264558 -11.348469 -86.082091 -32.890379 -69.241294 -72.142648 
 58:   64650 64.831550 69.569523 53.060176 75.377174 17.250823 -37.264558 -11.348469 15.881396 -7.277751 -67.241294 -79.848801 
 59:   63630 63.831550 69.569523 54.060176 75.377174 18.250823 -37.264558 -19.842909 -80.622035 -4.277751 -69.241294 -77.974035 
 60:   63100 65.831550 82.960405 53.060176 72.377174 18.250823 9.928189 -9.348469 -78.622035 -32.890379 -68.241294 -58.286858 
 61:   63030 64.831550 58.322219 53.060176 73.377174 17.250823 -37.264558 -9.348469 -44.577422 -32.890379 -68.241294 -76.974035 
 62:   62860 65.831550 70.569523 54.060176 72.377174 18.250823 -37.264558 -20.842909 54.977168 -31.890379 -69.241294 -73.142648 
 63:   61170 65.831550 58.322219 53.060176 74.377174 17.250823 -37.264558 -7.348469 -87.082091 -32.890379 -51.055457 -78.848801 
 64:   59570 65.831550 70.569523 55.060176 72.377174 18.250823 9.928189 -8.348469 14.881396 -32.890379 -66.241294 -72.142648 
 65:   59420 64.831550 69.569523 53.060176 75.377174 16.250823 -36.264558 -62.625023 -80.622035 -31.890379 -68.241294 -76.974035 
 66:   59400 64.831550 69.569523 55.060176 73.377174 14.250823 -37.264558 -20.842909 -80.622035 -31.890379 -68.241294 -80.848801 
 67:   58950 65.831550 81.960405 53.060176 74.377174 18.250823 -37.264558 -8.348469 -79.622035 -31.890379 -68.241294 -57.286858 
 68:   58370 64.831550 58.322219 53.060176 73.377174 18.250823 -40.264558 -8.348469 -44.577422 -32.890379 -68.241294 -76.974035 
 69:   58170 32.352405 58.322219 53.060176 73.377174 16.250823 -38.264558 -62.625023 54.977168 -6.277751 -67.241294 -57.286858 
 70:   57060 35.476840 70.569523 55.060176 73.377174 16.250823 -36.264558 -9.348469 -44.577422 -33.890379 -66.241294 -57.286858 
 71:   54990 64.831550 83.960405 53.060176 75.377174 18.250823 9.928189 -63.625023 16.881396 -31.890379 -68.241294 -76.974035 
 72:   52650 64.831550 69.569523 54.060176 75.377174 17.250823 -36.264558 -8.348469 -80.622035 -32.890379 -66.241294 -72.142648 
 73:   51150 65.831550 58.322219 55.060176 75.377174 19.250823 -94.780986 -12.348469 16.881396 -31.890379 -69.241294 -77.974035 
 74:   50900 63.831550 69.569523 55.060176 75.377174 16.250823 -35.264558 -20.842909 -86.082091 -6.277751 -67.241294 -57.286858 
 75:   49640 65.831550 83.960405 54.060176 74.377174 14.250823 -37.264558 -20.842909 -79.622035 -32.890379 -69.241294 -78.974035 
 76:   49490 64.831550 70.569523 55.060176 73.377174 17.250823 -37.264558 -9.348469 16.881396 -31.890379 -67.241294 -77.974035 
 77:   49300 35.476840 84.960405 53.060176 73.377174 16.250823 -35.264558 -10.348469 -82.622035 -19.751921 -68.241294 -79.848801 
 78:   48960 66.831550 69.569523 53.060176 72.377174 13.250823 -38.264558 -63.625023 -79.622035 -32.890379 -68.241294 -57.286858 
 79:   47590 65.831550 70.569523 55.060176 75.377174 16.250823 -36.264558 -20.842909 -79.622035 -31.890379 -68.241294 -76.974035 
 80:   46450 35.476840 58.322219 53.060176 76.377174 17.250823 -35.264558 -19.842909 -43.577422 -32.890379 -69.241294 -57.286858 
 81:   45220 64.831550 68.569523 54.060176 73.377174 12.250823 -39.264558 -63.625023 -78.622035 -32.890379 -68.241294 -76.974035 
 82:   44450 64.831550 69.569523 54.060176 75.377174 18.250823 -39.264558 -9.348469 -86.082091 -31.890379 -68.241294 -76.974035 
 83:   43760 65.831550 84.960405 53.060176 75.377174 15.250823 -36.264558 -12.348469 -80.622035 -6.277751 -68.241294 -79.848801 
 84:   43120 64.831550 81.960405 53.060176 73.377174 17.250823 -38.264558 -8.348469 -79.622035 -32.890379 -69.241294 -77.974035 
 85:   41450 65.831550 69.569523 54.060176 73.377174 18.250823 -37.264558 -63.625023 -79.622035 -31.890379 -51.055457 -78.974035 
 86:   39190 65.831550 70.569523 53.060176 75.377174 13.250823 -37.264558 -20.842909 54.977168 -32.890379 -68.241294 -58.286858 
 87:   38940 64.831550 69.569523 53.060176 73.377174 18.250823 8.928189 -9.348469 54.977168 -32.890379 -67.241294 -77.974035 
 88:   34850 66.831550 70.569523 53.060176 73.377174 16.250823 10.928189 -62.625023 54.977168 -5.277751 -68.241294 -76.974035 
 89:   34140 64.831550 69.569523 53.060176 73.377174 19.250823 8.928189 -63.625023 -43.577422 -32.890379 -68.241294 -78.974035 
 90:   33820 31.352405 69.569523 52.060176 73.377174 16.250823 9.928189 -9.348469 -79.622035 -32.890379 -68.241294 -77.974035 
 91:   33580 66.831550 69.569523 54.060176 75.377174 16.250823 8.928189 -11.348469 -86.082091 -32.890379 -68.241294 -57.286858 
 92:   32320 65.831550 69.569523 53.060176 73.377174 16.250823 7.928189 -62.625023 15.881396 -31.890379 -66.241294 -57.286858 
 93:   31380 64.831550 58.322219 53.060176 73.377174 18.250823 -37.264558 -11.348469 -43.577422 -32.890379 -69.241294 -57.286858 
 94:   30860 65.831550 81.960405 55.060176 73.377174 16.250823 -35.264558 -9.348469 -79.622035 -31.890379 -68.241294 -76.974035 
 95:   30780 65.831550 58.322219 53.060176 73.377174 17.250823 9.928189 -8.348469 -79.622035 -6.277751 -69.241294 -79.848801 
 96:   30750 64.831550 58.322219 53.060176 75.377174 19.250823 8.928189 -11.348469 16.881396 -31.890379 -67.241294 -73.142648 
 97:   28400 63.831550 58.322219 53.060176 74.377174 18.250823 -38.264558 -63.625023 -80.622035 -33.890379 -51.055457 -57.286858 
 98:   28130 31.352405 58.322219 53.060176 73.377174 18.250823 -35.264558 -9.348469 -80.622035 -31.890379 -67.241294 -80.848801 
 99:   28090 63.831550 69.569523 55.060176 75.377174 17.250823 8.928189 -9.348469 -87.082091 -32.890379 -68.241294 -57.286858 
100:   28070 35.476840 69.569523 54.060176 73.377174 17.250823 8.928189 -8.348469 -81.622035 -19.751921 -68.241294 -57.286858 
101:   27600 64.831550 70.569523 53.060176 75.377174 19.250823 10.928189 -20.842909 -79.622035 -32.890379 -69.241294 -77.974035 
102:   27460 65.831550 58.322219 55.060176 73.377174 18.250823 -36.264558 -63.625023 -80.622035 -31.890379 -67.241294 -76.974035 
103:   27200 66.831550 69.569523 54.060176 71.377174 18.250823 -36.264558 -9.348469 -87.082091 -32.890379 -68.241294 -77.974035 
104:   27010 64.831550 84.960405 54.060176 75.377174 19.250823 -37.264558 -11.348469 -80.622035 -31.890379 -67.241294 -57.286858 
105:   26850 31.352405 69.569523 54.060176 75.377174 16.250823 -36.264558 -10.348469 -81.622035 -32.890379 -67.241294 -79.848801 
106:   24840 65.831550 57.322219 53.060176 73.377174 18.250823 8.928189 -9.348469 -42.577422 -32.890379 -67.241294 -80.848801 
107:   24350 31.352405 84.960405 62.571603 75.377174 16.250823 -37.264558 -9.348469 -86.082091 -33.890379 -68.241294 -57.286858 
108:   21450 64.831550 58.322219 53.060176 75.377174 17.250823 8.928189 -63.625023 -43.577422 -19.751921 -67.241294 -76.974035 
109:   20900 35.476840 69.569523 54.060176 72.377174 12.250823 -37.264558 -20.842909 -80.622035 -32.890379 -68.241294 -79.848801 
110:   18530 31.352405 82.960405 54.060176 75.377174 16.250823 -36.264558 -9.348469 53.977168 -33.890379 -68.241294 -57.286858 
111:   18460 31.352405 69.569523 54.060176 75.377174 18.250823 -36.264558 -63.625023 -86.082091 -31.890379 -68.241294 -76.974035 
112:   18010 64.831550 70.569523 53.060176 71.377174 16.250823 -36.264558 -21.842909 -82.622035 -5.277751 -68.241294 -58.286858 
113:   16600 64.831550 69.569523 53.060176 75.377174 18.250823 -37.264558 -8.348469 -80.622035 -31.890379 -67.241294 -57.286858 
114:   16540 63.831550 58.322219 54.060176 73.377174 16.250823 9.928189 -21.842909 -79.622035 -32.890379 -51.055457 -58.286858 
115:   14190 64.831550 84.960405 53.060176 72.377174 16.250823 -35.264558 -8.348469 54.977168 -6.277751 -67.241294 -79.848801 
116:   13630 63.831550 69.569523 54.060176 72.377174 14.250823 9.928189 -63.625023 -78.622035 -32.890379 -68.241294 -76.974035 
117:   13050 35.476840 84.960405 53.060176 73.377174 12.250823 -38.264558 -21.842909 54.977168 -31.890379 -69.241294 -58.286858 
118:   10680 65.831550 69.569523 53.060176 73.377174 19.250823 -35.264558 -63.625023 16.881396 -31.890379 -69.241294 -78.974035 
119:   10430 65.831550 58.322219 53.060176 73.377174 18.250823 -36.264558 -10.348469 -44.577422 -31.890379 -68.241294 -79.848801 
120:   10240 66.831550 58.322219 53.060176 73.377174 12.250823 -94.780986 -9.348469 -79.622035 -32.890379 -51.055457 -77.974035 
121:    9220 65.831550 69.569523 54.060176 75.377174 16.250823 -37.264558 -8.348469 14.881396 -6.277751 -69.241294 -77.974035 
122:    9110 65.831550 70.569523 53.060176 73.377174 14.250823 8.928189 -8.348469 -43.577422 -31.890379 -67.241294 -74.142648 
123:    8290 65.831550 58.322219 54.060176 73.377174 13.250823 -36.264558 -8.348469 -82.622035 -32.890379 -68.241294 -77.974035 
124:    8130 65.831550 81.960405 53.060176 73.377174 12.250823 8.928189 -89.907681 -82.622035 -31.890379 -69.241294 -57.286858 
125:    6060 65.831550 69.569523 55.060176 74.377174 17.250823 -36.264558 -9.348469 -87.082091 -31.890379 -68.241294 -57.286858 
126:    5000 31.352405 70.569523 53.060176 75.377174 18.250823 9.928189 -8.348469 -44.577422 -31.890379 -68.241294 -58.286858 
127:    3820 64.831550 69.569523 53.060176 74.377174 17.250823 8.928189 -9.348469 16.881396 -31.890379 -69.241294 -78.974035 
128:    3270 35.476840 58.322219 55.060176 73.377174 18.250823 -36.264558 -63.625023 -79.622035 -6.277751 -69.241294 -57.286858 
145950 3270 67173
