31.352405 94.000744 57.628361 89.991414 30.738492 -27.144782 89.465608 67.099688 -80.981331 -87.735904 -81.892469 
54.295284 71.162687 96.190946 92.401647 -67.718463 -51.631434 72.647406 -73.141438 -40.876247 -44.631076 -60.764673 
44.261092 99.669555 74.690170 31.335749 -53.865124 13.581882 90.304258 -53.716658 -4.041832 -26.504534 -17.142415 
61.670192 16.495948 82.511660 98.097802 -77.542495 32.123009 58.158264 97.929313 -47.953973 -33.374417 -70.127344 
44.144920 25.776064 86.268112 68.329203 -75.800466 99.394786 -81.589100 13.461686 -60.462066 -53.466543 -56.400398 
35.152236 84.802292 79.467836 91.943177 59.908841 -94.780986 91.970018 -87.082091 -19.751921 -57.655201 -22.954903 
2.263582 55.753003 34.183655 68.325087 -30.335730 -33.703376 -67.441880 36.413104 -3.275656 -60.423979 -93.982616 
89.543768 28.753182 6.082383 89.241161 -24.082735 25.626451 -0.593546 82.850350 -19.213624 -84.855463 -76.227467 
98.681460 76.798640 56.181887 1.290966 45.567298 25.281683 -57.914224 -39.122299 -85.595744 -23.306470 -86.191853 
19.779399 91.631556 21.023989 52.927711 -84.178768 78.461081 12.406734 36.669191 -83.213156 -45.747135 -97.087778 
89.295539 34.988296 35.046410 52.108764 69.383045 -47.056829 42.644776 39.093971 -2.699052 -70.003848 -46.345625 
58.880939 71.294814 19.129274 21.521780 84.675404 -0.863750 -85.764951 -68.711656 -35.759978 -26.896924 -7.275728 
56.783967 79.824635 15.186344 46.014507 -27.943996 67.041880 -41.544673 63.550274 -80.608718 -18.523202 -16.763432 
15.655128 70.631967 1.454955 42.126714 -16.091290 42.003880 -10.348469 -76.083595 -17.347565 -3.706704 -83.253017 
36.476840 25.228485 75.590719 86.044965 -35.307981 82.469781 -56.390114 18.485867 -98.510619 -78.588910 -39.067569 
13.696963 24.603417 75.095571 97.217903 7.662162 13.741415 55.653242 44.708567 -73.634140 -93.481749 -42.986250 
75.089095 35.608463 84.940605 46.091035 60.868457 93.797615 26.877200 68.281866 -80.151824 -99.915440 -9.369418 
55.742543 85.960405 41.715427 46.977433 -84.469305 -98.083278 -9.023896 72.708514 -40.025930 -59.185015 -10.957674 
15.121500 56.402919 64.788755 71.992208 -31.540921 -25.713923 -8.747304 -44.577422 -80.129289 -20.715443 -63.319752 
65.069894 66.806477 43.753981 61.968701 -39.509845 -44.210173 -15.758950 -39.678965 -37.264332 -97.863068 -16.120922 
78.979759 44.840501 23.886269 79.938120 80.657107 -79.518947 -60.071901 -0.972862 -21.198201 -35.085550 -5.916487 
85.986956 7.077758 40.146027 23.129994 5.408212 35.714632 -93.481434 46.839098 -31.177068 -68.329177 -40.226026 
74.931049 30.297878 70.471104 2.825962 44.836805 -98.736758 -19.819412 40.562941 -16.752543 -19.070053 -15.121972 
40.638812 99.008173 5.450525 50.879338 -62.055556 9.928189 44.155078 8.115544 -60.880582 -58.064495 -61.135530 
1.026609 81.194489 13.839636 68.883925 68.907544 74.518371 -99.878014 5.565898 -27.485212 -74.992042 -83.080826 
97.956315 77.818004 55.499229 98.587936 -64.183405 -48.438601 -69.319042 -26.043300 -40.902671 -55.979291 -35.986523 
46.353197 6.858629 54.958745 1.317291 57.872335 -81.966966 24.395746 -25.998676 -70.152047 -63.224482 -18.195151 
83.991684 32.108406 2.648924 71.250869 -35.661201 10.863745 97.472162 -85.677118 -38.512699 -96.692396 -84.979445 
94.011928 95.280333 2.887742 19.792627 -78.758377 -20.267815 21.390597 33.200204 -75.852615 -7.048495 -73.458731 
30.811360 8.365786 52.394899 39.827877 41.127318 78.791122 -80.040151 -32.423719 -7.590712 -93.971608 -65.896547 
10.239636 65.222478 98.065946 65.671508 27.917117 -89.545226 -91.631587 21.301909 -90.206832 -98.196134 -55.931287 
93.094574 17.988761 66.552099 32.960666 57.368120 -33.695599 -82.373438 71.465110 -6.610932 -39.624641 -94.098341 
59.005830 79.452518 64.662000 48.401391 78.864886 96.900282 11.984207 66.808103 -64.346688 -66.231739 -48.626529 
62.412634 31.903247 12.585087 67.640021 -27.825093 46.472084 15.693706 -31.432825 -29.167329 -50.941427 -52.272349 
95.719427 83.902093 30.956408 28.871628 85.430747 -66.622073 -29.034880 -35.319970 -10.787305 -94.488390 -11.792533 
75.449305 42.889781 1.224976 73.899446 97.763769 69.258055 -23.507732 30.227247 -33.255556 -0.658768 -97.016870 
45.840644 68.298789 33.104324 19.076685 -47.708716 34.775822 -3.511971 54.174138 -19.660260 -43.963442 -60.989161 
50.616668 72.835070 53.704535 67.305632 -83.364741 72.089099 56.185873 -94.387961 -97.837083 -53.542242 -45.695801 
99.062059 27.441688 44.577685 83.691087 31.375643 -80.617383 -66.106714 32.693179 -6.708179 -62.787287 -34.645379 
39.812502 81.863972 60.791021 7.200413 -39.784027 -24.243820 -46.278654 48.142856 -98.867251 -77.477342 -46.906498 
52.571786 44.782973 55.224127 38.616336 -54.248180 16.060294 -27.093162 52.836303 -3.725948 -35.515478 -3.859839 
48.303633 19.206565 69.547660 57.994942 -27.693584 -28.211500 29.406241 97.880989 -70.539629 -4.515623 -80.804467 
31.330651 11.716036 10.912453 69.208741 -22.846581 69.967762 36.151984 -67.891898 -31.890379 -20.647778 -60.837024 
87.114506 59.264114 83.712934 45.144653 91.435066 20.262170 -2.258799 -37.533978 -63.990924 -97.174234 -50.439576 
33.538584 55.169175 86.592784 69.432835 -60.255409 71.066557 -20.055073 -51.224163 -66.337745 -71.303114 -36.103955 
77.250198 40.511855 74.680664 62.234079 -82.824306 81.469429 88.248916 -41.528750 -51.571739 -81.238964 -88.499739 
35.284673 26.383617 84.217272 95.415758 50.508436 -69.099433 18.813363 44.856903 -65.889859 -92.945266 -27.597627 
52.482643 62.378101 47.469923 38.015921 -95.298872 43.715682 -91.292667 47.307357 -7.961796 -81.603865 -14.165533 
82.642459 43.837944 22.753380 73.377174 -24.075196 3.978011 -50.102175 -61.597268 -40.488745 -60.233585 -45.584983 
24.706017 55.649343 20.839201 40.156300 -69.887951 86.535305 -87.907681 -83.997419 -20.865279 -58.528803 -70.379391 
68.335202 96.544724 72.729955 40.193043 -98.203219 -7.232733 -3.690323 65.004510 -60.549167 -30.797298 -26.340199 
83.302547 4.174472 64.302601 35.291553 -41.753231 67.007933 51.560595 78.713940 -29.088949 -0.486314 -45.006313 
49.928150 40.642614 60.062337 43.195803 -6.622452 36.127255 28.122163 -89.564847 -38.443018 -32.396283 -1.762300 
11.172973 72.589326 2.660691 57.556607 -58.511670 70.325891 -63.788452 3.082925 -11.503144 -1.408322 -55.715934 
75.805745 36.699874 84.839319 59.309711 -75.039656 48.392577 76.797322 -74.067028 -19.202601 -38.326811 -53.609100 
79.264938 81.522614 0.297874 47.328565 -8.832610 -88.969099 71.543168 55.959957 -7.277751 -96.944557 -50.569305 
9.938442 54.501164 71.313470 95.101388 45.213877 -54.290135 -86.790936 48.030520 -78.570867 -82.410277 -10.715134 
63.410186 41.719988 23.195306 37.606474 -39.762702 -27.676416 13.618150 36.890920 -89.770892 -36.074013 -49.968074 
90.068767 83.402579 95.551769 95.584217 38.348325 47.063495 -94.276063 32.237439 -24.101052 -12.800410 -20.619884 
95.414522 7.901798 93.226822 18.269454 -70.987341 34.484164 93.680642 93.833213 -77.957216 -60.250506 -38.636595 
1.152522 97.856981 68.755244 37.314315 9.332112 -25.598592 -45.829586 81.480138 -87.168777 -17.153974 -74.142648 
82.720546 12.738191 43.316811 56.252294 -68.799681 -81.128940 60.706692 -43.198861 -30.055414 -75.767868 -36.302367 
23.282236 94.037322 50.808696 90.524318 81.755286 -4.549395 36.963069 2.256299 -86.361897 -69.634057 -48.985130 
55.117141 6.948372 3.651186 92.317845 -31.932843 88.782509 58.973245 2.375104 -68.533903 -62.207169 -63.925743 
11.850713 18.459462 79.525902 21.286243 97.625616 -84.147057 2.683315 49.161351 -44.228839 -74.623894 -68.617998 
95.037535 65.148212 59.495641 42.762837 -32.740507 -78.752420 -41.750530 -93.472392 -59.608920 -84.241876 -10.212175 
63.260105 76.559721 44.245754 57.651360 12.092686 90.866612 -47.629475 -63.492977 -59.359049 -38.035976 -36.712973 
38.884952 59.322219 35.525781 46.811423 -78.672248 -79.787086 82.080524 70.575540 -78.724455 -86.077797 -50.435982 
38.220095 28.840634 84.065729 48.843885 15.930738 74.659065 -83.094390 -15.585511 -97.541708 -71.712910 -18.766965 
41.787462 29.364270 74.813308 37.220768 11.099065 86.133640 93.159635 87.171016 -29.779793 -35.464769 -52.907727 
65.305575 82.276192 63.571603 75.412032 46.632908 -2.281254 8.272973 18.788501 -99.295355 -92.356581 -88.234885 
83.361083 41.200467 46.200254 70.690616 -0.693457 76.814996 36.464647 -57.267637 -7.174464 -10.019786 -50.730451 
81.987772 47.240554 6.279984 75.054592 -12.359258 99.730983 -90.331229 58.570279 -52.773218 -70.139960 -61.561332 
16.344821 45.551992 34.877785 65.204194 99.376956 88.544072 28.999098 84.090119 -82.506921 -47.860633 -33.245526 
28.707174 18.551248 82.898797 17.114672 73.567144 -91.470042 -51.421728 93.606715 -54.995430 -6.276908 -44.043911 
61.275414 81.331500 87.864282 61.140906 72.331771 34.298843 -72.171752 12.611691 -28.710753 -30.258946 -1.857837 
63.588538 95.463140 1.546315 57.860574 19.925378 87.182749 -19.265010 -84.353357 -26.836901 -69.074669 -26.374570 
9.735698 86.189341 13.158142 14.000677 -79.043046 -80.077001 37.992214 -66.489230 -54.005411 -30.271521 -98.086885 
41.869692 91.412427 84.252770 9.019114 -89.346899 -18.882769 -24.540266 -28.829008 -42.416453 -1.318405 -31.048636 
43.962768 59.178980 91.011325 37.554142 99.092949 97.669294 28.782086 37.242287 -25.209217 -74.126741 -54.810485 
38.367359 88.127418 65.288962 48.328858 14.247050 64.088694 -95.331463 74.790092 -80.131232 -44.203961 -78.807472 
64.384002 53.223075 84.134023 4.942618 81.905883 -60.560962 -5.281859 84.542694 -50.768155 -91.321838 -51.450327 
41.779480 28.875981 50.996801 40.614127 86.534048 -60.764110 31.646687 34.787530 -74.428430 -4.190702 -55.521183 
39.717392 52.519560 12.644708 21.761739 9.707658 -99.920493 -96.214058 98.115580 -78.847226 -66.276974 -52.280865 
62.981249 71.219591 43.233807 82.700768 -62.842676 -28.989693 -33.062154 -80.198999 -86.955480 -75.248403 -38.776481 
37.952281 15.862530 32.043505 57.570226 63.371748 98.874541 -36.002688 71.753152 -54.958453 -71.716048 -38.396137 
67.603161 93.477787 93.249966 67.642915 90.741516 84.615512 -7.019718 23.295463 -44.588621 -9.471390 -32.867323 
87.822428 92.172157 51.445985 23.327581 -48.717840 22.692971 -79.433877 -98.221033 -0.122967 -48.235342 -16.752013 
32.166472 5.805568 98.437887 31.603742 -24.391551 68.628927 73.124392 -80.959456 -22.710600 -54.165357 -2.998059 
15.960566 21.808272 98.368817 8.268322 36.596827 20.033097 5.713885 55.539606 -92.883871 -40.679370 -69.941960 
44.329856 64.006951 95.583041 5.676342 48.580025 92.945048 -88.401383 -54.949290 -13.224537 -37.965781 -28.330923 
11.662425 69.569523 66.135148 95.976888 12.263439 51.310840 -62.625023 -79.405847 -78.653479 -34.648054 -32.105349 
77.022295 42.916376 0.403762 37.038844 91.546636 56.347131 -40.154569 -27.094624 -48.115526 -74.252572 -0.459639 
43.698566 79.928914 74.749652 40.171090 71.456445 94.550014 6.791255 -52.611993 -25.605930 -65.058052 -93.263527 
91.741078 61.034940 49.395246 67.396498 59.444857 19.384645 -7.900047 -71.259035 -91.797672 -23.072272 -57.286858 
92.201434 60.111116 53.060176 70.374999 80.067662 79.025729 -63.018950 28.572806 -89.972504 -62.189091 -44.215317 
64.722156 2.360181 29.943539 61.997163 11.511617 7.275085 75.206187 -58.372279 -46.901069 -79.344172 -81.848801 
96.296315 46.740670 61.571229 55.988638 85.581293 51.883424 -4.427381 -68.274163 -33.228570 -39.987744 -75.974035 
86.288746 10.362743 66.007866 75.801611 -42.293464 -39.411463 31.548229 82.084718 -74.509585 -30.496270 -93.402540 
4.453124 92.493433 49.158348 58.090667 60.193053 39.944418 -90.016528 18.881396 -51.821009 -1.288051 -6.181368 
13.392239 57.276689 98.972014 89.333950 -89.874004 -70.330135 -54.874959 -9.898516 -90.808967 -8.851266 -55.413485 
56.816833 84.652877 84.266753 87.111102 0.853983 50.618223 23.241373 61.846523 -68.711652 -66.073811 -73.416695 
17.870000 24.164478 53.513221 87.842209 -41.687573 -74.092162 -20.673564 -39.111471 -19.135287 -53.055457 -87.720953 
18.107301 42.389407 92.783951 32.942234 29.903855 -24.330614 -52.497598 47.606388 -93.248178 -80.568034 -58.456071 
77.514931 67.679135 8.883062 52.824042 -41.400356 79.612648 -56.928613 90.747266 -63.223019 -39.405694 -19.538111 
16.736240 27.247902 48.694324 29.690159 33.822241 58.277177 -2.349109 -60.066846 -66.859541 -66.932747 -62.355984 
59.643493 99.874980 27.307912 97.478186 -52.747638 -97.777789 81.452727 -91.611570 -59.567176 -68.241294 -71.873350 
68.450239 21.065336 1.173172 58.256563 -14.797940 93.093611 -57.040838 64.013447 -16.084916 -38.215821 -9.254626 
64.779240 67.905980 76.165746 43.917828 -66.537150 92.264646 -78.445260 67.328343 -58.488307 -70.420862 -83.539152 
85.796219 67.899048 7.165333 86.907324 17.250823 -77.280904 -7.050999 -46.266589 -83.232898 -14.924739 -47.932042 
84.406071 73.181302 90.533071 80.952876 89.321766 45.079590 94.075584 -34.246593 -81.794420 -61.817032 -0.782683 
57.960167 5.734861 17.514108 54.092490 -66.975539 -97.643440 -74.838406 73.866186 -84.717432 -98.377016 -54.832141 
91.882765 85.284340 13.457552 3.242313 -36.482319 -19.351484 72.950423 -6.632841 -88.256299 -70.881282 -19.864881 
78.789371 51.834158 14.525764 51.329165 -2.256100 -5.195065 -33.752828 -78.622035 -48.185151 -91.083752 -16.423843 
65.699259 45.176242 32.936074 66.877539 15.514078 -60.261667 3.189943 12.268110 -74.701308 -43.477736 -41.418395 
88.158860 46.720050 73.177235 28.483118 -33.609478 -60.278371 -66.521166 -91.846914 -39.725696 -95.528788 -55.910701 
54.251459 46.857953 4.782651 1.653927 59.963078 -69.056733 -0.321845 42.130583 -31.895477 -15.538337 -16.241533 
64.831550 82.415876 73.998572 84.700717 -31.978305 -39.734745 18.804049 54.977168 -71.551022 -47.560884 -24.208633 
44.728257 76.044002 57.403894 64.589072 85.566839 22.960874 -91.370465 76.624414 -17.391138 -58.566227 -35.170160 
22.173789 60.220153 15.151699 37.645422 -79.881538 72.433981 39.081798 -48.804865 -2.458524 -34.372449 -8.013444 
76.457096 19.073166 42.024291 6.589723 56.950381 -60.974250 56.281491 -47.927850 -43.721508 -22.869003 -2.080077 
1.125403 87.458075 94.863496 62.605840 83.545684 66.351406 59.993955 0.678138 -18.345863 -2.170767 -10.559222 
33.497562 39.816189 20.618453 19.714552 -81.285825 -7.567959 -55.653848 -12.540927 -54.229464 -98.630172 -62.802702 
96.253755 5.219895 41.277893 15.766630 66.721282 34.627935 18.976278 -87.540713 -69.394044 -60.613541 -93.687718 
64.257541 23.219381 85.460560 47.433244 -93.567282 -28.400742 31.558214 -89.225749 -46.358851 -99.276669 -45.203314 
66.977305 18.991221 54.560402 13.193325 -17.671406 96.579877 34.845579 -20.411062 -61.092641 -63.676545 -45.014364 
2.370533 79.443175 28.375005 69.684501 -22.137372 -30.790702 -21.842909 99.089711 -28.292367 -3.336086 -22.764237 
13.752928 50.769330 25.980595 49.552557 -66.903127 -37.264558 91.822816 -68.349789 -76.571035 -62.888713 -34.816327 
