4.776429 4.694150 8.432058 5.356047 1.628642 -9.274958 0.000000 -5.028012 -0.897754 -3.668498 
8.176739 9.749230 0.103150 5.356047 1.571661 -5.789427 0.000000 -7.444674 -3.186023 -6.837508 
6.237253 8.190264 4.485280 5.356047 -4.640863 -8.802460 -2.901013 6.511302 -1.426434 -7.485184 
3.753794 9.749230 0.519829 9.915994 -0.379948 0.000000 0.000000 -9.287761 -4.150932 0.000000 
6.376698 8.948229 5.157801 9.133853 -4.640863 -9.194962 -3.246688 -3.815095 -9.525182 -0.251678 
4.776429 9.788685 5.235459 5.649195 3.041649 -9.641404 -4.211893 -2.664854 -6.252095 0.000000 
4.776429 9.399044 3.763099 6.059724 8.175831 -8.802460 -7.835989 -2.945321 -4.480708 -5.976246 
8.176739 1.185976 8.432058 9.742622 -0.379948 0.000000 0.000000 1.489640 -3.186023 -8.429079 
4.203191 8.948229 2.323972 4.921406 3.041649 -5.789427 0.000000 -2.056808 -5.157807 -6.765143 
4.657352 8.948229 5.157801 5.649195 2.402297 -7.411651 9.196556 1.489640 -6.252095 -4.753661 
7.401553 8.958886 5.941363 6.490497 3.041649 -9.194962 8.330894 7.437574 -1.227251 -3.633855 
8.067939 3.163132 5.157801 7.187003 6.781229 -9.194962 9.196556 7.437574 -4.150932 -3.622273 
6.376698 8.948229 5.157801 6.490497 1.551183 0.000000 -7.999660 -7.444674 -3.684006 0.000000 
4.776429 6.122121 4.485280 7.163035 2.402297 -5.789427 0.000000 0.876389 -4.471931 -4.976246 
4.776429 5.122121 5.157801 4.921406 3.041649 -5.085795 -1.000000 -7.625564 -6.252095 -7.485184 
3.203191 6.807169 4.485280 6.059724 3.041649 0.000000 4.067054 -5.028012 -5.928193 -8.556925 
3.391381 0.185976 8.432058 7.187003 -1.495857 2.486944 4.817227 -4.067604 -2.724887 -4.976246 
7.790135 6.807169 2.881930 0.000000 2.263537 -2.525079 -2.901013 0.529007 -3.862661 0.000000 
7.982769 9.749230 2.323972 9.915994 1.551183 -4.590038 -4.211893 6.511302 -8.644236 -7.174147 
8.137312 8.948229 9.432058 9.677832 -8.283683 -7.411651 -2.901013 4.872318 -5.301433 -4.753661 
7.982769 9.948229 4.049839 9.915994 1.551183 -5.085795 9.168690 5.671307 -4.150932 -6.837508 
7.030455 9.749230 4.485280 4.921406 9.503029 -1.000000 -5.076425 -7.877236 -2.581474 0.000000 
8.137312 0.000000 4.485280 9.005822 6.484394 -9.641404 6.041854 -2.945321 -6.252095 -7.267674 
7.790135 3.163132 4.049839 7.187003 3.041649 -2.910196 8.330894 -2.945321 -4.480708 -3.633855 
7.982769 0.000000 5.157801 4.921406 2.263537 0.000000 0.000000 -7.625564 -3.186023 -7.174147 
7.982769 9.749230 4.485280 6.400083 -3.044324 -4.590038 0.000000 2.667835 -3.996513 -3.622273 
5.880226 6.470062 7.996089 7.163035 1.628642 -2.586780 -7.999660 6.511302 -2.581474 -4.812701 
6.314224 8.594232 1.988860 9.133853 -6.144895 -9.194962 4.067054 4.671307 -5.301433 -3.622273 
5.341926 7.948229 7.996089 9.001504 1.551183 -2.525079 9.196556 -5.028012 -5.157807 -8.429079 
8.176739 8.793463 2.587629 9.742622 -4.655265 -9.194962 -7.999660 -4.067604 -1.227251 -3.633855 
2.266840 8.948229 3.727500 5.356047 7.567064 2.747035 4.067054 -8.287761 -0.897754 -0.887961 
4.203191 2.776573 5.157801 5.614505 -6.953096 -9.274958 -2.901013 4.788472 -6.252095 -1.190511 
6.530426 2.163132 4.485280 6.400083 -6.953096 0.000000 0.000000 -7.307852 -0.897754 0.000000 
6.314224 9.515556 4.049839 9.742622 8.175831 -9.194962 0.049517 1.489640 -3.996513 -6.878197 
4.776429 8.793463 2.323972 6.490497 3.041649 -0.730683 0.000000 1.489640 -5.301433 -6.837508 
5.341926 9.749230 7.265710 9.742622 1.551183 -2.525079 0.000000 0.000000 -9.525182 -8.556925 
6.314224 10.515556 6.611652 9.001504 1.551183 -5.085795 9.295737 5.671307 -8.644236 -4.976246 
2.266840 0.185976 6.675459 7.479141 6.781229 -2.525079 8.330894 0.000000 -2.102007 -1.896848 
4.391381 4.694150 4.049839 1.990562 -2.859737 2.700611 7.041854 3.045097 0.000000 -8.556925 
8.067939 7.843514 4.235459 6.768954 -8.283683 -0.730683 -2.901013 7.437574 -2.684006 -7.485184 
4.776429 6.122121 4.049839 9.001504 -6.953096 1.012197 -4.767303 5.671307 -4.150932 -7.267674 
7.030455 7.843514 2.587629 9.742622 6.567064 -1.044256 0.000000 2.667835 -3.996513 -9.395223 
4.776429 6.122121 8.432058 6.059724 6.484394 -9.194962 -7.835989 7.640893 -0.897754 -4.976246 
5.520925 7.511763 1.988860 9.365711 6.781229 2.486944 -0.594631 -7.625564 -2.724887 -7.485184 
6.530426 0.000000 5.235459 5.649195 -1.495857 -1.044256 -4.211893 -5.028012 -7.897939 -7.485184 
6.376698 9.788685 3.485280 6.400083 1.551183 -4.590038 -7.835989 -2.056808 -2.724887 -6.878197 
4.099117 0.185976 5.157801 8.163035 8.175831 -5.085795 -0.594631 2.667835 -4.150932 -4.976246 
4.776429 6.122121 5.235459 6.768954 -4.640863 -7.411651 -3.246688 -5.828388 -8.641056 -4.753661 
6.237253 8.948229 4.049839 6.490497 2.402297 -2.586780 -5.076425 5.671307 -4.480708 -2.190511 
7.982769 6.807169 3.763099 0.000000 -6.953096 -7.411651 -4.767303 -2.056808 -2.102007 -4.710917 
6.530426 8.190264 0.000000 9.005822 0.000000 0.000000 -0.594631 6.511302 -5.157807 -4.753661 
4.776429 3.982454 0.000000 9.001504 8.175831 -8.802460 9.196556 -7.045986 -4.053213 -0.233295 
7.790135 7.296820 2.587629 5.356047 0.000000 -8.802460 -7.999660 9.709853 -2.227251 -6.373254 
4.776429 0.000000 3.763099 6.768954 6.567064 -7.411651 -4.211893 -4.067604 -6.252095 -6.765143 
6.237253 8.948229 2.881930 4.921406 6.567064 -7.411651 0.000000 -6.417012 -1.227251 -7.485184 
4.099117 6.452699 5.235459 5.649195 8.056017 -2.910196 0.000000 6.511302 -3.186023 -7.485184 
8.137312 8.190264 4.485280 7.187003 -4.655265 0.000000 -0.594631 8.709853 0.000000 -4.753661 
8.137312 7.843514 2.587629 7.088352 2.263537 3.700611 -7.999660 -7.045986 -1.897754 -6.837508 
4.359772 8.948229 9.690691 7.163035 3.057303 -5.789427 6.041854 -5.028012 -2.102007 -4.753661 
4.203191 8.948229 5.157801 7.187003 8.175831 -10.641404 3.050357 6.511302 -5.480708 -8.429079 
4.099117 8.948229 2.881930 7.163035 -2.145642 -9.194962 4.067054 -5.028012 -4.480708 -4.753661 
6.237253 6.122121 5.157801 0.000000 0.145134 -2.525079 4.067054 -4.067604 -6.252095 -1.190511 
9.548083 6.470062 4.049839 9.005822 -4.655265 -1.044256 0.000000 -9.287761 -5.157807 -4.976246 
4.391381 7.436345 6.611652 7.163035 9.503029 -9.641404 4.067054 7.437574 -2.102007 -1.896848 
6.274396 7.843514 0.103150 5.356047 1.057303 -2.586780 -0.594631 -9.287761 -4.150932 -7.485184 
6.530426 4.694150 2.587629 6.768954 8.259814 -7.411651 9.196556 -5.028012 -0.613718 -3.622273 
8.137312 8.948229 2.881930 7.591171 -9.394252 -3.859794 1.117846 -4.067604 -5.157807 -8.429079 
2.266840 6.122121 5.157801 9.005822 1.551183 -8.411651 0.000000 7.037397 -5.157807 -7.485184 
6.237253 9.515556 8.432058 6.768954 2.057303 -2.525079 -0.594631 7.437574 -5.157807 -8.429079 
1.266840 7.843514 7.996089 4.921406 1.551183 -9.641404 6.041854 5.671307 -1.227251 -6.373254 
4.203191 8.948229 5.157801 7.163035 3.041649 0.000000 8.330894 -0.986943 0.000000 -7.485184 
6.237253 0.185976 5.235459 9.365711 -1.495857 -6.411651 4.067054 -2.664854 -8.641056 -7.174147 
3.753794 7.296820 2.881930 6.490497 0.000000 -9.194962 -0.594631 6.037397 -3.469767 -4.976246 
4.359772 8.594232 6.996089 5.649195 4.240966 -0.730683 0.000000 -2.056808 -4.862661 -3.633855 
7.030455 8.190264 7.510281 6.490497 -0.379948 2.747035 -4.767303 9.709853 -2.102007 -3.633855 
8.067939 4.694150 4.049839 -1.000000 -4.640863 0.000000 -4.211893 -6.417012 -0.897754 -8.556925 
4.203191 7.843514 2.881930 7.163035 0.465184 -0.730683 -7.835989 0.000000 -3.996513 0.000000 
4.203191 8.843514 3.951314 0.000000 8.056017 -7.411651 0.000000 -9.287761 -7.164521 -8.429079 
9.548083 4.694150 6.611652 4.672656 1.551183 -3.525079 -7.835989 -7.877236 -0.897754 -7.485184 
4.776429 1.847728 1.736609 3.437936 0.465184 -1.044256 -4.211893 -7.877236 -3.862661 0.000000 
20220
