2.776429 11.749230 6.235459 9.400083 -0.448817 -6.194962 -1.000000 4.511302 -0.227251 -2.896848 
5.790135 12.749230 5.157801 7.001504 0.551183 -7.194962 -1.000000 -6.028012 -7.641056 -11.429079 
4.790135 9.470062 7.941363 6.400083 0.551183 -9.194962 -1.000000 4.511302 -0.227251 -1.976246 
2.776429 8.190264 6.941363 7.400083 0.551183 -8.194962 8.168690 -6.028012 -1.227251 0.103152 
4.203191 7.190264 5.941363 7.400083 2.057303 -7.194962 11.168690 7.511302 -7.641056 -3.753661 
4.790135 8.948229 6.235459 9.187003 0.551183 -7.194962 10.168690 4.511302 -0.227251 -3.976246 
4.203191 11.749230 3.157801 7.400083 2.057303 -8.194962 8.168690 -4.828388 -1.227251 -2.622273 
4.790135 9.749230 5.235459 7.400083 2.551183 -9.194962 -1.000000 -6.028012 -6.641056 -2.976246 
5.790135 7.190264 6.235459 9.001504 0.551183 -9.194962 0.000000 9.437574 -5.301433 -11.429079 
4.790135 6.470062 5.941363 7.187003 2.057303 -5.411651 10.168690 5.437574 -1.227251 -4.976246 
7.203191 7.948229 6.235459 7.400083 0.057303 -7.194962 11.168690 -3.828388 -1.227251 -6.753661 
2.776429 8.190264 8.941363 7.400083 4.041649 -8.194962 7.168690 7.511302 -1.227251 -2.896848 
6.203191 11.749230 7.235459 7.400083 3.041649 -4.411651 -1.000000 -4.828388 -7.641056 -0.622273 
4.790135 8.190264 5.235459 7.400083 3.551183 -9.194962 -1.000000 -6.028012 -7.641056 -4.976246 
4.203191 8.190264 6.941363 8.187003 3.041649 -8.274958 7.168690 -4.828388 -8.641056 -4.976246 
4.790135 11.749230 4.157801 9.187003 3.041649 -6.194962 8.168690 -6.028012 -0.227251 -11.429079 
2.776429 10.749230 7.235459 8.400083 0.551183 -7.194962 10.168690 4.511302 0.772749 -0.622273 
7.203191 9.470062 7.235459 8.187003 5.041649 -9.194962 10.168690 -7.028012 -5.301433 -3.896848 
8.203191 7.190264 5.235459 7.400083 -1.448817 -8.194962 8.168690 -3.828388 0.772749 -2.622273 
4.203191 7.948229 5.941363 8.400083 1.057303 -6.194962 8.168690 5.437574 -0.227251 -2.896848 
4.203191 11.749230 6.941363 7.400083 3.041649 -7.194962 -1.000000 8.437574 -0.227251 -4.976246 
4.203191 12.749230 6.157801 7.187003 0.057303 -7.194962 10.168690 -6.028012 -2.150932 -3.896848 
7.203191 12.749230 6.235459 7.187003 0.551183 -11.194962 10.168690 7.511302 -7.641056 -2.896848 
6.203191 6.470062 6.235459 7.400083 2.057303 -6.194962 8.168690 -4.828388 1.772749 -3.753661 
7.203191 9.470062 5.157801 7.400083 5.041649 -7.411651 7.168690 10.437574 -7.641056 -4.976246 
7.203191 11.749230 6.941363 7.400083 3.041649 -9.194962 10.168690 7.511302 2.772749 -4.976246 
4.203191 6.470062 3.157801 8.400083 3.551183 -8.194962 11.168690 -3.828388 2.772749 -1.976246 
3.776429 6.470062 5.235459 8.400083 2.551183 -7.194962 -1.000000 7.511302 -0.227251 -4.976246 
5.203191 5.470062 5.941363 9.001504 0.551183 -9.194962 0.000000 4.511302 -7.641056 -3.753661 
4.203191 8.190264 6.235459 7.187003 -0.448817 -9.194962 -1.000000 8.437574 1.772749 -10.429079 
5.203191 10.470062 6.235459 9.187003 2.057303 -9.194962 10.168690 6.437574 -8.641056 -4.976246 
4.203191 6.470062 5.235459 8.187003 0.057303 -5.411651 10.168690 -4.828388 -0.227251 0.103152 
4.203191 7.948229 6.235459 7.400083 2.057303 -6.411651 -1.000000 7.511302 -7.641056 -11.429079 
3.203191 12.749230 6.235459 6.187003 0.551183 -7.194962 -1.000000 4.511302 -5.301433 0.103152 
5.790135 7.190264 5.157801 8.400083 0.551183 -9.194962 0.000000 4.511302 -1.227251 -11.429079 
4.203191 8.190264 6.941363 8.187003 0.057303 -5.194962 8.168690 4.437574 -1.227251 -1.896848 
3.203191 7.190264 5.235459 9.187003 2.057303 -7.194962 7.168690 4.511302 -8.641056 -1.976246 
4.203191 7.190264 5.235459 8.400083 -0.448817 -6.194962 -1.000000 6.437574 -0.227251 -4.896848 
7.203191 11.749230 6.941363 6.400083 3.551183 -11.194962 -1.000000 4.511302 -7.641056 -2.622273 
3.776429 12.749230 4.157801 9.187003 0.551183 -6.194962 -1.000000 5.437574 -5.301433 -2.896848 
4.203191 12.749230 5.235459 10.400083 0.551183 -9.194962 8.168690 10.437574 -7.641056 -6.753661 
4.203191 7.470062 7.235459 6.400083 0.057303 -8.194962 8.168690 8.437574 -8.641056 -11.429079 
6.203191 10.470062 5.235459 10.187003 0.551183 -8.194962 8.168690 6.511302 -0.227251 -3.896848 
5.790135 7.948229 3.941363 7.187003 0.551183 -8.194962 -1.000000 -4.828388 -5.301433 -2.896848 
3.203191 11.749230 6.941363 7.400083 0.057303 -7.411651 8.168690 4.437574 1.772749 -3.896848 
4.790135 9.749230 5.235459 10.001504 0.057303 -7.194962 8.168690 5.437574 -1.227251 -4.976246 
4.790135 6.470062 4.941363 9.001504 0.057303 -7.194962 8.168690 7.511302 -3.227251 -11.429079 
7.203191 10.470062 7.235459 9.400083 1.551183 -6.194962 0.000000 8.437574 -0.227251 -5.976246 
7.203191 7.470062 5.235459 8.187003 0.551183 -9.194962 10.168690 6.511302 1.772749 -9.429079 
6.203191 12.749230 5.157801 10.187003 4.041649 -9.194962 0.000000 6.511302 -7.641056 -12.429079 
4.790135 6.470062 4.235459 8.400083 0.057303 -7.194962 8.168690 -6.028012 -6.641056 -12.429079 
5.790135 12.749230 5.941363 9.400083 1.551183 -8.411651 8.168690 5.437574 -3.150932 -4.976246 
4.790135 6.470062 6.235459 8.400083 5.041649 -8.194962 -1.000000 5.437574 -6.301433 -2.622273 
3.203191 9.749230 6.941363 8.187003 0.551183 -6.411651 8.168690 -4.828388 0.772749 -2.896848 
4.203191 6.470062 4.157801 7.400083 3.551183 -8.411651 8.168690 8.511302 -8.641056 -1.976246 
3.203191 6.470062 5.157801 9.187003 0.551183 -8.411651 -1.000000 7.437574 -7.641056 -1.976246 
4.790135 4.470062 5.235459 9.187003 0.551183 -7.194962 8.168690 -4.828388 -7.641056 -0.622273 
7.203191 10.749230 5.157801 8.400083 0.551183 -8.194962 -1.000000 11.437574 -9.641056 -2.622273 
4.203191 9.749230 6.235459 7.187003 0.551183 -6.194962 -2.000000 3.437574 -7.641056 -3.753661 
3.776429 6.948229 6.157801 7.001504 1.057303 -7.194962 10.168690 5.437574 -0.227251 -3.622273 
4.790135 12.749230 6.941363 8.400083 4.041649 -6.194962 8.168690 -6.028012 2.772749 -1.976246 
7.203191 6.190264 5.941363 8.001504 4.041649 -7.411651 -1.000000 8.511302 -0.227251 -11.429079 
6.203191 6.470062 7.941363 8.187003 0.057303 -10.194962 0.000000 -6.028012 -7.641056 -3.622273 
3.203191 12.749230 5.157801 9.187003 3.041649 -5.411651 7.168690 5.437574 -1.227251 -4.976246 
4.203191 8.470062 6.941363 7.400083 0.551183 -6.194962 9.168690 4.511302 -7.641056 -9.429079 
6.203191 10.749230 5.157801 9.187003 2.551183 -7.194962 8.168690 4.511302 -7.641056 -0.976246 
6.790135 8.470062 5.235459 7.400083 0.551183 -8.194962 11.168690 5.511302 -5.301433 -4.976246 
6.203191 6.470062 6.235459 7.187003 0.551183 -7.194962 7.168690 5.437574 2.772749 1.103152 
2.776429 11.749230 5.157801 6.187003 0.551183 -5.411651 8.168690 -6.028012 -3.150932 -6.753661 
3.203191 7.948229 8.157801 8.400083 2.551183 -9.194962 6.168690 -7.028012 -0.227251 -11.429079 
6.203191 10.470062 5.235459 7.400083 0.551183 -6.411651 10.168690 6.511302 -1.227251 -10.429079 
5.203191 7.190264 3.235459 9.187003 3.551183 -7.194962 8.168690 6.511302 -0.227251 -11.429079 
2.776429 12.749230 6.941363 8.400083 -0.448817 -6.194962 -1.000000 8.437574 -0.227251 -3.753661 
5.203191 7.190264 5.157801 7.400083 0.057303 -9.194962 8.168690 -6.028012 -1.227251 -3.896848 
6.203191 9.749230 6.235459 7.400083 0.551183 -7.194962 -1.000000 4.511302 0.772749 -1.896848 
5.203191 10.470062 6.235459 8.187003 0.057303 -6.411651 -1.000000 5.437574 -7.641056 -1.896848 
8.203191 7.948229 6.157801 7.400083 2.057303 -7.194962 8.168690 -7.028012 -7.641056 -11.429079 
4.203191 6.948229 6.235459 7.187003 -0.448817 -9.194962 7.168690 5.437574 -7.641056 -1.976246 
4.790135 11.749230 7.941363 9.187003 2.057303 -5.411651 -1.000000 7.511302 1.772749 -2.622273 
5.203191 9.749230 6.235459 7.400083 0.551183 -7.194962 -2.000000 5.437574 -0.227251 -3.622273 
262950
