3.203191 6.470062 5.941363 7.187003 8.175831 -9.194962 0.000000 1.489640 -3.996513 -7.429079 
4.203191 9.948229 4.235459 6.490497 1.551183 -9.274958 9.168690 1.489640 -2.186023 -9.429079 
5.401553 6.122121 6.941363 7.187003 2.551183 -9.194962 10.168690 6.437574 0.772749 -7.485184 
4.776429 6.122121 4.049839 6.400083 1.551183 -9.274958 9.168690 -5.028012 -1.227251 -3.622273 
4.203191 5.470062 5.235459 7.187003 3.041649 -5.590038 -7.999660 0.489640 -1.227251 -4.976246 
5.203191 7.843514 2.323972 9.001504 1.551183 -2.586780 4.067054 -2.945321 -2.186023 -9.429079 
5.203191 7.843514 6.235459 8.187003 4.041649 -10.274958 -1.000000 -6.828388 -8.641056 -7.485184 
4.776429 6.470062 5.157801 7.163035 2.551183 -9.194962 0.000000 7.437574 -2.227251 -2.896848 
5.099117 6.470062 5.157801 4.921406 1.551183 -2.586780 0.000000 1.489640 -4.053213 -8.429079 
6.401553 9.515556 5.157801 9.001504 2.057303 -10.194962 0.000000 6.511302 -4.480708 -5.753661 
4.776429 9.515556 5.941363 8.768954 2.551183 -5.411651 0.049517 6.437574 -3.186023 -4.753661 
8.067939 6.470062 5.941363 5.649195 2.551183 -9.274958 -0.594631 6.511302 -4.996513 -7.485184 
4.203191 8.948229 5.235459 6.490497 1.551183 -2.586780 9.168690 0.000000 -3.996513 0.000000 
4.203191 3.163132 5.157801 6.490497 2.041649 -9.194962 9.196556 7.437574 -6.301433 -7.485184 
7.401553 8.948229 5.941363 6.400083 3.041649 -8.411651 -1.000000 1.489640 -3.186023 -1.896848 
5.099117 6.470062 6.941363 9.001504 3.041649 -8.802460 0.000000 1.489640 -3.186023 -4.622273 
4.776429 6.470062 5.235459 8.187003 2.402297 -10.274958 -1.000000 -2.945321 -3.186023 -4.976246 
7.401553 6.470062 5.941363 8.187003 1.551183 -2.586780 10.168690 5.511302 -6.301433 -3.622273 
5.099117 9.749230 5.235459 8.187003 1.551183 -2.586780 -0.594631 6.511302 -5.301433 -7.174147 
4.776429 7.843514 4.235459 6.187003 1.551183 -10.194962 0.049517 6.511302 -3.186023 -1.896848 
8.548083 8.948229 4.049839 4.921406 3.041649 -9.274958 7.330894 -9.287761 -3.996513 0.000000 
7.790135 8.948229 5.941363 5.490497 3.041649 -10.274958 0.000000 7.437574 -3.996513 -7.174147 
4.203191 6.470062 4.485280 7.768954 8.175831 -10.194962 7.330894 -6.028012 -3.996513 -4.976246 
4.203191 9.749230 5.157801 9.001504 1.551183 -7.802460 -0.594631 6.511302 -3.996513 -3.622273 
8.401553 6.470062 5.235459 8.187003 3.041649 -2.586780 10.168690 6.511302 -3.186023 -3.622273 
4.776429 6.470062 5.941363 5.649195 1.551183 -9.194962 -7.999660 6.511302 -0.227251 -8.429079 
3.776429 6.470062 6.157801 7.187003 1.551183 -8.411651 9.196556 6.511302 -9.641056 -8.429079 
7.401553 7.843514 4.049839 7.187003 1.057303 -8.802460 8.330894 7.437574 -4.480708 -7.174147 
4.776429 6.470062 4.235459 6.490497 3.041649 -7.411651 8.330894 1.489640 -3.186023 -0.896848 
5.203191 9.749230 4.049839 7.187003 0.628642 -9.274958 -0.594631 -5.028012 -4.150932 -4.976246 
4.203191 3.163132 6.235459 4.921406 2.551183 -9.194962 0.000000 7.437574 -1.227251 0.000000 
8.548083 6.470062 5.235459 8.768954 1.551183 -9.274958 9.196556 6.511302 -3.996513 -4.753661 
6.314224 7.843514 5.157801 3.921406 2.551183 -9.274958 9.330894 7.437574 -3.996513 -5.753661 
3.776429 7.843514 5.485280 3.921406 1.057303 -1.586780 4.067054 -6.828388 -0.227251 -7.485184 
5.203191 9.515556 4.049839 6.187003 4.041649 -10.194962 -0.594631 -6.828388 -1.227251 -3.622273 
4.776429 6.470062 3.323972 9.365711 0.551183 -7.802460 0.405369 7.437574 -8.641056 -7.485184 
7.790135 6.470062 5.235459 6.490497 3.041649 -9.194962 -7.999660 1.489640 -1.227251 -7.485184 
8.067939 7.470062 5.235459 7.187003 1.551183 -1.586780 10.168690 6.511302 -3.996513 -5.753661 
4.203191 8.948229 5.235459 8.187003 3.041649 -7.411651 0.049517 -9.287761 -3.186023 -4.753661 
4.203191 9.749230 2.323972 6.490497 1.551183 -1.586780 -1.000000 -9.287761 -3.996513 -8.429079 
5.203191 7.843514 5.157801 6.187003 3.041649 -6.411651 0.000000 -6.028012 -3.186023 -7.485184 
5.776429 6.470062 5.235459 8.187003 3.041649 -9.194962 0.000000 5.511302 -8.641056 -7.485184 
6.314224 6.470062 5.941363 7.187003 3.041649 -2.586780 -0.594631 -9.287761 -6.301433 -3.753661 
5.776429 7.190264 5.941363 7.187003 3.041649 -9.274958 -7.999660 1.489640 1.772749 -7.485184 
4.341926 7.843514 4.049839 8.768954 3.041649 -8.274958 9.168690 6.511302 -3.996513 -3.622273 
3.776429 6.470062 2.323972 6.187003 4.041649 -7.411651 10.168690 1.489640 -7.641056 -7.174147 
6.314224 6.470062 5.235459 7.187003 4.041649 -7.802460 0.000000 -5.028012 -2.996513 -3.622273 
7.790135 6.470062 3.323972 9.365711 1.551183 -9.802460 8.330894 6.437574 -3.996513 -7.485184 
5.341926 8.190264 4.235459 8.187003 2.551183 -9.274958 -1.000000 1.489640 -3.186023 0.000000 
5.776429 8.948229 4.485280 7.163035 2.551183 -8.802460 8.168690 -6.828388 -3.996513 -4.753661 
4.203191 9.788685 5.157801 4.921406 1.551183 -10.274958 -7.999660 -5.828388 -3.996513 -7.485184 
7.401553 7.843514 5.235459 6.490497 3.041649 -9.194962 0.000000 6.511302 -4.480708 -7.429079 
4.776429 9.948229 5.049839 8.768954 2.041649 -7.802460 8.330894 5.511302 -3.186023 -6.485184 
6.314224 8.948229 5.235459 7.187003 0.551183 -10.194962 9.168690 -9.287761 -4.150932 -8.429079 
7.401553 8.948229 5.941363 7.187003 1.057303 -7.411651 9.168690 1.489640 -0.227251 -7.485184 
8.067939 6.470062 5.157801 8.768954 3.041649 -8.802460 -7.999660 1.489640 -3.996513 -4.753661 
6.401553 8.948229 4.049839 4.921406 1.551183 -9.274958 0.049517 6.511302 -3.996513 -1.896848 
5.776429 8.948229 4.485280 6.490497 1.057303 -9.274958 8.330894 7.437574 -4.301433 -3.622273 
4.776429 9.749230 4.049839 6.400083 1.551183 -7.802460 8.168690 5.511302 -1.227251 -7.174147 
5.203191 6.470062 5.235459 5.490497 1.551183 -8.802460 0.000000 7.511302 -4.480708 -6.485184 
4.776429 6.470062 3.049839 4.921406 0.628642 -10.274958 0.000000 7.437574 -3.996513 -3.622273 
4.776429 7.190264 4.049839 9.365711 3.041649 -7.411651 0.000000 1.489640 -1.227251 -7.485184 
4.203191 9.749230 5.157801 7.187003 4.041649 -9.274958 0.049517 -1.945321 -1.227251 -7.174147 
7.401553 9.749230 5.157801 8.187003 3.041649 -2.586780 0.049517 1.489640 -3.996513 -3.622273 
4.776429 5.470062 5.941363 8.187003 1.551183 -2.586780 -0.594631 7.437574 -0.227251 -7.485184 
8.548083 8.436345 4.485280 7.187003 0.551183 -8.802460 -7.999660 6.511302 -0.227251 -6.174147 
4.776429 6.470062 4.235459 4.921406 3.041649 -2.586780 9.196556 -8.287761 -5.301433 -7.174147 
4.776429 9.749230 4.235459 7.163035 3.041649 -9.194962 9.168690 -5.028012 -7.301433 -7.485184 
6.314224 8.190264 5.157801 7.187003 -3.655265 -2.586780 8.330894 -5.028012 -4.480708 -8.429079 
4.776429 7.470062 5.157801 7.163035 2.551183 -8.274958 -2.901013 2.489640 -3.996513 -4.753661 
4.203191 8.948229 6.157801 7.187003 0.628642 -9.194962 9.196556 -5.028012 -2.996513 -8.429079 
4.203191 6.470062 5.157801 8.768954 3.041649 -7.411651 -7.999660 -9.287761 -3.996513 -1.000000 
4.776429 9.749230 6.157801 6.400083 3.041649 -9.274958 9.196556 1.489640 -7.641056 -8.429079 
5.203191 8.843514 5.941363 6.490497 2.551183 -9.274958 9.168690 2.489640 -9.641056 -8.429079 
3.776429 6.470062 4.323972 8.187003 2.551183 -2.586780 -7.999660 7.437574 -2.996513 -7.485184 
3.776429 6.470062 3.235459 4.921406 1.551183 -9.274958 9.168690 1.489640 -3.471931 -7.485184 
4.776429 8.436345 2.881930 8.768954 0.551183 -7.411651 -1.000000 6.511302 -4.480708 -4.976246 
9.548083 6.470062 6.941363 4.921406 -4.655265 -7.411651 9.168690 6.511302 -0.227251 -7.485184 
6.401553 6.470062 5.157801 7.187003 1.551183 -7.411651 0.000000 -5.028012 -5.301433 0.000000 
6.314224 9.749230 4.049839 6.490497 3.041649 -9.274958 -1.000000 6.511302 -0.227251 -7.485184 
92080
