7.401553 7.843514 4.235459 6.187003 1.551183 -9.274958 10.168690 1.489640 -3.186023 -5.753661 
4.776429 10.749230 6.235459 7.187003 3.041649 -7.411651 1.049517 -1.000000 -3.996513 -7.174147 
4.341926 5.470062 3.049839 6.187003 0.628642 -9.274958 0.405369 -6.828388 -3.150932 -8.429079 
5.203191 7.470062 5.157801 6.400083 1.551183 -7.411651 9.168690 5.511302 -0.227251 -3.622273 
6.401553 9.749230 4.157801 6.400083 1.551183 -5.590038 9.196556 6.511302 -7.301433 -5.753661 
6.401553 8.948229 5.235459 8.768954 2.551183 -8.802460 9.168690 7.437574 -3.996513 -3.622273 
4.776429 8.436345 5.157801 8.768954 4.041649 -9.194962 9.196556 5.511302 -8.641056 -4.976246 
5.203191 9.749230 5.235459 6.400083 1.551183 -7.802460 9.168690 6.511302 -1.227251 -0.896848 
5.099117 6.470062 6.157801 9.365711 4.041649 -6.411651 9.196556 -5.028012 -0.227251 -3.622273 
6.203191 7.843514 5.941363 9.001504 0.057303 -9.274958 10.168690 6.437574 -3.996513 -7.485184 
5.776429 7.843514 5.941363 7.187003 -4.655265 -9.194962 8.330894 1.489640 -2.996513 -3.622273 
4.776429 6.470062 4.485280 6.490497 3.041649 -7.411651 -1.000000 -6.828388 -3.480708 0.000000 
4.776429 9.749230 4.235459 9.001504 0.551183 -8.802460 9.168690 5.511302 -7.301433 -4.753661 
6.776429 8.843514 5.235459 9.001504 3.041649 -7.802460 0.000000 -4.028012 -3.996513 -3.622273 
4.776429 7.843514 3.235459 6.187003 3.041649 -9.274958 9.168690 -4.028012 -6.301433 -7.485184 
7.401553 9.749230 4.235459 8.187003 2.551183 -1.586780 9.168690 -5.028012 0.772749 -1.000000 
6.314224 8.190264 2.881930 4.921406 3.041649 -7.802460 10.168690 7.511302 -0.227251 0.000000 
4.776429 8.470062 5.941363 5.649195 3.041649 -5.590038 -7.999660 -9.287761 -1.227251 -5.976246 
5.203191 8.948229 4.941363 7.187003 1.551183 -9.194962 8.168690 5.511302 -2.996513 -6.485184 
4.203191 6.470062 4.235459 9.001504 1.057303 -6.802460 9.196556 6.511302 -0.227251 -3.622273 
5.776429 6.470062 5.157801 9.001504 2.551183 -2.586780 0.049517 6.511302 -10.641056 -4.976246 
6.401553 6.470062 6.941363 4.921406 3.041649 -8.802460 1.049517 -9.287761 -9.641056 -7.485184 
4.776429 6.122121 3.323972 6.490497 1.551183 -9.274958 -1.000000 1.489640 -1.227251 -8.429079 
4.776429 8.749230 5.157801 9.001504 8.175831 -7.802460 7.330894 1.489640 -4.150932 -5.753661 
7.401553 9.749230 6.157801 7.187003 3.041649 -9.274958 1.049517 6.511302 -4.480708 -7.485184 
5.776429 8.843514 5.941363 3.921406 3.041649 -10.194962 9.168690 5.511302 -7.301433 -8.429079 
4.776429 7.843514 5.941363 8.768954 1.551183 -9.194962 9.330894 0.489640 -3.186023 -7.174147 
6.314224 6.470062 6.235459 7.187003 2.551183 -9.274958 0.000000 6.511302 -3.996513 -7.429079 
8.401553 8.843514 5.235459 6.187003 2.057303 -8.802460 0.049517 -6.828388 -6.301433 -4.753661 
4.203191 8.843514 5.235459 7.187003 3.041649 -9.194962 8.330894 6.511302 -0.227251 -1.896848 
4.776429 6.122121 5.157801 6.490497 4.041649 -8.802460 -1.000000 -6.828388 -2.227251 -7.485184 
5.314224 7.470062 5.235459 6.400083 3.041649 -10.194962 0.000000 1.489640 -5.301433 -7.174147 
5.203191 5.470062 5.941363 7.187003 2.551183 -7.802460 -1.000000 1.489640 -2.186023 -7.485184 
8.548083 8.948229 5.157801 7.187003 2.551183 -9.194962 -7.999660 -6.028012 -9.641056 -4.976246 
8.548083 8.436345 6.941363 7.187003 0.551183 -7.411651 -1.000000 7.437574 -1.227251 -2.896848 
6.203191 9.749230 4.235459 9.001504 2.551183 -7.411651 0.049517 6.511302 -3.186023 -3.622273 
5.203191 6.470062 5.941363 6.490497 1.551183 -7.411651 0.000000 6.511302 -3.186023 -3.622273 
4.776429 5.470062 5.049839 8.187003 3.041649 -9.194962 9.168690 1.489640 -6.641056 -4.753661 
6.401553 6.470062 5.235459 9.001504 3.041649 -9.274958 -0.594631 1.489640 -4.480708 -4.976246 
8.401553 8.948229 5.235459 7.187003 4.041649 -9.274958 8.168690 -6.028012 -3.996513 -8.429079 
5.776429 8.948229 6.157801 6.187003 0.628642 -5.590038 10.168690 6.511302 -3.186023 -7.485184 
6.314224 8.948229 4.235459 6.400083 0.551183 -8.411651 9.196556 -9.287761 -0.227251 -8.429079 
4.776429 8.843514 4.485280 8.187003 0.551183 -9.274958 -0.594631 1.489640 -4.150932 -1.896848 
3.776429 7.190264 5.235459 7.187003 3.041649 -9.274958 -7.999660 6.511302 -3.996513 -2.896848 
4.203191 6.470062 6.157801 6.187003 1.551183 -8.411651 9.330894 -8.287761 -2.186023 -3.622273 
7.790135 6.470062 5.941363 7.187003 2.551183 -9.194962 -7.999660 2.489640 -8.641056 0.000000 
7.790135 9.749230 5.235459 4.921406 2.041649 -2.586780 -0.950483 1.489640 -1.227251 -7.485184 
5.099117 6.470062 3.235459 8.187003 2.551183 -9.274958 -7.999660 -9.287761 -3.996513 -2.896848 
4.776429 8.948229 6.941363 7.163035 2.057303 -7.802460 9.168690 -5.028012 -1.227251 -6.485184 
6.314224 7.843514 4.049839 8.187003 3.041649 -6.411651 10.168690 6.437574 -3.186023 -5.753661 
4.203191 6.470062 5.235459 7.187003 2.551183 -9.274958 0.000000 6.511302 -4.150932 -4.753661 
4.341926 6.470062 5.157801 6.490497 2.551183 -9.274958 0.000000 -6.828388 -4.186023 -5.753661 
6.401553 6.470062 5.157801 7.187003 3.041649 -9.274958 9.168690 0.489640 -2.996513 0.000000 
5.401553 6.470062 6.941363 7.163035 2.551183 -9.274958 -7.999660 -6.828388 -8.641056 -8.429079 
7.790135 6.470062 4.235459 6.400083 3.041649 -9.274958 0.000000 7.511302 -10.641056 -7.485184 
5.341926 6.122121 4.235459 6.187003 3.041649 -6.411651 -0.594631 6.511302 -3.186023 -0.896848 
4.776429 9.749230 5.049839 6.187003 3.041649 -10.194962 0.000000 -9.287761 -3.480708 -9.429079 
8.548083 6.470062 5.941363 7.187003 0.551183 -9.274958 -0.594631 -6.828388 -3.996513 -4.622273 
4.776429 8.948229 6.157801 8.187003 1.551183 -7.411651 -6.999660 2.489640 -9.641056 -8.429079 
4.776429 7.190264 5.941363 8.768954 2.551183 -8.411651 9.196556 7.511302 -3.186023 -6.174147 
7.790135 6.470062 5.941363 6.400083 1.551183 -9.274958 9.168690 -8.287761 -5.301433 -5.753661 
7.790135 8.190264 3.323972 6.400083 1.057303 -7.411651 10.168690 6.437574 -4.150932 -7.485184 
5.203191 8.948229 6.941363 6.490497 2.551183 -6.411651 10.168690 1.489640 -3.996513 -4.976246 
4.776429 7.470062 5.941363 7.163035 1.057303 -7.802460 0.049517 -5.028012 -3.996513 -4.976246 
4.776429 9.948229 5.157801 6.187003 3.041649 -10.194962 10.168690 6.511302 -1.227251 -4.753661 
6.314224 6.470062 6.235459 8.768954 3.041649 -8.274958 0.000000 -5.028012 -2.227251 -3.753661 
4.776429 9.749230 5.235459 6.490497 2.057303 -9.274958 -0.594631 6.511302 -0.227251 0.000000 
5.203191 6.470062 5.157801 9.365711 3.041649 -8.802460 -7.999660 6.511302 0.772749 -3.622273 
5.203191 7.190264 4.049839 7.187003 2.551183 -10.194962 10.168690 6.511302 -2.186023 -8.429079 
3.203191 7.190264 5.235459 8.768954 3.041649 -9.274958 0.000000 5.511302 -0.227251 -4.976246 
3.776429 6.470062 4.049839 7.187003 3.041649 -10.274958 -2.000000 1.489640 -3.996513 -8.429079 
4.203191 9.749230 5.235459 6.187003 2.551183 -8.411651 -7.999660 6.511302 -4.150932 0.000000 
5.341926 6.470062 5.049839 7.187003 3.041649 -8.411651 0.049517 6.511302 1.772749 -3.622273 
7.314224 9.749230 4.235459 5.490497 2.551183 -10.194962 9.168690 6.511302 -3.996513 -7.485184 
4.776429 8.948229 5.235459 6.490497 2.057303 -5.590038 9.168690 1.489640 -3.186023 -8.429079 
4.341926 5.470062 5.941363 4.490497 3.041649 -9.194962 -2.000000 5.511302 -7.301433 -6.429079 
3.776429 9.515556 4.049839 9.001504 3.041649 -2.586780 0.000000 1.489640 -1.227251 -8.429079 
5.099117 7.190264 4.049839 8.768954 3.041649 -8.802460 9.168690 1.489640 -4.480708 -7.485184 
5.203191 7.190264 5.235459 8.187003 1.551183 -7.802460 -1.000000 6.511302 -5.150932 -8.429079 
7.401553 6.470062 5.941363 6.490497 1.551183 -0.586780 9.168690 1.489640 -3.186023 -8.429079 
77020
