4.203191 3.163132 4.485280 7.187003 3.041649 -8.802460 -1.000000 2.667835 -1.227251 -7.485184 
5.203191 6.470062 4.485280 7.187003 3.041649 -2.525079 7.330894 -2.945321 -4.150932 -8.429079 
7.401553 3.163132 2.881930 8.187003 -4.655265 -9.274958 0.000000 7.437574 -0.227251 -4.753661 
7.314224 6.470062 5.157801 9.001504 1.551183 -7.411651 -7.999660 1.489640 -6.301433 -3.622273 
4.099117 3.163132 5.049839 7.187003 4.240966 -8.802460 8.168690 -9.287761 -5.301433 -6.485184 
7.401553 3.163132 5.157801 7.187003 3.041649 -9.641404 4.067054 -2.945321 -8.641056 -7.485184 
6.314224 8.843514 3.485280 7.163035 3.041649 -9.802460 0.000000 2.489640 -1.227251 -3.622273 
3.776429 7.843514 5.941363 7.768954 1.551183 -2.586780 9.196556 -9.287761 -4.186023 -6.485184 
7.401553 7.843514 5.157801 7.163035 3.402297 -2.525079 0.000000 7.437574 -4.480708 -7.174147 
7.790135 7.843514 4.049839 6.163035 3.041649 -5.590038 -7.999660 -1.945321 -3.862661 -7.485184 
7.790135 6.470062 2.587629 7.163035 1.057303 -8.802460 0.000000 7.437574 -4.186023 0.000000 
4.341926 6.122121 3.323972 7.187003 4.240966 -2.586780 0.049517 -9.287761 -9.641056 -4.976246 
8.067939 10.788685 2.323972 8.768954 3.041649 -2.586780 9.168690 -6.028012 -2.227251 -1.896848 
3.203191 9.788685 2.881930 9.365711 1.551183 -8.802460 0.000000 1.489640 -4.471931 -1.896848 
4.776429 7.843514 5.941363 4.921406 1.551183 -7.411651 8.330894 1.489640 -5.301433 -4.976246 
4.776429 3.163132 4.485280 7.187003 7.175831 -9.194962 0.000000 6.511302 -4.471931 -4.753661 
7.790135 8.948229 2.587629 6.187003 3.041649 -2.586780 8.168690 6.437574 -3.186023 -4.753661 
4.099117 8.948229 4.485280 8.768954 3.402297 -5.789427 9.168690 1.489640 -3.996513 -8.429079 
4.776429 8.948229 5.941363 6.059724 3.041649 -7.411651 0.000000 -9.287761 -1.227251 0.000000 
5.341926 8.190264 4.049839 7.187003 3.041649 -10.194962 0.000000 -6.028012 -3.996513 -7.485184 
3.203191 6.470062 4.485280 7.187003 1.551183 -9.641404 9.168690 6.511302 -3.996513 -8.429079 
4.203191 6.122121 5.157801 8.187003 8.175831 -9.274958 -0.594631 6.511302 -4.186023 -6.485184 
4.776429 8.190264 5.157801 7.400083 1.551183 -2.586780 8.168690 -1.945321 -3.996513 -3.622273 
4.203191 7.843514 2.323972 7.187003 3.041649 -9.194962 8.330894 0.000000 -4.471931 -1.000000 
7.790135 7.843514 3.485280 7.187003 3.041649 -9.194962 -2.901013 7.437574 -3.996513 -4.976246 
3.203191 3.163132 4.049839 6.400083 3.041649 -1.525079 -1.000000 7.437574 -6.301433 -3.976246 
6.314224 5.470062 5.235459 7.163035 8.175831 -8.802460 -1.000000 7.437574 0.386282 -8.485184 
3.203191 6.470062 4.485280 7.187003 3.041649 -2.525079 -7.999660 6.511302 -3.186023 -9.395223 
4.099117 7.436345 3.323972 9.742622 -4.655265 -2.586780 4.067054 1.489640 -5.157807 -7.485184 
7.401553 6.470062 4.941363 9.742622 4.240966 -7.411651 0.000000 0.000000 -1.227251 -1.896848 
4.203191 9.788685 4.485280 7.187003 7.175831 -2.586780 0.000000 6.511302 -3.186023 -3.622273 
5.203191 8.190264 2.587629 9.365711 7.175831 -2.586780 -7.999660 -2.945321 -1.227251 -4.976246 
4.203191 8.948229 3.323972 6.400083 3.041649 -9.194962 9.196556 0.000000 -1.227251 -8.429079 
4.776429 8.948229 6.235459 4.921406 1.551183 -2.586780 8.168690 6.511302 -8.641056 -8.429079 
4.203191 10.515556 5.157801 4.921406 2.402297 -2.586780 8.168690 6.511302 -1.227251 -8.485184 
4.203191 9.948229 5.157801 6.400083 0.628642 -10.194962 -0.594631 -9.287761 -5.301433 -7.485184 
4.203191 8.190264 5.235459 9.742622 3.041649 -2.586780 9.168690 6.511302 -3.996513 -4.976246 
5.203191 6.470062 3.323972 7.187003 1.551183 -6.411651 8.330894 -5.028012 -4.480708 -3.622273 
7.790135 6.470062 5.941363 6.490497 3.041649 -9.194962 8.168690 6.511302 -3.996513 -3.622273 
8.401553 6.470062 4.485280 7.163035 3.402297 -1.586780 10.196556 -2.945321 -1.227251 -4.753661 
7.790135 6.470062 2.323972 8.365711 -4.655265 -2.586780 0.000000 -9.287761 -5.186023 -7.485184 
8.790135 7.843514 2.587629 7.187003 1.551183 -7.411651 8.330894 0.489640 -4.150932 -4.753661 
7.401553 7.843514 4.049839 7.187003 1.551183 -7.411651 4.067054 -6.028012 -3.996513 -3.622273 
6.314224 3.163132 2.881930 7.187003 1.551183 -9.194962 8.330894 7.437574 -4.186023 -7.485184 
3.203191 6.470062 4.485280 7.187003 2.402297 -9.194962 8.168690 -2.945321 -1.227251 -3.622273 
6.314224 9.788685 3.323972 9.001504 -0.379948 -7.411651 -1.000000 7.511302 -1.227251 -7.485184 
5.203191 7.843514 5.941363 8.187003 -4.655265 -9.274958 0.000000 6.511302 -3.186023 -3.622273 
7.401553 6.470062 5.235459 7.187003 2.551183 -9.194962 0.000000 7.437574 -3.996513 -3.622273 
3.776429 6.470062 4.485280 6.400083 2.402297 -10.194962 4.067054 0.000000 -4.480708 -3.622273 
3.203191 6.470062 2.881930 7.187003 8.175831 -9.274958 8.330894 6.511302 -8.641056 -7.485184 
7.790135 10.788685 5.157801 7.187003 8.175831 -2.586780 4.067054 7.437574 0.772749 -8.429079 
9.548083 7.958886 6.941363 4.921406 2.402297 -5.789427 8.168690 1.489640 -2.227251 -3.622273 
4.099117 8.948229 6.157801 7.187003 7.175831 -2.586780 9.196556 6.511302 -3.996513 -9.429079 
4.776429 8.948229 4.485280 6.163035 1.551183 -9.274958 0.000000 1.489640 -3.996513 -3.622273 
7.401553 6.470062 5.235459 9.001504 1.551183 -9.274958 4.067054 -5.028012 -8.641056 -4.753661 
7.401553 8.190264 4.049839 8.768954 2.551183 -9.802460 0.000000 5.511302 -8.641056 -4.976246 
7.401553 7.843514 4.049839 6.490497 3.041649 -10.194962 10.168690 1.489640 -6.301433 -1.896848 
4.776429 6.470062 6.157801 7.187003 2.402297 -9.194962 0.000000 -6.828388 -3.186023 -1.896848 
4.776429 8.190264 4.485280 4.921406 -4.655265 -7.411651 0.000000 6.511302 -0.227251 -3.622273 
8.401553 9.749230 6.235459 9.365711 3.402297 -2.586780 -1.000000 6.511302 -3.996513 -3.622273 
4.099117 9.749230 2.587629 7.163035 -4.655265 -9.194962 0.405369 1.489640 -2.227251 -3.622273 
7.790135 6.470062 5.941363 7.163035 1.551183 -8.802460 8.330894 1.489640 -3.862661 -2.896848 
4.776429 9.788685 1.587629 7.187003 1.551183 -10.194962 8.168690 -2.945321 -8.641056 -7.485184 
4.776429 6.470062 5.235459 7.187003 8.175831 -7.411651 0.000000 7.437574 -8.641056 -4.753661 
7.790135 9.749230 4.049839 7.187003 3.041649 -9.194962 0.000000 1.489640 -7.641056 -7.485184 
4.776429 8.948229 5.235459 7.187003 1.551183 -9.194962 0.000000 6.511302 -4.053213 -1.896848 
7.401553 9.749230 5.941363 7.187003 0.000000 -8.802460 8.330894 6.511302 -6.301433 -7.174147 
4.776429 9.788685 4.049839 7.187003 3.041649 -7.641404 4.067054 6.511302 -4.150932 -8.429079 
6.401553 8.190264 4.049839 5.649195 2.551183 -9.274958 -0.594631 0.000000 -3.862661 -8.429079 
4.203191 6.470062 5.157801 6.768954 1.551183 -9.274958 9.196556 6.511302 -6.301433 -3.622273 
4.203191 6.122121 3.485280 6.490497 1.057303 -9.274958 -0.594631 -5.828388 -4.471931 -3.622273 
4.776429 6.470062 5.235459 6.490497 -4.655265 -8.802460 10.168690 1.489640 -0.227251 -7.485184 
4.203191 7.843514 4.485280 9.365711 2.041649 -7.802460 0.000000 -1.945321 -4.150932 -3.976246 
4.776429 8.948229 5.157801 7.768954 3.041649 -9.274958 0.049517 -4.067604 -3.150932 -7.174147 
8.401553 9.749230 4.485280 8.163035 1.551183 -9.194962 0.049517 1.489640 -3.150932 -3.622273 
6.237253 9.515556 3.881930 4.921406 3.041649 -7.411651 -1.000000 6.511302 -4.053213 -1.896848 
5.203191 8.749230 5.157801 6.163035 4.240966 -8.802460 0.000000 6.511302 -8.641056 -1.896848 
6.314224 8.190264 4.485280 7.163035 3.041649 -9.802460 0.000000 -2.945321 -8.641056 -1.896848 
4.776429 6.470062 5.941363 8.768954 2.551183 -6.411651 0.000000 -1.945321 -3.996513 0.000000 
4.776429 7.436345 4.049839 8.187003 1.551183 -9.641404 9.168690 6.511302 -8.641056 -3.622273 
79060
