3.776429 9.190264 4.235459 7.400083 0.057303 -7.802460 11.168690 6.511302 -2.227251 -4.753661 
9.548083 9.749230 6.941363 10.187003 1.057303 -5.802460 -2.000000 7.437574 -4.186023 -1.753661 
7.790135 8.948229 4.485280 8.400083 2.551183 -8.274958 -1.000000 1.489640 -3.186023 -1.896848 
7.790135 9.843514 5.157801 7.187003 3.551183 -7.411651 -1.000000 6.511302 -3.150932 -1.896848 
6.790135 5.190264 5.941363 6.400083 3.551183 -8.274958 -1.000000 8.437574 -2.996513 -4.976246 
3.776429 7.190264 2.235459 5.400083 0.057303 -9.194962 0.405369 6.511302 -3.186023 -3.622273 
7.314224 9.843514 5.157801 8.400083 0.551183 -9.194962 -1.000000 8.437574 -3.150932 -4.753661 
5.203191 5.190264 6.941363 7.400083 2.551183 -10.274958 10.168690 6.511302 -3.186023 -1.896848 
6.314224 6.470062 2.235459 8.001504 4.551183 -9.194962 0.000000 6.511302 -6.641056 -0.896848 
8.548083 5.190264 5.235459 7.187003 1.057303 -5.802460 11.168690 7.437574 0.772749 -3.976246 
7.790135 7.190264 5.235459 7.001504 3.551183 -11.274958 10.168690 6.511302 0.772749 -4.753661 
6.790135 7.948229 4.157801 7.187003 2.551183 -7.411651 8.168690 6.511302 -5.301433 -2.896848 
7.790135 6.190264 6.941363 9.187003 4.551183 -7.411651 -1.000000 1.489640 -6.641056 -3.976246 
7.314224 8.190264 3.235459 8.187003 2.551183 -5.411651 9.196556 7.511302 -5.996513 -1.896848 
7.314224 9.948229 4.235459 7.187003 3.551183 -7.411651 0.000000 5.511302 -3.227251 -3.622273 
5.203191 7.470062 4.941363 5.400083 0.057303 -9.274958 -1.000000 4.511302 0.772749 -7.485184 
5.203191 10.749230 5.157801 7.400083 3.551183 -5.411651 0.000000 -6.028012 -6.641056 -3.622273 
8.548083 6.470062 5.157801 9.187003 0.057303 -4.411651 9.168690 7.511302 -3.150932 -3.976246 
7.790135 10.749230 4.235459 9.187003 1.057303 -9.274958 10.196556 6.511302 -2.996513 -3.896848 
4.314224 11.749230 5.235459 10.187003 2.551183 -6.411651 9.168690 7.437574 -1.227251 -1.753661 
3.776429 6.190264 4.235459 8.187003 0.057303 -7.411651 7.196556 -5.828388 -7.641056 -4.622273 
6.203191 9.749230 5.157801 8.187003 3.551183 -12.194962 0.000000 1.489640 -3.150932 -2.896848 
5.203191 6.948229 5.157801 6.400083 3.041649 -8.274958 0.000000 7.511302 -3.186023 -3.622273 
7.790135 9.749230 5.941363 6.187003 3.041649 -8.274958 -2.000000 5.511302 -3.996513 -3.622273 
7.790135 5.948229 4.157801 9.001504 1.551183 -10.194962 0.000000 6.437574 -5.301433 -1.753661 
6.790135 9.749230 3.235459 7.400083 2.551183 -9.194962 7.168690 5.511302 -3.186023 -3.622273 
5.203191 9.749230 3.235459 7.400083 -0.448817 -11.194962 -1.000000 6.511302 -10.641056 -4.753661 
7.314224 9.190264 5.235459 9.001504 3.551183 -10.274958 -1.000000 1.489640 0.772749 -3.622273 
4.776429 9.749230 6.941363 6.400083 1.551183 -4.411651 -1.594631 7.511302 -5.996513 -0.896848 
4.203191 6.190264 4.235459 8.001504 3.551183 -9.194962 10.196556 8.437574 -1.227251 -2.622273 
6.314224 6.470062 6.157801 6.400083 3.551183 -9.194962 9.168690 2.489640 -3.150932 -2.896848 
6.314224 8.948229 5.157801 7.400083 0.551183 -7.411651 -0.594631 -5.828388 -5.996513 -2.622273 
5.203191 4.190264 4.235459 7.187003 1.057303 -8.802460 8.196556 6.511302 -1.227251 -4.753661 
5.203191 10.749230 5.157801 8.187003 4.041649 -9.194962 10.168690 0.489640 -1.227251 -4.753661 
3.776429 10.749230 5.941363 9.001504 4.551183 -7.411651 -1.000000 6.511302 -2.227251 -2.896848 
1.776429 8.948229 6.235459 6.400083 3.551183 -7.411651 7.196556 6.511302 -2.150932 -3.622273 
7.314224 6.190264 5.157801 9.001504 3.551183 -7.411651 0.000000 0.489640 -2.996513 -5.976246 
6.314224 8.948229 2.235459 5.400083 3.041649 -7.411651 9.168690 6.511302 -3.186023 -2.896848 
7.790135 8.948229 2.235459 7.187003 4.551183 -9.802460 10.196556 -5.828388 -0.227251 -3.622273 
10.548083 6.948229 4.941363 7.400083 3.551183 -7.411651 0.000000 -6.028012 -1.227251 -3.622273 
4.203191 5.190264 5.941363 7.400083 2.551183 -9.274958 -1.000000 7.437574 0.772749 0.103152 
4.203191 6.190264 4.485280 4.400083 2.551183 -10.194962 7.168690 6.511302 -2.227251 -4.976246 
4.203191 6.470062 3.235459 7.400083 2.551183 -5.802460 8.330894 8.437574 -7.641056 -2.896848 
7.314224 5.948229 5.235459 6.400083 3.551183 -9.194962 -1.000000 6.511302 -0.227251 -2.622273 
9.548083 6.190264 5.235459 8.187003 4.551183 -4.411651 9.168690 6.511302 -3.186023 -3.976246 
5.790135 5.190264 4.235459 5.400083 0.551183 -9.274958 9.196556 7.511302 -0.227251 -2.753661 
4.203191 10.749230 5.157801 6.187003 0.551183 -9.274958 0.000000 9.437574 1.772749 -3.976246 
5.203191 10.749230 2.235459 8.400083 1.057303 -10.274958 0.000000 7.511302 1.772749 -2.976246 
9.548083 6.190264 8.157801 6.400083 2.551183 -9.274958 9.168690 -0.510360 -0.227251 -3.622273 
5.203191 9.843514 2.235459 7.187003 2.551183 -10.194962 -1.000000 -5.828388 -2.150932 -3.622273 
7.790135 8.190264 5.157801 9.187003 1.551183 -7.411651 7.168690 0.489640 0.772749 -1.896848 
7.790135 9.749230 5.157801 8.400083 4.551183 -9.194962 -2.000000 5.511302 -2.227251 -3.622273 
6.314224 7.190264 4.157801 5.400083 4.551183 -10.274958 9.168690 6.511302 -0.227251 -4.976246 
4.776429 10.749230 5.941363 6.400083 1.057303 -10.274958 -1.000000 -6.028012 -3.150932 -1.753661 
5.790135 10.749230 4.235459 6.400083 3.551183 -9.274958 0.000000 6.437574 -6.641056 -9.429079 
7.314224 7.470062 4.485280 10.001504 3.551183 -5.411651 -1.000000 1.489640 -1.227251 -3.896848 
6.314224 6.948229 6.235459 5.400083 3.551183 -5.411651 0.000000 -5.828388 -3.996513 -1.896848 
5.203191 6.470062 7.157801 7.400083 0.057303 -5.411651 10.168690 -5.828388 -5.301433 -2.896848 
3.203191 6.190264 2.235459 9.001504 1.551183 -9.274958 9.168690 6.511302 -3.996513 -4.976246 
2.776429 6.190264 4.235459 8.001504 3.551183 -9.274958 -2.000000 7.511302 -3.227251 -9.429079 
6.203191 11.749230 4.941363 7.400083 -0.942697 -10.274958 -1.000000 7.437574 -0.227251 -4.753661 
5.203191 6.470062 3.235459 5.400083 3.551183 -5.802460 -0.594631 7.437574 -2.227251 -3.976246 
1.776429 5.190264 4.485280 8.001504 1.551183 -7.411651 0.000000 8.437574 -1.227251 -2.896848 
5.203191 5.190264 3.235459 5.400083 1.057303 -4.802460 -1.000000 6.511302 -2.227251 -4.976246 
4.203191 6.190264 5.235459 8.400083 3.551183 -10.194962 -1.594631 7.437574 -7.641056 -4.976246 
5.203191 8.190264 5.235459 7.400083 1.551183 -9.194962 10.168690 6.511302 -8.641056 -7.485184 
7.790135 6.190264 4.235459 8.187003 -1.448817 -9.274958 -2.000000 1.489640 -0.227251 -2.896848 
3.790135 7.948229 3.235459 6.400083 2.551183 -9.274958 11.168690 7.437574 -5.301433 -4.753661 
10.548083 6.470062 5.941363 9.001504 3.551183 -10.274958 -1.000000 7.511302 -2.227251 -3.622273 
5.314224 8.948229 6.235459 6.400083 1.057303 -9.194962 -1.000000 6.511302 -5.301433 -3.622273 
5.203191 6.190264 4.235459 6.400083 3.551183 -7.411651 8.168690 5.511302 -10.641056 -0.753661 
4.203191 10.749230 7.157801 9.001504 1.551183 -9.194962 11.168690 6.511302 -7.641056 -1.896848 
4.203191 10.749230 5.157801 9.001504 2.551183 -9.274958 -3.000000 -4.028012 -5.301433 -2.622273 
7.790135 11.749230 5.157801 9.001504 1.551183 -8.194962 0.000000 6.437574 -3.996513 -2.622273 
5.203191 9.749230 2.235459 7.400083 4.551183 -9.194962 9.196556 6.511302 -1.186023 -3.622273 
6.790135 7.470062 3.235459 9.187003 3.551183 -9.411651 0.000000 7.511302 0.772749 -4.753661 
6.203191 8.749230 5.941363 5.400083 1.551183 -10.194962 9.196556 6.511302 -7.641056 -1.896848 
4.790135 9.749230 4.235459 8.187003 3.551183 -8.274958 0.000000 7.511302 -4.301433 -2.622273 
6.790135 6.190264 4.485280 9.400083 3.551183 -10.194962 7.196556 6.511302 -0.227251 -3.622273 
8.548083 7.470062 5.941363 9.001504 3.551183 -9.194962 0.000000 7.511302 -2.186023 -9.429079 
151000
