5.203191 6.190264 3.235459 10.001504 2.551183 -8.274958 -1.000000 6.437574 -5.301433 -3.976246 
7.314224 6.948229 3.235459 9.001504 1.551183 -4.802460 -0.594631 6.511302 -0.227251 -2.896848 
3.203191 6.470062 4.235459 6.400083 3.551183 -9.194962 -1.000000 6.511302 1.772749 -1.622273 
7.314224 6.470062 5.941363 6.400083 1.551183 -10.274958 9.168690 7.437574 -10.641056 -3.622273 
8.314224 9.190264 6.941363 9.001504 3.551183 -9.194962 8.168690 7.437574 -0.227251 -3.976246 
5.203191 7.190264 3.235459 5.400083 4.551183 -5.411651 -1.000000 0.489640 -0.186023 -3.622273 
10.548083 7.470062 4.157801 10.001504 0.057303 -5.802460 9.168690 7.437574 -5.996513 -4.753661 
4.203191 8.948229 7.157801 6.400083 3.551183 -7.411651 -1.000000 5.511302 -5.301433 -1.753661 
5.203191 8.948229 3.235459 8.400083 1.551183 -4.411651 -1.000000 1.489640 1.772749 -1.896848 
8.548083 6.470062 2.235459 8.400083 2.551183 -8.802460 8.196556 -6.028012 -1.227251 -3.976246 
7.790135 7.470062 7.157801 7.400083 3.551183 -10.194962 0.000000 1.489640 -2.227251 -2.622273 
7.790135 10.749230 4.235459 8.400083 3.551183 -4.411651 0.000000 -0.510360 -0.227251 -2.976246 
4.203191 4.190264 5.157801 10.001504 3.551183 -8.194962 10.196556 -4.828388 -2.186023 -3.622273 
10.548083 9.749230 5.941363 9.187003 3.551183 -9.194962 7.196556 -0.510360 -3.186023 -2.896848 
6.314224 5.190264 5.157801 8.187003 5.041649 -8.194962 9.196556 6.511302 -3.150932 -4.976246 
4.790135 11.749230 5.157801 7.400083 4.551183 -6.411651 -1.000000 6.511302 -2.227251 -2.896848 
5.203191 9.749230 5.157801 8.187003 3.551183 -4.411651 0.000000 5.511302 -5.301433 -3.622273 
4.203191 7.470062 3.235459 6.400083 1.551183 -8.194962 -1.000000 6.511302 -5.996513 -4.753661 
5.203191 6.470062 4.235459 8.001504 3.041649 -9.194962 8.168690 2.489640 -5.301433 -2.622273 
6.790135 10.749230 4.485280 6.187003 2.551183 -9.194962 -1.000000 7.511302 -1.227251 -3.622273 
3.790135 7.470062 6.157801 7.400083 1.551183 -10.274958 0.000000 6.511302 0.772749 -4.753661 
6.790135 6.470062 4.235459 9.001504 1.057303 -10.274958 0.405369 6.511302 -2.227251 -3.622273 
5.203191 7.190264 5.941363 6.400083 1.551183 -10.274958 10.168690 6.511302 -3.996513 -4.976246 
7.790135 9.190264 4.235459 7.400083 1.551183 -4.802460 -1.000000 1.489640 -5.301433 -3.896848 
3.776429 10.749230 5.235459 8.400083 -0.942697 -7.411651 0.000000 8.437574 -0.227251 -3.753661 
4.203191 9.948229 3.235459 8.400083 4.551183 -7.411651 10.168690 8.437574 -1.227251 -1.896848 
3.203191 10.749230 5.941363 8.187003 3.551183 -8.802460 11.168690 6.511302 -3.996513 -3.622273 
5.203191 7.948229 5.157801 9.001504 4.041649 -9.194962 -1.000000 0.489640 1.772749 -3.622273 
5.314224 9.749230 5.941363 6.187003 2.551183 -10.274958 -3.000000 1.489640 -5.301433 -1.896848 
3.776429 5.470062 4.235459 9.001504 -0.942697 -10.194962 11.168690 5.511302 -3.150932 -2.896848 
7.790135 5.190264 5.941363 10.001504 3.551183 -9.194962 10.168690 -6.828388 -1.186023 -4.753661 
7.790135 9.749230 4.235459 9.001504 4.551183 -7.411651 9.196556 1.489640 -4.150932 -4.976246 
3.776429 6.190264 4.235459 6.400083 4.551183 -8.194962 10.196556 6.511302 -6.996513 -2.896848 
3.776429 9.190264 4.235459 7.187003 4.551183 -8.274958 -1.000000 5.511302 -2.227251 -4.976246 
6.790135 4.948229 4.941363 5.400083 3.551183 -13.194962 -1.000000 -0.510360 -3.186023 -6.976246 
7.790135 6.470062 3.235459 4.400083 0.057303 -8.274958 0.000000 1.489640 -2.996513 -4.753661 
6.314224 6.470062 2.235459 9.400083 1.551183 -9.274958 10.168690 8.437574 -1.227251 -3.622273 
5.203191 10.749230 6.941363 8.400083 1.551183 -9.194962 8.196556 5.511302 -3.150932 -3.622273 
3.776429 6.190264 4.235459 8.187003 3.551183 -7.411651 -1.000000 -0.510360 -7.641056 -4.753661 
5.203191 5.190264 6.941363 6.400083 3.551183 -12.194962 10.196556 7.437574 -3.996513 -3.622273 
7.790135 9.190264 5.157801 7.187003 0.057303 -9.274958 -1.594631 5.511302 -0.227251 -3.896848 
4.314224 5.190264 6.941363 7.400083 3.041649 -9.274958 -1.000000 1.489640 -3.150932 0.103152 
6.203191 10.749230 5.941363 7.400083 4.041649 -9.274958 7.196556 7.511302 -3.186023 -2.896848 
6.314224 10.749230 1.235459 6.400083 2.551183 -9.194962 -3.000000 6.511302 -7.641056 -4.976246 
3.776429 10.749230 5.235459 5.400083 3.041649 -8.274958 9.168690 6.511302 -5.301433 -0.896848 
6.314224 7.190264 7.157801 7.400083 1.057303 -8.194962 10.168690 -0.510360 -3.186023 -0.753661 
6.314224 7.190264 5.235459 5.400083 4.551183 -10.274958 10.196556 8.437574 -5.641056 -3.622273 
8.548083 7.470062 4.485280 5.400083 4.551183 -4.411651 0.000000 7.511302 -4.186023 -1.622273 
5.776429 4.190264 5.941363 7.187003 0.551183 -9.194962 -2.000000 6.511302 -2.186023 -3.622273 
7.790135 10.749230 2.235459 7.400083 4.041649 -10.274958 0.000000 7.511302 -4.150932 -2.896848 
6.790135 11.749230 5.157801 5.400083 1.057303 -7.411651 -1.000000 1.489640 -3.150932 -3.622273 
2.776429 5.948229 5.235459 9.187003 2.551183 -9.411651 9.168690 6.511302 -0.227251 -3.622273 
7.790135 8.190264 4.157801 9.187003 0.551183 -9.194962 0.000000 7.511302 -2.227251 -3.622273 
7.790135 10.749230 3.235459 8.187003 4.551183 -10.194962 -1.000000 7.511302 -3.150932 -9.429079 
10.548083 10.749230 5.235459 8.187003 0.057303 -4.411651 11.168690 6.437574 0.772749 -2.896848 
8.548083 9.749230 5.157801 9.001504 0.057303 -8.274958 -2.000000 6.437574 1.772749 -3.622273 
5.203191 10.749230 3.235459 6.400083 3.551183 -5.411651 -1.000000 -4.828388 -4.186023 -4.753661 
5.203191 6.190264 5.235459 7.187003 2.551183 -8.194962 -2.000000 6.511302 -5.996513 -2.622273 
5.203191 9.749230 4.157801 7.400083 4.041649 -9.194962 -1.000000 5.511302 -2.996513 -3.622273 
6.314224 10.749230 4.235459 10.187003 1.057303 -9.274958 0.000000 5.511302 -2.227251 -3.976246 
7.790135 6.190264 8.157801 9.001504 3.551183 -9.194962 -1.000000 5.511302 -3.186023 0.103152 
5.203191 6.470062 4.235459 10.001504 2.551183 -9.274958 -1.000000 7.511302 -3.996513 -8.429079 
7.314224 8.948229 5.157801 5.400083 3.551183 -7.411651 -0.594631 7.511302 -6.996513 -3.976246 
9.548083 5.190264 4.235459 8.400083 3.551183 -10.194962 7.196556 5.511302 -1.227251 -1.896848 
5.203191 5.190264 6.157801 9.001504 1.057303 -8.802460 10.196556 6.437574 -6.996513 -3.976246 
9.548083 7.470062 6.235459 7.400083 3.551183 -7.411651 7.196556 6.511302 -7.641056 -4.753661 
4.203191 11.749230 5.157801 9.001504 3.041649 -9.194962 0.000000 6.511302 -3.186023 -3.622273 
6.314224 7.190264 4.157801 6.400083 2.551183 -9.194962 -2.000000 6.511302 -6.996513 -1.896848 
9.548083 8.190264 5.941363 9.400083 3.551183 -9.274958 -1.000000 6.437574 -5.301433 -9.429079 
5.203191 5.190264 5.157801 6.187003 1.551183 -9.194962 -1.000000 7.511302 -3.150932 -3.622273 
5.203191 9.948229 5.235459 9.187003 2.551183 -8.274958 8.168690 6.511302 -10.641056 -2.896848 
7.790135 11.749230 2.235459 6.400083 1.551183 -6.411651 0.000000 7.437574 1.772749 -5.976246 
8.548083 7.470062 6.941363 7.187003 1.057303 -4.411651 7.196556 6.511302 -1.227251 -2.896848 
3.790135 10.749230 6.941363 5.400083 1.057303 -10.194962 -0.594631 7.511302 -6.641056 -1.896848 
6.790135 10.749230 5.157801 7.187003 1.057303 -10.274958 -2.000000 -6.028012 -2.996513 -1.753661 
6.203191 7.470062 6.235459 9.187003 2.551183 -9.274958 -1.000000 -0.510360 -5.301433 -9.429079 
6.790135 10.749230 4.235459 10.001504 4.551183 -5.802460 7.196556 -5.828388 -7.641056 -1.896848 
7.790135 7.948229 6.941363 4.400083 1.551183 -5.411651 0.000000 6.437574 -1.150932 -9.429079 
6.203191 6.190264 5.941363 6.400083 2.551183 -9.194962 8.330894 6.511302 -3.150932 -3.976246 
8.314224 9.749230 3.235459 6.400083 2.551183 -9.274958 0.000000 6.511302 -4.186023 -3.622273 
140770
