4.776429 0.185976 5.157801 5.356047 8.056017 -5.085795 -2.901013 0.000000 -2.102007 -6.373254 
4.203191 6.122121 4.049839 6.490497 -4.655265 -9.274958 -0.594631 2.667835 -8.641056 -7.485184 
4.391381 8.948229 5.235459 6.768954 -1.495857 -9.641404 9.196556 -5.028012 -6.252095 -4.976246 
6.237253 8.948229 5.941363 7.187003 3.041649 -9.194962 0.000000 6.511302 -3.996513 -4.753661 
6.237253 9.788685 6.611652 7.187003 8.175831 -2.586780 0.000000 6.037397 -6.252095 -4.753661 
10.548083 7.843514 5.157801 6.490497 8.175831 -8.411651 0.000000 1.489640 -5.157807 -4.976246 
3.753794 4.694150 5.157801 5.649195 3.041649 -1.044256 3.067054 0.000000 -2.227251 -1.896848 
6.237253 6.470062 6.675459 7.163035 -4.640863 -0.730683 9.196556 -3.815095 -4.471931 0.000000 
7.401553 3.163132 5.157801 6.059724 3.041649 -4.590038 -7.999660 -5.828388 -1.227251 -4.976246 
8.067939 7.843514 7.996089 7.187003 1.551183 -9.641404 -1.000000 -5.028012 -0.897754 0.000000 
4.776429 4.694150 2.881930 9.742622 3.041649 -8.802460 9.196556 -4.067604 -5.480708 -5.373254 
4.203191 8.958886 4.485280 9.365711 0.000000 -9.194962 0.000000 -5.028012 -1.227251 -4.753661 
6.237253 6.470062 5.941363 7.187003 1.551183 -9.194962 0.000000 6.511302 -3.996513 -7.485184 
8.137312 8.948229 4.049839 7.479141 -4.655265 -9.194962 -7.835989 1.489640 -5.157807 -7.485184 
4.203191 9.749230 2.587629 4.921406 3.041649 -9.274958 8.330894 6.511302 -2.581474 -7.485184 
4.203191 8.948229 5.157801 9.742622 2.402297 -3.525079 -1.000000 -6.417012 -4.471931 -3.622273 
6.376698 8.190264 4.485280 7.163035 6.567064 -7.411651 0.000000 6.511302 -2.102007 -1.896848 
4.203191 8.594232 5.235459 6.768954 -4.655265 -9.641404 9.330894 5.671307 -5.157807 -4.812701 
4.776429 7.436345 5.157801 8.742622 3.041649 -7.411651 8.330894 -5.028012 -6.252095 -2.190511 
4.203191 8.190264 5.941363 4.921406 2.402297 -7.411651 0.049517 1.489640 -4.480708 -7.485184 
4.776429 2.847728 2.587629 7.479141 2.402297 -8.411651 -7.999660 -7.444674 -2.227251 0.000000 
7.790135 8.190264 2.881930 4.921406 2.402297 -9.802460 0.049517 0.000000 -5.157807 -7.174147 
4.657352 8.793463 5.157801 0.000000 2.402297 -7.411651 9.168690 6.511302 -1.227251 -3.633855 
4.776429 7.843514 4.049839 7.163035 3.041649 -0.730683 -5.076425 -4.067604 -3.862661 -0.233295 
4.203191 10.515556 4.049839 6.490497 0.145134 -2.910196 0.000000 -2.945321 -2.227251 -3.622273 
6.237253 8.190264 2.323972 7.163035 2.402297 -8.802460 1.049517 1.489640 -6.252095 -4.976246 
4.776429 9.788685 5.235459 6.059724 4.041649 -9.194962 9.330894 1.489640 -6.252095 -3.622273 
7.401553 6.122121 4.485280 7.163035 1.551183 0.000000 9.196556 -9.287761 -3.186023 -1.896848 
6.314224 9.788685 5.235459 7.768954 6.781229 -2.525079 6.041854 2.667835 -8.641056 -4.753661 
2.266840 7.190264 4.049839 9.365711 2.057303 0.000000 0.049517 7.437574 -9.525182 -3.622273 
5.341926 8.190264 2.587629 7.163035 -6.953096 -1.044256 4.067054 2.667835 -3.186023 -8.429079 
4.776429 7.436345 2.587629 4.921406 3.057303 -2.910196 9.196556 -7.045986 -1.227251 -8.395223 
3.203191 9.948229 6.675459 7.163035 8.056017 -2.525079 -7.999660 -7.444674 -3.996513 -4.976246 
7.790135 8.948229 5.157801 6.490497 2.402297 -8.802460 9.295737 7.437574 0.000000 -8.429079 
8.137312 7.843514 4.235459 7.163035 -4.655265 -10.194962 8.330894 7.037397 -1.426434 -9.395223 
6.314224 4.694150 2.323972 7.187003 -4.655265 -8.802460 -7.835989 0.000000 -3.150932 -1.896848 
2.266840 7.470062 2.881930 6.400083 1.551183 -2.910196 -7.999660 -5.028012 -1.227251 -8.429079 
4.776429 0.185976 5.235459 9.365711 -1.495857 -9.194962 3.050357 7.037397 -1.227251 -4.753661 
6.530426 8.948229 6.996089 4.921406 1.551183 0.000000 0.049517 1.489640 -4.150932 -4.976246 
5.341926 6.122121 2.881930 7.187003 3.041649 -7.411651 -2.901013 6.511302 -2.102007 -7.485184 
4.099117 8.958886 5.235459 8.163035 8.175831 -2.910196 0.000000 -9.287761 -4.480708 -5.373254 
1.266840 -0.814024 4.049839 5.649195 8.175831 -9.641404 6.041854 6.511302 -2.724887 0.000000 
4.203191 9.788685 5.235459 4.921406 3.041649 -5.789427 4.067054 -7.444674 -2.102007 -7.485184 
7.401553 3.163132 2.881930 7.163035 -9.394252 -5.789427 9.196556 1.489640 -5.301433 -8.429079 
5.341926 8.190264 5.235459 9.915994 10.503029 -2.525079 4.067054 1.489640 -4.471931 -3.633855 
6.237253 7.843514 3.323972 6.400083 7.175831 -7.411651 0.000000 -9.287761 -3.186023 -4.976246 
8.176739 9.515556 2.881930 6.490497 0.000000 0.000000 8.330894 7.437574 -0.897754 -7.485184 
6.237253 7.436345 5.157801 7.163035 3.041649 -8.802460 -2.901013 7.437574 -3.996513 -7.485184 
6.530426 8.948229 4.049839 5.649195 -2.044324 -7.411651 -7.999660 -9.287761 -6.252095 -7.267674 
7.790135 -0.814024 0.000000 9.365711 9.503029 -8.194962 6.041854 -9.287761 -2.227251 -4.976246 
4.099117 8.594232 5.157801 9.001504 3.041649 -0.730683 9.330894 1.489640 -5.157807 -7.485184 
7.401553 8.788685 8.432058 5.356047 8.175831 -10.641404 -7.999660 1.489640 -6.252095 -4.753661 
6.237253 8.948229 2.881930 5.356047 3.041649 -2.586780 -1.594631 7.437574 -5.157807 -3.622273 
6.314224 8.958886 5.235459 5.649195 0.000000 -2.586780 9.330894 1.489640 -5.301433 -1.896848 
6.274396 0.185976 6.941363 7.768954 4.240966 -9.194962 -0.594631 4.671307 -3.996513 -0.233295 
7.401553 7.843514 4.049839 7.163035 3.041649 -8.802460 8.168690 -4.067604 -3.996513 -0.233295 
6.530426 7.843514 5.941363 6.059724 -4.655265 -3.586780 0.000000 7.437574 -4.150932 -1.896848 
4.776429 9.515556 6.611652 9.001504 -4.655265 -2.586780 0.000000 -2.945321 -4.480708 -3.633855 
6.376698 4.694150 8.432058 5.649195 -8.283683 -9.641404 -4.211893 7.437574 -6.252095 -1.896848 
4.657352 0.185976 2.587629 7.591171 -6.953096 -7.411651 0.000000 6.511302 -1.227251 -6.837508 
4.657352 3.163132 4.235459 5.356047 -4.640863 -7.411651 9.196556 -2.056808 -1.227251 0.000000 
2.266840 8.948229 8.432058 4.921406 3.041649 -10.641404 4.067054 -4.067604 -2.102007 -4.753661 
6.237253 7.296820 2.587629 5.356047 2.402297 -2.586780 9.196556 6.511302 -1.897754 -4.976246 
4.099117 9.399044 4.485280 5.649195 -0.379948 -9.194962 9.295737 6.511302 -1.227251 -3.633855 
6.237253 8.594232 5.157801 7.163035 8.259814 -2.586780 8.330894 1.489640 -0.613718 -7.485184 
4.776429 8.190264 4.485280 5.356047 1.057303 -11.641404 4.067054 -4.067604 -4.053213 0.000000 
7.790135 4.694150 5.235459 5.356047 1.551183 -7.411651 4.067054 4.671307 -4.150932 0.000000 
6.237253 8.948229 5.941363 4.921406 1.571661 -2.910196 9.196556 -4.067604 -2.227251 -6.765143 
7.790135 8.948229 7.996089 6.649195 -8.283683 0.000000 -0.594631 4.671307 -2.102007 -4.753661 
8.067939 9.399044 5.941363 5.356047 1.628642 -0.730683 0.000000 6.511302 -4.480708 -0.233295 
7.790135 6.122121 4.485280 9.001504 2.402297 -5.085795 -0.594631 7.640893 -4.150932 -7.174147 
6.314224 9.788685 1.736609 6.400083 0.000000 -0.730683 -6.999660 -9.287761 -1.227251 -4.976246 
2.266840 8.948229 4.485280 6.768954 9.503029 -4.590038 0.000000 6.511302 -4.471931 -0.896848 
5.880226 8.948229 2.881930 5.356047 6.781229 -5.789427 -0.594631 1.489640 -3.996513 -2.633855 
4.203191 7.843514 4.235459 5.649195 -4.655265 -9.641404 -0.594631 -6.417012 -3.684006 0.000000 
6.237253 0.185976 3.763099 7.187003 8.175831 -8.802460 0.000000 0.876389 -6.252095 0.000000 
4.776429 7.843514 5.157801 4.921406 2.402297 -0.730683 -0.594631 7.437574 -5.157807 -8.556925 
4.776429 9.749230 2.881930 6.356047 3.041649 -7.411651 0.049517 0.000000 -3.186023 -6.373254 
6.274396 8.793463 2.881930 8.163035 0.145134 -5.789427 9.196556 1.489640 -2.102007 -6.837508 
4.203191 2.163132 4.049839 9.365711 1.551183 -9.194962 9.196556 7.437574 -0.613718 0.000000 
23690
