4.776429 6.470062 4.485280 6.187003 0.628642 -7.802460 9.330894 6.511302 -3.186023 -2.896848 
5.776429 7.190264 5.235459 4.921406 8.175831 -9.194962 0.000000 7.511302 -7.301433 -7.485184 
6.341926 5.470062 5.157801 6.400083 3.041649 -8.411651 10.168690 5.511302 -5.150932 -8.429079 
5.776429 7.470062 4.235459 7.768954 2.551183 -10.194962 8.330894 0.489640 -3.186023 -3.753661 
5.203191 8.948229 5.941363 9.001504 4.041649 -9.194962 10.168690 6.511302 -0.227251 -3.622273 
8.790135 6.470062 6.941363 7.187003 1.551183 -8.194962 0.000000 5.511302 -4.150932 -1.000000 
5.341926 6.470062 5.049839 8.187003 2.551183 -7.411651 1.049517 7.511302 -4.186023 -7.174147 
5.341926 8.843514 4.941363 6.400083 2.551183 -10.194962 9.168690 6.511302 -8.641056 -2.896848 
7.790135 6.470062 5.235459 5.490497 -5.655265 -9.274958 9.168690 1.489640 -4.480708 -3.622273 
6.203191 7.948229 5.157801 6.400083 0.057303 -9.274958 -7.999660 -6.828388 0.772749 -2.896848 
5.203191 6.470062 4.235459 7.187003 2.041649 -10.274958 7.168690 -5.028012 -2.227251 -2.753661 
4.203191 6.470062 6.157801 6.187003 2.551183 -8.411651 9.196556 6.511302 -3.186023 -7.174147 
5.203191 8.843514 5.941363 7.187003 2.551183 -7.411651 -1.000000 7.511302 -3.150932 -3.753661 
5.203191 7.948229 6.157801 9.001504 2.057303 -10.274958 8.330894 6.511302 -7.301433 -8.429079 
5.203191 8.190264 6.235459 10.001504 3.041649 -9.274958 0.000000 0.489640 -6.641056 0.000000 
5.203191 8.749230 5.235459 8.187003 3.041649 -8.411651 0.000000 -6.828388 -1.227251 -3.622273 
5.203191 6.122121 4.235459 6.400083 1.551183 -9.194962 -1.000000 0.489640 -3.186023 -7.485184 
5.203191 6.470062 4.235459 6.187003 2.551183 -7.411651 -0.594631 -5.028012 -4.150932 -1.896848 
5.099117 9.749230 5.157801 9.001504 3.041649 -6.411651 0.049517 -5.028012 1.772749 0.000000 
4.776429 8.948229 4.235459 7.187003 2.551183 -10.274958 -1.000000 1.489640 -10.641056 -1.896848 
5.203191 5.470062 4.235459 5.490497 1.551183 -9.194962 9.196556 -6.028012 -2.227251 -7.485184 
5.203191 6.470062 4.049839 6.400083 0.628642 -9.194962 9.168690 -6.028012 -3.996513 0.000000 
5.203191 7.190264 6.157801 8.187003 -4.655265 -9.274958 -0.594631 -6.828388 -3.186023 -5.753661 
4.776429 8.948229 5.941363 6.400083 2.551183 -8.802460 10.196556 7.437574 -1.227251 -3.622273 
6.314224 6.470062 4.235459 9.187003 3.041649 -8.802460 9.168690 1.489640 -3.480708 -1.896848 
4.776429 8.190264 4.941363 9.001504 -4.655265 -10.194962 0.000000 1.489640 -3.186023 -7.485184 
4.203191 6.470062 6.157801 8.768954 3.041649 -7.411651 9.168690 1.489640 -0.227251 -6.485184 
7.790135 9.749230 6.941363 8.768954 3.041649 -7.411651 0.049517 0.489640 -3.186023 -3.622273 
5.203191 7.190264 3.235459 7.187003 3.041649 -9.274958 10.168690 6.511302 -6.301433 -4.976246 
6.314224 8.948229 3.485280 9.365711 3.041649 -7.411651 9.168690 -5.028012 -4.186023 -6.485184 
5.203191 9.749230 5.941363 8.187003 1.057303 -9.274958 10.168690 6.511302 -1.227251 -4.753661 
5.203191 7.843514 3.235459 8.768954 1.551183 -6.802460 10.168690 -5.028012 -4.150932 -8.429079 
5.341926 7.843514 5.157801 8.187003 0.551183 -8.274958 -1.000000 7.437574 -4.150932 -8.429079 
4.776429 7.470062 3.235459 6.187003 1.551183 -9.274958 10.168690 -5.028012 -4.150932 -8.429079 
5.203191 9.749230 5.157801 6.490497 2.551183 -9.274958 -1.000000 -5.028012 -2.186023 0.000000 
6.203191 9.948229 5.235459 8.187003 4.041649 -9.194962 7.330894 -6.828388 -2.186023 -2.896848 
7.401553 6.470062 6.235459 4.921406 2.551183 -6.411651 10.168690 -9.287761 -3.186023 -3.622273 
5.203191 6.843514 5.235459 7.187003 3.041649 -9.274958 -1.000000 -5.028012 0.772749 -4.753661 
4.776429 9.749230 5.049839 8.187003 2.057303 -7.411651 -1.000000 6.511302 -2.996513 -3.622273 
4.776429 7.470062 2.881930 7.187003 2.551183 -7.411651 -0.594631 6.511302 -4.480708 -7.485184 
3.203191 9.843514 6.157801 7.187003 2.057303 -2.586780 9.330894 0.489640 -2.186023 -3.622273 
5.776429 8.948229 5.235459 7.187003 1.551183 -6.802460 0.000000 8.437574 -4.150932 -3.622273 
4.203191 9.749230 5.941363 6.187003 3.041649 -9.194962 9.196556 2.489640 -3.186023 -8.429079 
5.203191 8.948229 5.941363 9.187003 2.551183 -6.411651 0.049517 2.489640 -1.227251 -3.622273 
8.548083 6.470062 5.235459 8.187003 1.551183 -9.274958 9.196556 -6.828388 -2.186023 -7.485184 
5.203191 9.749230 4.235459 9.187003 2.551183 -10.194962 -1.000000 5.511302 -4.480708 -7.174147 
4.776429 6.470062 5.941363 7.187003 1.551183 -9.274958 -7.999660 1.489640 -2.996513 -8.429079 
7.401553 7.470062 5.235459 9.001504 2.551183 -8.802460 8.168690 7.511302 -2.186023 -4.753661 
4.203191 6.470062 4.235459 8.768954 3.041649 -10.194962 9.168690 1.489640 -2.227251 -7.485184 
4.776429 7.190264 4.049839 6.490497 1.551183 -1.586780 -0.594631 5.511302 -0.227251 -7.174147 
5.341926 7.470062 5.235459 5.490497 0.551183 -6.411651 9.168690 5.511302 -4.480708 -2.896848 
8.548083 6.470062 6.235459 6.187003 3.041649 -8.194962 -0.594631 6.511302 -3.186023 -5.753661 
7.314224 7.470062 5.235459 7.187003 2.551183 -8.802460 0.049517 6.511302 -9.641056 -4.976246 
6.314224 7.190264 5.941363 7.187003 5.041649 -10.194962 9.196556 -8.287761 -2.996513 -7.429079 
7.401553 8.948229 4.157801 6.490497 1.057303 -8.194962 -7.999660 -7.828388 -3.186023 -8.429079 
5.203191 9.948229 4.235459 9.187003 3.041649 -8.802460 9.168690 6.511302 -2.227251 -3.622273 
6.314224 9.749230 5.941363 9.001504 3.041649 -8.411651 9.168690 -7.828388 1.772749 -8.429079 
5.099117 6.470062 4.235459 7.768954 -4.655265 -8.802460 0.000000 7.437574 -3.996513 -4.753661 
7.790135 5.470062 4.941363 7.187003 1.551183 -8.802460 -7.999660 1.489640 -1.227251 -5.753661 
6.401553 9.749230 4.157801 4.921406 0.551183 -5.590038 9.196556 1.489640 -2.227251 -7.485184 
3.203191 6.470062 6.157801 8.187003 1.551183 -6.411651 10.168690 -6.828388 -4.480708 0.000000 
4.776429 9.843514 2.881930 4.921406 4.041649 -9.274958 0.000000 6.511302 -1.227251 -7.174147 
5.203191 7.190264 4.235459 7.187003 2.551183 -9.194962 10.168690 6.437574 -0.227251 -4.976246 
4.776429 6.470062 5.235459 9.001504 2.551183 -2.586780 -7.999660 0.489640 -0.227251 -4.622273 
4.776429 6.470062 6.235459 9.001504 2.551183 -10.194962 -2.000000 1.489640 -4.480708 -4.753661 
6.203191 7.843514 5.049839 7.187003 3.041649 -9.274958 9.196556 6.511302 -0.227251 -4.976246 
4.099117 6.470062 4.941363 6.490497 3.041649 -2.586780 9.330894 6.511302 -2.186023 0.000000 
4.341926 8.948229 6.235459 8.768954 3.041649 -8.411651 8.196556 1.489640 -2.996513 -3.622273 
8.548083 7.843514 4.235459 7.187003 1.551183 -9.274958 0.049517 -5.028012 -4.150932 0.103152 
5.341926 5.470062 5.049839 7.187003 3.041649 -8.411651 -6.999660 1.489640 -2.996513 -4.753661 
3.776429 8.843514 5.157801 6.187003 0.551183 -10.194962 0.049517 6.511302 -0.227251 -8.429079 
3.776429 9.749230 4.049839 9.365711 3.551183 -7.411651 9.330894 1.489640 -0.227251 -7.485184 
5.776429 6.470062 5.941363 9.001504 3.041649 -8.802460 9.168690 6.511302 -2.996513 -4.976246 
3.776429 9.749230 5.941363 6.490497 1.551183 -8.274958 10.168690 1.489640 -1.227251 -7.485184 
6.314224 8.948229 5.157801 6.400083 1.551183 -7.411651 9.168690 6.511302 -7.641056 -7.485184 
3.341926 6.122121 3.235459 9.001504 3.041649 -6.411651 9.196556 1.489640 -2.996513 -8.429079 
4.203191 7.190264 5.941363 6.187003 1.057303 -9.274958 -0.594631 5.511302 -7.301433 -3.622273 
4.776429 7.843514 4.485280 8.187003 2.551183 -7.802460 -1.000000 7.437574 -3.186023 0.000000 
6.314224 7.190264 2.881930 8.768954 1.551183 -8.274958 -5.999660 5.511302 -4.150932 -4.976246 
6.314224 5.470062 5.235459 7.187003 2.551183 -8.411651 -0.594631 1.489640 -3.996513 -7.429079 
82330
