7.203191 7.190264 6.235459 7.187003 0.551183 -8.194962 -1.000000 4.437574 -0.227251 -4.753661 
3.203191 6.470062 5.157801 9.187003 -0.448817 -11.194962 8.168690 7.437574 1.772749 -1.896848 
5.790135 5.470062 6.157801 8.187003 0.057303 -7.194962 8.168690 6.511302 -0.227251 -4.976246 
5.203191 11.749230 6.235459 7.400083 4.041649 -7.194962 0.000000 4.511302 -5.301433 -2.622273 
5.790135 6.470062 6.941363 8.400083 2.057303 -8.194962 10.168690 6.511302 -0.227251 -2.976246 
4.203191 8.948229 5.941363 8.400083 0.551183 -5.411651 -1.000000 7.511302 -3.227251 -1.896848 
6.790135 7.470062 6.235459 8.400083 2.551183 -8.194962 7.168690 -6.028012 -6.641056 -3.896848 
4.203191 9.470062 5.941363 7.400083 0.057303 -9.194962 10.168690 6.511302 0.772749 -2.896848 
3.203191 11.749230 4.157801 10.187003 0.551183 -7.194962 -1.000000 5.511302 -7.641056 -11.429079 
6.203191 6.948229 4.941363 8.400083 3.551183 -8.194962 -1.000000 7.511302 -5.301433 -2.896848 
4.203191 7.948229 6.235459 7.400083 4.041649 -11.194962 -1.000000 7.437574 -8.641056 -4.976246 
4.203191 7.190264 7.235459 7.187003 0.551183 -10.194962 -1.000000 5.437574 -1.186023 -2.976246 
4.790135 7.470062 5.941363 7.187003 1.551183 -9.194962 8.168690 5.437574 0.772749 -2.622273 
6.203191 9.749230 8.157801 9.001504 4.041649 -7.194962 -1.000000 6.511302 2.772749 -1.896848 
8.203191 7.190264 5.157801 7.187003 1.057303 -7.411651 8.168690 8.511302 -1.227251 -0.976246 
6.203191 7.190264 5.235459 8.400083 5.041649 -10.194962 8.168690 4.511302 -3.150932 -1.976246 
5.790135 7.190264 5.157801 9.400083 5.041649 -8.194962 10.168690 4.511302 -1.227251 -11.429079 
5.203191 8.190264 3.485280 7.187003 0.551183 -6.194962 0.000000 -4.828388 -6.641056 -3.753661 
4.790135 7.190264 5.235459 7.400083 4.041649 -7.194962 8.168690 4.511302 -0.227251 0.103152 
4.790135 11.749230 6.235459 7.187003 4.041649 -6.411651 0.000000 -3.828388 -7.641056 -6.753661 
5.203191 7.190264 5.157801 7.187003 2.057303 -8.194962 -1.000000 4.511302 0.772749 -3.753661 
4.203191 10.470062 4.157801 8.187003 3.551183 -9.194962 8.168690 5.511302 -7.641056 -2.622273 
4.203191 7.190264 4.941363 9.187003 1.551183 -9.194962 10.168690 8.437574 -8.641056 -11.429079 
3.203191 11.749230 5.235459 8.400083 4.041649 -6.194962 10.168690 -6.028012 0.772749 -3.896848 
6.203191 8.470062 7.235459 6.400083 0.551183 -8.411651 -1.000000 4.511302 -3.227251 -0.976246 
5.203191 12.749230 6.235459 9.187003 2.057303 -8.194962 -1.000000 4.511302 2.772749 -11.429079 
4.203191 8.470062 6.235459 8.400083 -0.448817 -8.194962 -1.000000 -6.028012 -2.227251 -4.976246 
5.790135 11.749230 6.941363 7.187003 0.057303 -9.194962 8.168690 8.437574 2.772749 -10.429079 
5.790135 10.749230 4.157801 8.187003 3.551183 -9.194962 10.168690 -7.028012 -0.227251 -2.622273 
5.203191 7.470062 6.235459 7.400083 4.041649 -8.194962 8.168690 -4.828388 -0.227251 -11.429079 
6.203191 11.749230 5.157801 7.400083 0.057303 -6.194962 8.168690 -6.028012 -1.227251 -9.429079 
5.790135 7.948229 4.941363 6.400083 -0.448817 -7.194962 0.000000 8.437574 0.772749 -4.976246 
5.203191 6.470062 4.157801 7.400083 3.551183 -7.194962 11.168690 -5.828388 -0.227251 -2.896848 
3.203191 9.749230 6.941363 9.187003 4.041649 -7.194962 8.168690 -3.828388 -7.641056 -3.896848 
4.790135 9.749230 5.235459 9.187003 0.057303 -8.411651 9.168690 -6.028012 -7.641056 0.103152 
3.203191 7.470062 4.235459 9.187003 0.551183 -11.194962 7.168690 8.437574 -0.227251 -4.976246 
5.203191 11.749230 4.235459 5.400083 3.041649 -11.194962 10.168690 5.437574 -0.227251 -0.976246 
3.203191 11.470062 6.941363 7.400083 0.551183 -9.194962 -1.000000 4.511302 -7.641056 -11.429079 
6.203191 8.470062 3.235459 7.187003 0.551183 -7.194962 10.168690 4.511302 -6.301433 -0.976246 
7.203191 6.470062 5.235459 9.400083 5.041649 -7.194962 -1.000000 -3.828388 -2.150932 1.103152 
6.203191 9.470062 4.235459 10.187003 -0.448817 -7.194962 7.168690 -5.828388 -3.227251 -4.896848 
5.790135 7.190264 5.235459 7.400083 2.057303 -8.194962 -1.000000 6.437574 -0.227251 -11.429079 
5.790135 7.190264 6.235459 7.400083 0.057303 -9.194962 0.000000 5.511302 -0.227251 -10.429079 
4.203191 7.948229 3.157801 7.400083 4.041649 -6.411651 -1.000000 10.437574 0.772749 -0.622273 
3.203191 11.749230 6.941363 6.400083 1.551183 -5.411651 0.000000 -4.828388 2.772749 -11.429079 
5.203191 11.749230 7.157801 7.400083 0.551183 -7.194962 11.168690 -6.028012 1.772749 -11.429079 
5.203191 8.190264 5.157801 8.400083 -0.448817 -9.194962 -1.000000 4.511302 -0.227251 -0.976246 
7.203191 7.190264 5.157801 7.400083 2.057303 -5.411651 9.168690 4.511302 2.772749 -2.622273 
2.776429 7.190264 6.157801 7.187003 0.551183 -6.194962 10.168690 5.511302 -0.186023 -0.622273 
3.776429 7.190264 6.157801 9.001504 0.551183 -7.411651 10.168690 5.437574 -3.150932 -5.976246 
3.203191 7.470062 5.941363 7.400083 2.057303 -8.194962 10.168690 5.437574 -1.186023 -3.753661 
7.203191 6.470062 6.235459 7.187003 0.551183 -8.274958 8.168690 4.511302 -0.227251 -1.622273 
2.203191 11.749230 6.941363 7.187003 1.551183 -4.411651 0.000000 8.437574 -8.641056 -1.896848 
3.203191 12.749230 7.941363 8.400083 2.057303 -7.194962 10.168690 6.511302 -7.641056 -2.896848 
5.790135 5.470062 6.235459 5.400083 1.551183 -5.411651 8.168690 4.511302 -8.641056 -2.896848 
3.203191 7.948229 5.235459 9.187003 1.551183 -7.194962 7.168690 8.437574 -5.301433 -6.753661 
3.203191 11.749230 6.941363 8.400083 0.551183 -6.411651 -1.000000 -4.828388 -1.227251 -2.896848 
7.203191 6.470062 5.235459 7.400083 2.057303 -9.194962 8.168690 7.511302 -1.186023 -1.976246 
4.790135 12.749230 6.941363 9.187003 0.551183 -6.194962 8.168690 6.511302 1.772749 -10.429079 
7.203191 6.470062 5.157801 9.187003 2.057303 -8.411651 0.000000 10.437574 -1.227251 -4.976246 
3.203191 8.470062 6.235459 7.187003 0.057303 -9.194962 -1.000000 4.437574 -1.227251 -5.753661 
5.790135 8.470062 6.235459 7.400083 2.551183 -6.411651 8.168690 6.437574 -1.227251 -3.622273 
5.203191 10.470062 7.157801 8.187003 1.551183 -5.411651 8.168690 7.511302 -0.227251 0.103152 
4.203191 12.749230 5.941363 7.001504 4.041649 -9.194962 8.168690 8.437574 1.772749 -2.896848 
3.203191 9.190264 4.157801 7.400083 3.057303 -5.194962 8.168690 10.437574 -1.186023 -11.429079 
4.203191 12.749230 7.235459 8.187003 0.057303 -7.194962 8.168690 -4.828388 0.772749 -2.622273 
2.776429 8.190264 6.157801 8.400083 0.057303 -9.194962 -1.000000 8.437574 -5.301433 -3.896848 
4.203191 7.948229 6.941363 9.400083 0.551183 -5.411651 0.000000 7.511302 -7.641056 -6.753661 
2.776429 7.948229 5.941363 9.400083 4.041649 -7.194962 8.168690 6.437574 -8.641056 -2.896848 
4.203191 11.749230 6.235459 8.400083 2.057303 -9.194962 9.168690 -4.828388 -7.641056 -4.976246 
4.203191 12.749230 6.157801 9.001504 3.041649 -9.194962 -1.000000 4.511302 0.772749 -0.976246 
5.203191 11.749230 5.157801 8.400083 0.551183 -9.194962 8.168690 8.437574 -0.227251 -1.976246 
4.203191 12.749230 4.941363 6.187003 0.057303 -7.194962 8.168690 5.437574 0.772749 -1.976246 
6.203191 7.948229 5.235459 8.400083 0.057303 -7.194962 7.168690 4.511302 -7.641056 -4.976246 
6.203191 11.749230 6.235459 8.400083 0.551183 -7.194962 10.168690 -6.028012 -3.150932 -3.753661 
4.203191 13.749230 6.235459 8.187003 0.551183 -9.194962 7.168690 8.437574 -7.641056 -2.622273 
5.790135 12.749230 6.235459 6.400083 0.551183 -9.194962 8.168690 8.437574 -3.150932 -11.429079 
5.203191 5.470062 6.941363 9.187003 2.551183 -7.194962 10.168690 6.511302 2.772749 -9.429079 
3.776429 12.749230 6.235459 9.001504 2.551183 -9.194962 -1.000000 5.437574 0.772749 -6.753661 
4.203191 9.749230 6.941363 7.400083 3.041649 -7.194962 0.000000 6.511302 -7.641056 -11.429079 
269710
