3.203191 7.749230 5.157801 7.400083 -1.448817 -7.194962 7.168690 5.437574 2.772749 -2.976246 
5.203191 5.749230 6.157801 7.187003 -2.448817 -7.194962 8.168690 8.437574 -0.227251 -0.976246 
4.790135 7.948229 5.235459 8.187003 0.551183 -11.411651 8.168690 5.437574 -8.641056 -7.429079 
4.203191 7.749230 5.157801 7.400083 0.551183 -6.194962 -1.000000 -6.028012 1.772749 -5.429079 
4.203191 8.749230 6.157801 6.400083 0.551183 -11.194962 6.168690 -2.828388 -0.227251 -2.976246 
7.203191 6.749230 5.157801 7.400083 -1.448817 -6.194962 7.168690 8.437574 -0.227251 -6.976246 
3.203191 8.749230 5.235459 7.400083 -0.448817 -10.411651 7.168690 -3.828388 -2.227251 -5.429079 
3.203191 8.749230 5.235459 8.187003 -1.448817 -5.194962 7.168690 6.437574 -0.227251 -6.429079 
5.203191 4.749230 5.235459 6.400083 -1.448817 -12.411651 9.168690 -2.828388 -1.227251 -6.429079 
3.203191 5.749230 6.157801 7.400083 0.551183 -7.194962 7.168690 -6.028012 1.772749 -8.429079 
5.203191 5.749230 5.157801 7.187003 -1.448817 -7.194962 8.168690 -2.828388 2.772749 -7.429079 
2.203191 7.749230 4.157801 6.400083 0.551183 -7.194962 8.168690 -2.828388 1.772749 -2.976246 
5.203191 7.749230 6.157801 7.187003 -2.448817 -6.194962 8.168690 -2.828388 0.772749 -1.976246 
5.203191 9.749230 5.157801 7.400083 0.551183 -8.194962 9.168690 5.437574 -0.227251 -5.429079 
5.203191 8.749230 5.157801 7.400083 0.551183 -11.411651 8.168690 -6.028012 0.772749 -6.429079 
1.776429 6.948229 5.157801 5.400083 -1.448817 -6.194962 8.168690 4.437574 1.772749 -2.976246 
5.203191 8.749230 6.157801 5.400083 -0.448817 -9.194962 -2.000000 -6.028012 -8.641056 -8.429079 
1.776429 7.749230 5.157801 6.400083 0.551183 -6.194962 -1.000000 -3.828388 -8.641056 -1.976246 
4.790135 8.749230 5.157801 7.400083 -0.448817 -10.194962 7.168690 -2.828388 -8.641056 -0.976246 
4.203191 7.749230 4.157801 7.187003 4.057303 -9.194962 10.168690 5.437574 1.772749 -5.429079 
7.203191 9.749230 5.157801 9.400083 2.551183 -11.411651 8.168690 5.437574 -7.641056 -8.429079 
5.203191 7.948229 5.157801 5.400083 -1.448817 -11.194962 0.000000 4.437574 0.772749 -6.976246 
4.203191 6.749230 5.235459 7.400083 4.057303 -6.411651 9.168690 -2.828388 -0.227251 -1.976246 
4.790135 7.948229 5.157801 6.400083 1.551183 -8.411651 8.168690 -4.828388 -5.641056 -1.976246 
2.203191 5.749230 4.157801 8.187003 -2.448817 -11.411651 -2.000000 -3.828388 0.772749 -2.976246 
2.203191 7.749230 7.157801 8.400083 -1.448817 -12.411651 -2.000000 -3.828388 -1.227251 -1.976246 
4.203191 6.948229 6.235459 7.400083 -1.448817 -9.194962 -5.000000 -2.828388 0.772749 -6.429079 
2.203191 7.749230 7.157801 7.400083 2.551183 -9.194962 7.168690 -2.828388 -1.227251 -4.976246 
3.203191 9.749230 5.157801 7.400083 0.551183 -7.194962 8.168690 5.437574 -0.227251 -1.976246 
5.203191 7.749230 6.157801 8.400083 -1.448817 -12.194962 -1.000000 6.437574 -2.227251 -1.976246 
5.203191 8.749230 5.157801 7.187003 -1.448817 -11.411651 8.168690 -6.028012 0.772749 -5.429079 
2.203191 7.948229 5.157801 5.400083 -0.448817 -10.411651 8.168690 -8.028012 -1.227251 -6.429079 
3.203191 8.948229 5.157801 8.400083 0.551183 -6.194962 8.168690 4.437574 1.772749 -6.429079 
2.203191 7.749230 6.157801 8.187003 0.551183 -6.194962 0.000000 -2.828388 -0.227251 -7.429079 
4.790135 9.749230 5.157801 7.400083 -0.448817 -8.194962 7.168690 6.437574 0.772749 -5.429079 
4.203191 7.749230 4.235459 8.187003 -1.448817 -10.411651 -1.000000 -6.028012 -0.227251 -1.976246 
2.776429 5.749230 4.235459 6.400083 -1.448817 -8.194962 -4.000000 -6.028012 -0.227251 -4.976246 
2.203191 7.749230 5.235459 6.400083 0.551183 -10.411651 -1.000000 -2.828388 -0.227251 -1.976246 
4.790135 8.749230 7.157801 6.187003 -0.448817 -10.194962 7.168690 -2.828388 -1.227251 -6.429079 
3.203191 9.749230 5.157801 6.400083 -2.448817 -11.194962 8.168690 6.437574 -0.227251 -6.429079 
3.203191 7.749230 6.157801 8.400083 1.551183 -7.194962 7.168690 -2.828388 -1.227251 -5.429079 
2.203191 7.749230 7.157801 8.187003 -1.448817 -6.194962 8.168690 5.437574 -1.227251 -6.429079 
4.203191 9.749230 5.157801 7.400083 -1.448817 -8.194962 -2.000000 -6.028012 -1.227251 -5.976246 
5.203191 7.749230 5.235459 6.187003 -1.448817 -8.194962 8.168690 4.437574 1.772749 -1.976246 
2.776429 7.948229 5.157801 7.400083 0.551183 -11.411651 7.168690 -5.028012 -1.227251 -7.429079 
4.790135 7.749230 5.157801 7.400083 -1.448817 -7.194962 7.168690 -6.028012 -2.227251 -6.429079 
2.203191 9.749230 7.235459 7.400083 3.551183 -9.194962 10.168690 4.437574 -0.227251 -6.429079 
2.203191 5.749230 6.157801 7.187003 0.551183 -8.194962 -1.000000 -4.828388 -5.641056 -4.976246 
5.203191 9.749230 4.157801 7.400083 -1.448817 -11.411651 7.168690 -2.828388 -1.227251 -6.429079 
5.203191 7.749230 6.235459 7.400083 -1.448817 -12.411651 -4.000000 -2.828388 -5.641056 -5.429079 
5.203191 9.749230 6.235459 7.400083 -2.448817 -9.194962 8.168690 -2.828388 -0.227251 -7.429079 
4.790135 9.749230 4.157801 7.400083 0.551183 -8.411651 8.168690 -1.828388 0.772749 -5.429079 
2.203191 8.749230 6.157801 6.400083 0.551183 -7.411651 -1.000000 5.437574 -0.227251 -6.976246 
2.203191 8.749230 6.235459 8.001504 -1.448817 -12.411651 -2.000000 -6.028012 -0.227251 -6.976246 
4.203191 7.749230 5.157801 7.187003 -0.448817 -7.194962 9.168690 -3.828388 0.772749 -1.976246 
2.203191 10.749230 5.157801 7.187003 -1.448817 -7.194962 -1.000000 -2.828388 -0.227251 -9.429079 
3.203191 8.749230 6.157801 7.400083 -0.448817 -8.194962 -1.000000 -2.828388 1.772749 -5.976246 
3.203191 7.749230 5.157801 5.400083 -0.448817 -7.194962 -2.000000 -6.028012 0.772749 -7.429079 
4.203191 7.749230 6.235459 7.001504 -1.448817 -11.194962 0.000000 -5.828388 -0.227251 -1.976246 
4.203191 6.749230 7.157801 7.400083 1.551183 -8.194962 7.168690 -2.828388 -0.227251 -4.976246 
2.203191 10.749230 4.157801 5.400083 -1.448817 -11.194962 -2.000000 -6.028012 2.772749 -7.429079 
4.203191 7.749230 5.235459 6.400083 -1.448817 -8.411651 -3.000000 -3.828388 -0.227251 -2.976246 
5.203191 8.749230 5.235459 8.400083 -0.448817 -9.194962 8.168690 6.437574 2.772749 -6.429079 
5.203191 9.749230 5.157801 7.400083 0.551183 -6.194962 6.168690 4.437574 -0.227251 -7.429079 
4.203191 7.749230 5.235459 7.001504 0.551183 -12.194962 8.168690 -5.028012 -7.641056 -5.429079 
4.203191 5.749230 5.157801 7.400083 -1.448817 -11.411651 -4.000000 -1.828388 -0.227251 -6.976246 
5.203191 8.749230 6.157801 9.001504 -1.448817 -9.194962 9.168690 6.437574 -0.227251 -5.429079 
5.790135 8.749230 6.157801 7.187003 -0.448817 -8.194962 7.168690 5.437574 -7.641056 -2.976246 
5.203191 7.749230 4.157801 8.400083 0.551183 -6.194962 7.168690 5.437574 0.772749 -7.429079 
5.790135 7.749230 4.157801 5.400083 0.551183 -8.194962 8.168690 -6.028012 -1.227251 -2.976246 
4.790135 8.749230 6.235459 6.400083 0.551183 -7.194962 7.168690 -1.828388 2.772749 -1.976246 
4.203191 7.749230 5.157801 6.400083 -0.448817 -10.194962 -2.000000 4.437574 1.772749 -5.429079 
4.203191 7.749230 5.157801 8.400083 -2.448817 -12.411651 6.168690 -4.828388 0.772749 1.023754 
6.203191 10.749230 7.157801 7.400083 -2.448817 -10.194962 7.168690 7.437574 -0.227251 -1.976246 
3.790135 8.749230 6.157801 8.187003 -0.448817 -8.194962 9.168690 -3.828388 -1.227251 -6.429079 
3.203191 7.749230 5.157801 7.400083 -1.448817 -7.194962 -1.000000 -2.828388 1.772749 -2.976246 
4.203191 8.749230 6.157801 8.400083 0.551183 -8.194962 7.168690 -2.828388 -0.227251 -6.976246 
4.203191 9.749230 6.157801 7.400083 -1.448817 -7.194962 8.168690 5.437574 0.772749 -6.429079 
4.203191 8.749230 7.157801 7.001504 -1.448817 -10.411651 9.168690 7.437574 1.772749 -3.976246 
5.203191 5.749230 7.157801 8.187003 2.551183 -11.411651 -1.000000 -2.828388 -1.227251 -5.976246 
272790 2590 81003
