6.274396 7.436345 4.235459 4.098830 6.781229 -3.859794 0.000000 -7.307852 -3.684006 -8.429079 
0.890665 9.749230 0.000000 7.088352 -9.394252 -2.525079 0.004525 -2.945321 -7.897939 -4.710917 
6.237253 9.749230 7.951397 7.088352 9.503029 2.747035 -7.835989 -9.287761 -0.897754 -8.429079 
7.790135 3.982454 5.691442 9.133853 -7.900129 2.700611 0.000000 -0.986943 -1.227251 -6.765143 
5.341926 5.982454 -1.000000 7.187003 2.402297 8.393397 -0.594631 0.529007 -0.268750 -4.710917 
4.657352 0.000000 8.432058 8.096928 6.567064 -2.525079 1.004525 0.000000 -0.513879 0.000000 
5.880226 9.749230 0.000000 9.365711 8.175831 2.700611 -0.594631 -4.067604 -1.227251 -7.267674 
4.657352 1.776573 4.235459 7.163035 -2.145642 -5.085795 0.270847 7.356477 -0.613718 0.000000 
4.203191 9.515556 8.432058 9.915994 -4.655265 -3.859794 4.067054 0.000000 -0.897754 -6.878197 
8.067939 8.793463 0.000000 9.365711 4.240966 -7.877107 -4.211893 6.037397 -3.996513 -4.753661 
6.439671 8.387203 0.519829 9.001504 6.567064 2.747035 3.050357 -0.986943 -3.996513 -6.765143 
5.880226 6.452699 5.941363 4.557120 -3.357621 2.486944 -5.076425 0.000000 -7.164521 -0.251678 
6.237253 3.163132 0.103150 9.001504 -4.640863 -2.525079 -7.835989 -7.045986 -6.252095 -3.633855 
4.776429 0.847728 8.120544 4.437936 -1.859737 -9.194962 -5.076425 0.000000 -3.186023 -6.400018 
6.376698 4.982454 8.855796 7.479141 -1.129122 1.012197 -6.765621 0.000000 -4.480708 -9.746015 
6.237253 0.185976 7.951397 1.990562 2.263537 -2.910196 9.419826 -0.986943 -4.480708 -8.429079 
0.438213 0.158105 4.485280 6.768954 2.402297 -5.789427 -7.835989 7.437574 -4.480708 0.000000 
4.391381 9.749230 5.157801 6.490497 -9.394252 -1.650969 4.067054 -2.945321 -5.157807 -6.373254 
0.171297 3.871191 7.951397 6.400083 1.551183 2.486944 -1.924373 0.529007 -8.047950 -9.746015 
4.359772 6.122121 5.157801 6.768954 3.057303 -0.730683 0.000000 -2.056808 -3.996513 -0.251678 
3.391381 6.780476 6.611652 4.672656 8.175831 -2.525079 8.440096 7.320561 -5.157807 -7.759915 
6.530426 7.843514 8.432058 7.187003 0.465184 -5.085795 9.295737 -7.307852 -4.150932 0.000000 
0.438213 0.185976 1.988860 0.000000 -1.495857 0.000000 9.168690 -0.427559 -1.748972 -7.256953 
4.776429 7.843514 9.153751 6.400083 3.041649 -5.789427 7.232319 0.000000 -1.227251 -1.233295 
7.616549 8.793463 2.642346 9.133853 -6.144895 3.049727 -3.246688 -0.123611 -4.480708 -4.442456 
5.520925 8.948229 2.632521 5.614505 0.766199 2.486944 9.419826 0.529007 -3.186023 -9.730354 
8.137312 5.122121 2.881930 6.059724 1.551183 -7.411651 -4.211893 6.037397 -2.102007 0.000000 
6.315806 3.039451 6.675459 1.024252 2.402297 -2.061449 9.196556 -7.877236 -1.227251 -4.976246 
3.266840 8.783790 3.951314 3.437936 0.145134 -2.910196 4.817227 4.788472 0.000000 -7.228976 
6.237253 6.852159 9.690691 0.000000 0.000000 -9.194962 9.419826 -3.815095 -8.641056 -10.395223 
4.203191 6.122121 3.485280 6.768954 -1.104633 -1.044256 0.000000 0.529007 -2.892300 -4.442456 
4.359772 8.948229 5.941363 7.059724 3.041649 -9.194962 8.330894 -9.287761 -9.525182 -4.976246 
3.099117 4.634090 0.000000 5.649195 1.057303 -7.355499 0.000000 6.511302 -0.513879 -0.887961 
3.318195 6.852159 8.432058 7.163035 1.551183 -3.859794 -3.874291 6.037397 -3.186023 0.000000 
4.657352 6.122121 4.485280 4.921406 1.551183 -9.194962 0.000000 5.671307 -3.469767 -7.485184 
2.266840 8.793463 4.049839 6.400083 -1.495857 -2.910196 6.041854 -5.028012 -2.102007 -9.395223 
0.890665 0.840313 3.289148 6.770411 -1.000000 -4.590038 -4.767303 -9.287761 -3.827241 -4.710917 
7.401553 8.190264 8.625625 1.990562 -4.044324 0.000000 8.330894 7.640893 -2.887511 -7.485184 
8.176739 8.793463 7.265710 6.400083 -9.394252 2.700611 8.196556 0.000000 0.000000 -3.531373 
6.314224 6.470062 2.881930 5.356047 8.056017 -1.650969 -4.211893 2.667835 -3.186023 -1.190511 
7.982769 0.000000 2.642346 -1.000000 8.056017 -0.870824 -0.594631 -1.000000 -2.724887 -0.656879 
7.790135 9.788685 7.996089 9.005822 2.263537 0.000000 0.000000 1.489640 -2.724887 -4.753661 
3.318195 6.452699 5.309895 4.098830 0.000000 -9.274958 0.000000 -0.067839 -4.480708 -6.373254 
5.341926 6.807169 5.235459 9.677832 0.000000 -8.802460 0.000000 -4.067604 -8.644236 -6.837508 
4.657352 0.000000 0.103150 0.000000 -9.394252 -2.586780 5.605694 -2.056808 -0.613718 -8.556925 
7.982769 8.948229 5.941363 4.098830 -1.495857 0.000000 3.050357 -6.821813 -4.928193 -3.668498 
6.315806 8.387203 5.941363 9.001504 -6.144895 8.464638 0.049517 6.037397 -5.301433 -9.746015 
4.203191 9.399044 6.157801 4.774202 1.628642 -2.075283 0.000000 -0.986943 -3.996513 -1.896848 
3.391381 8.190264 5.157801 6.490497 6.484394 -9.641404 -4.767303 7.437574 -4.480708 -0.390388 
8.137312 8.948229 4.485280 6.400083 -8.283683 -5.789427 9.196556 -5.828388 -3.186023 -3.622273 
6.237253 0.847728 7.951397 7.479141 0.145134 -9.194962 9.295737 -7.444674 -0.897754 -4.812701 
4.359772 10.515556 0.000000 7.187003 2.551183 2.572786 0.049517 -4.067604 -4.471931 -7.666711 
7.982769 7.511763 4.235459 7.163035 -0.379948 0.000000 0.000000 -7.877236 -5.928193 -4.753661 
6.855381 0.000000 3.763099 2.991778 0.000000 1.012197 -2.901013 4.788472 -3.102007 -0.251678 
3.753794 7.296820 2.587629 7.591171 6.567064 -1.044256 4.067054 6.511302 -2.581474 -8.556925 
7.030455 8.594232 4.485280 9.742622 2.057303 -4.590038 -7.999660 -6.417012 -1.227251 -7.485184 
7.982769 6.452699 8.432058 4.098830 -2.129122 0.269317 -3.246688 -0.986943 -3.186023 -6.765143 
8.000820 0.185976 9.855796 9.001504 -4.640863 -2.910196 -1.936819 0.876389 -2.892300 -8.556925 
7.790135 0.000000 7.510281 5.356047 0.000000 -2.080388 -6.835989 9.709853 -4.480708 -6.373254 
0.000000 6.402924 9.735972 0.000000 -8.283683 2.540245 9.168690 0.529007 -2.102007 -8.132107 
3.099117 8.983230 9.690691 6.768954 0.145134 7.393397 -7.835989 -2.056808 -3.186023 -9.730354 
8.067939 7.843514 4.049839 5.356047 3.041649 -9.194962 1.117846 -7.625564 -0.897754 -8.429079 
6.376698 4.694150 3.763099 7.163035 -1.495857 -7.411651 0.000000 -5.028012 -5.301433 -7.174147 
8.067939 9.749230 0.000000 7.479141 -4.044324 1.012197 -2.901013 -4.067604 0.000000 -8.964484 
4.776429 6.122121 6.611652 7.163035 -6.953096 -2.525079 3.050357 9.709853 -4.053213 -1.190511 
7.982769 8.948229 7.769058 0.273465 2.263537 2.700611 -2.901013 -5.028012 -0.268750 -4.812701 
8.067939 7.843514 1.620718 0.000000 1.551183 2.747035 -1.924373 -1.862037 -0.268750 -0.251678 
6.855381 8.983230 1.988860 7.479141 -6.144895 0.000000 -0.594631 -7.877236 -0.613718 -7.174147 
0.000000 9.788685 0.000000 7.187003 -8.283683 -0.730683 -2.901013 -8.079762 -5.157807 0.000000 
5.520925 1.269548 3.143597 7.479141 6.781229 -8.802460 7.232319 0.132345 -9.732864 -7.666711 
4.776429 8.958886 4.049839 6.490497 -1.859737 -1.044256 0.000000 -2.945321 -1.892300 -7.174147 
4.099117 0.185976 1.736609 5.649195 1.571661 -1.044256 -2.901013 1.489640 -3.862661 0.000000 
0.438213 4.694150 7.951397 6.490497 6.484394 -5.789427 9.168690 4.872318 -2.102007 -9.395223 
9.548083 0.000000 3.727500 1.991778 8.175831 0.000000 -4.973155 -7.079762 -4.480708 -7.267674 
6.855381 3.800119 1.988860 9.133853 8.175831 -1.650969 9.196556 -0.986943 -9.732864 -6.400018 
9.548083 9.788685 1.988860 9.915994 6.567064 2.747035 1.004525 -2.664854 -9.525182 -8.132107 
0.000000 0.000000 3.727500 9.742622 1.506356 0.000000 5.173740 -2.664854 -1.426434 -8.556925 
8.067939 9.515556 2.323972 6.768954 8.259814 0.000000 -6.097017 -3.588832 -1.227251 -4.976246 
4.203191 8.190264 5.691442 1.991778 1.628642 -2.525079 -4.211893 3.045097 0.000000 -8.132107 
2.266840 5.807169 2.323972 5.293535 2.057303 -9.274958 -1.924373 -4.067604 0.000000 -8.429079 
19430
