7.401553 9.749230 2.323972 7.163035 3.041649 -7.411651 9.295737 -7.045986 -4.150932 -1.896848 
7.401553 9.788685 2.323972 7.187003 -6.953096 -1.044256 -1.000000 7.437574 -3.150932 -0.233295 
7.401553 2.163132 6.611652 9.742622 -5.655265 0.000000 0.000000 0.000000 -0.897754 -7.485184 
4.203191 8.948229 3.323972 7.187003 -4.655265 -7.411651 9.196556 -5.028012 -3.996513 -7.485184 
4.203191 8.190264 5.157801 6.356047 -0.379948 -2.525079 4.067054 -7.045986 -2.581474 -4.753661 
4.776429 8.948229 1.736609 6.356047 3.057303 0.000000 0.000000 2.667835 -4.480708 -1.896848 
7.790135 6.470062 5.157801 9.742622 2.402297 -9.274958 8.168690 6.037397 -1.227251 -1.896848 
6.237253 8.948229 5.157801 5.356047 3.041649 -8.802460 4.067054 -3.815095 -3.996513 -3.622273 
7.790135 8.190264 4.485280 7.163035 3.041649 -0.730683 8.330894 2.667835 -2.227251 -4.753661 
6.237253 7.843514 4.485280 8.742622 3.041649 -9.194962 -0.594631 1.489640 -8.641056 -4.976246 
4.203191 7.843514 2.881930 6.163035 1.551183 -8.802460 8.168690 1.489640 -3.996513 -9.429079 
4.776429 3.163132 5.157801 6.059724 8.175831 -2.586780 9.196556 -4.067604 -0.613718 -1.896848 
6.237253 7.843514 2.881930 8.742622 8.175831 -9.641404 4.067054 -3.815095 -3.996513 -7.485184 
7.314224 8.594232 6.675459 8.768954 1.628642 -0.730683 0.000000 -5.028012 -8.641056 -4.753661 
7.790135 8.594232 3.881930 7.187003 3.041649 -9.274958 0.000000 1.489640 -4.480708 -1.896848 
4.203191 8.190264 5.235459 7.187003 3.041649 -0.730683 -7.999660 6.511302 -3.996513 -7.174147 
4.203191 8.190264 5.235459 5.356047 -6.953096 -2.586780 -2.901013 -9.287761 -3.186023 -1.896848 
7.790135 7.843514 2.881930 4.921406 4.041649 -2.586780 9.295737 -2.945321 -2.102007 -4.753661 
3.203191 8.948229 2.323972 5.356047 -4.655265 -2.586780 -1.000000 6.511302 -4.053213 -4.753661 
4.776429 3.163132 7.996089 5.649195 -0.379948 -7.411651 9.196556 8.640893 -1.227251 -4.976246 
8.137312 8.594232 5.157801 6.400083 3.041649 -3.525079 -1.000000 -6.417012 -3.150932 -4.812701 
4.099117 7.843514 3.323972 7.163035 8.175831 -2.586780 0.000000 7.437574 -3.186023 -2.896848 
5.341926 8.594232 2.587629 7.187003 3.041649 -7.411651 8.168690 -5.028012 -3.150932 -3.622273 
5.341926 7.843514 6.611652 7.163035 3.041649 -9.641404 -7.999660 0.000000 -8.641056 -8.429079 
4.776429 9.788685 4.049839 7.187003 3.041649 -2.586780 9.196556 6.511302 -1.227251 -8.429079 
4.776429 8.594232 5.235459 7.187003 -4.655265 -8.802460 4.067054 6.511302 -4.053213 0.000000 
3.203191 7.843514 5.157801 7.163035 3.041649 -8.802460 8.330894 7.437574 -6.252095 -7.267674 
7.790135 7.843514 2.881930 7.163035 8.175831 -3.525079 0.000000 0.000000 -2.227251 -0.233295 
5.203191 3.163132 4.049839 8.742622 2.402297 -9.194962 0.000000 -2.945321 -3.996513 -7.485184 
7.401553 8.793463 5.157801 6.490497 0.000000 -8.802460 9.295737 1.489640 -2.102007 -4.753661 
4.203191 9.788685 5.157801 7.187003 0.145134 -7.411651 9.196556 -7.045986 -5.157807 -8.429079 
7.401553 7.436345 5.235459 7.187003 -4.655265 -7.411651 0.049517 -4.067604 -3.186023 -4.976246 
4.776429 8.190264 6.611652 6.059724 10.503029 -1.910196 9.330894 1.489640 -3.996513 -4.812701 
7.401553 7.470062 4.049839 4.649195 1.551183 -7.411651 -1.000000 -6.417012 -3.996513 -1.896848 
5.341926 9.788685 2.881930 6.490497 8.259814 -2.910196 -1.000000 -5.828388 -1.102007 -3.622273 
4.776429 9.749230 5.941363 5.649195 3.041649 -7.411651 0.000000 -5.028012 -3.186023 -5.373254 
6.314224 10.515556 5.157801 9.365711 3.402297 -1.044256 -7.999660 -9.287761 -1.227251 -1.896848 
4.099117 7.843514 7.996089 3.921406 2.402297 -9.194962 8.168690 -5.028012 -1.227251 -4.976246 
4.776429 9.788685 4.485280 7.187003 8.259814 -9.194962 0.000000 -5.067604 -5.157807 -1.896848 
4.776429 6.470062 4.049839 7.187003 0.000000 -7.411651 -1.000000 -6.417012 -3.150932 -1.896848 
8.401553 6.470062 4.235459 4.921406 1.551183 -8.802460 0.000000 1.489640 -1.227251 -4.976246 
8.067939 8.948229 5.157801 5.649195 -4.655265 -9.194962 0.000000 6.037397 -3.996513 -4.753661 
4.776429 6.470062 3.323972 7.187003 4.240966 -9.194962 9.168690 7.640893 -8.641056 -7.485184 
6.237253 3.163132 4.049839 7.163035 3.041649 -8.802460 -2.901013 1.489640 -3.186023 -7.485184 
7.401553 6.470062 3.323972 9.365711 -4.655265 -5.789427 -7.999660 -5.028012 -8.641056 0.000000 
6.237253 8.948229 5.157801 6.400083 2.402297 -2.910196 8.330894 6.511302 -3.186023 -3.633855 
5.341926 7.843514 2.881930 7.187003 8.259814 -8.802460 0.000000 1.489640 -3.186023 -7.267674 
6.237253 7.843514 4.049839 6.490497 1.551183 -9.274958 -7.999660 6.511302 -1.227251 -3.633855 
10.548083 8.948229 5.941363 6.400083 8.259814 -11.641404 0.000000 -4.067604 -1.227251 0.000000 
8.067939 8.948229 4.049839 6.059724 10.503029 -8.802460 3.067054 6.511302 -1.227251 -6.485184 
4.203191 8.948229 5.235459 6.400083 1.551183 -2.586780 -2.901013 -9.287761 -1.227251 -3.622273 
4.099117 8.190264 4.485280 7.163035 1.551183 -9.274958 0.000000 6.511302 -3.186023 -7.485184 
6.314224 9.515556 1.736609 7.163035 -4.655265 -9.194962 0.000000 7.437574 -3.862661 -4.753661 
3.391381 8.948229 4.485280 9.001504 1.551183 -8.802460 -0.594631 -9.287761 -4.053213 -7.485184 
4.099117 9.749230 2.881930 5.356047 7.175831 -9.194962 0.000000 -4.067604 0.000000 -9.395223 
4.203191 9.788685 4.049839 5.356047 2.402297 -8.194962 9.295737 6.511302 -3.150932 -0.233295 
7.790135 9.749230 4.485280 7.187003 -4.655265 -8.802460 4.067054 0.000000 -4.150932 -3.753661 
1.266840 6.122121 5.157801 7.163035 7.175831 -9.194962 8.330894 6.511302 -3.996513 0.000000 
4.203191 7.843514 4.049839 9.742622 6.175831 0.000000 0.000000 6.511302 -5.157807 -4.812701 
5.341926 7.470062 6.157801 7.163035 0.000000 -8.802460 0.000000 -7.417012 -2.227251 -3.633855 
4.203191 9.399044 5.157801 7.187003 4.041649 -1.730683 4.067054 6.511302 -3.186023 -8.429079 
6.237253 8.958886 5.235459 9.001504 1.551183 -9.194962 -2.901013 -4.067604 0.000000 -4.976246 
7.790135 7.296820 4.485280 6.400083 2.402297 -9.194962 3.067054 2.667835 -3.186023 -4.753661 
4.203191 3.163132 5.941363 7.187003 3.041649 -9.194962 9.196556 -2.945321 -4.471931 -7.485184 
6.314224 3.163132 2.587629 8.187003 -4.655265 -2.910196 8.330894 -5.828388 0.386282 -4.976246 
7.790135 8.190264 4.049839 5.649195 1.551183 -9.194962 4.067054 6.511302 -5.157807 -3.633855 
7.401553 7.843514 5.235459 7.163035 2.402297 -7.411651 8.330894 6.037397 -6.252095 0.000000 
6.237253 8.190264 5.941363 4.921406 -0.379948 -9.194962 -5.076425 6.511302 -1.227251 0.000000 
4.203191 3.163132 4.049839 5.649195 -4.655265 0.000000 0.000000 1.489640 -4.150932 -7.485184 
6.237253 9.788685 5.235459 7.768954 0.145134 -9.641404 0.000000 -4.067604 -2.102007 -8.485184 
2.266840 9.399044 4.485280 4.921406 3.041649 -2.586780 -1.000000 -5.828388 -2.581474 -2.622273 
4.776429 9.749230 4.485280 8.163035 1.057303 -7.411651 0.000000 7.437574 -5.301433 -7.485184 
4.203191 3.163132 2.323972 7.187003 2.402297 -9.194962 0.000000 1.489640 -3.996513 -8.429079 
4.776429 6.122121 2.587629 7.187003 2.402297 0.000000 -0.594631 6.511302 -9.641056 -4.976246 
4.203191 8.190264 5.235459 9.365711 3.041649 -10.194962 -6.835989 6.511302 -3.186023 -8.429079 
4.776429 8.190264 5.941363 7.187003 8.175831 -9.641404 8.330894 1.489640 -1.227251 -3.622273 
4.776429 7.843514 5.235459 8.768954 7.175831 -5.590038 10.196556 -6.028012 -3.186023 -7.485184 
6.237253 8.948229 6.611652 10.365711 1.551183 -2.525079 9.196556 7.437574 -1.227251 -9.395223 
6.237253 6.122121 4.485280 6.400083 3.041649 -8.802460 8.168690 -5.028012 -3.996513 -4.753661 
5.341926 8.958886 2.881930 7.187003 8.175831 -10.194962 -7.999660 1.489640 -4.471931 -7.485184 
21500
