6.203191 8.948229 5.235459 8.400083 -4.448817 -8.194962 8.168690 4.437574 0.772749 -6.429079 
2.790135 8.948229 5.157801 7.400083 -3.448817 -10.194962 8.168690 -6.028012 2.772749 -8.429079 
4.203191 5.749230 6.157801 7.187003 3.551183 -5.194962 7.168690 5.437574 0.772749 -1.976246 
3.203191 5.749230 6.157801 7.400083 -2.448817 -10.194962 7.168690 -2.828388 -5.641056 -4.976246 
3.203191 6.749230 5.157801 7.400083 -3.448817 -7.194962 -2.000000 4.437574 -0.227251 -6.976246 
3.203191 7.749230 7.157801 7.400083 -0.448817 -11.411651 -2.000000 0.171612 2.772749 -7.429079 
4.790135 8.749230 6.157801 8.400083 -1.448817 -6.194962 8.168690 4.437574 2.772749 -4.976246 
6.203191 7.749230 6.157801 6.400083 -1.448817 -9.411651 8.168690 1.171612 -5.641056 -0.976246 
5.203191 9.749230 5.157801 8.400083 -1.448817 -9.411651 6.168690 4.437574 2.772749 -2.976246 
6.203191 4.749230 6.157801 7.400083 -1.448817 -8.194962 8.168690 -5.028012 1.772749 -6.429079 
5.203191 5.749230 7.157801 7.400083 -4.448817 -7.194962 10.168690 -5.828388 2.772749 -5.976246 
4.203191 8.749230 4.235459 8.187003 2.551183 -9.411651 7.168690 -1.828388 -4.641056 -2.976246 
2.203191 7.749230 7.157801 7.400083 0.551183 -7.194962 8.168690 -1.828388 -2.227251 -1.976246 
6.203191 9.749230 4.235459 7.400083 2.551183 -8.194962 6.168690 -1.828388 0.772749 -6.429079 
7.203191 8.749230 7.157801 7.400083 2.551183 -7.194962 8.168690 5.437574 1.772749 -6.429079 
1.790135 10.749230 7.157801 8.400083 -1.448817 -8.194962 9.168690 -2.828388 1.772749 -5.429079 
6.203191 8.749230 6.157801 7.400083 -0.448817 -11.411651 8.168690 -0.828388 0.772749 -6.976246 
6.203191 8.749230 5.157801 8.400083 2.551183 -12.411651 8.168690 -0.828388 3.772749 -8.429079 
4.790135 8.749230 7.157801 7.400083 -0.448817 -10.411651 9.168690 -0.828388 0.772749 -5.429079 
1.203191 8.749230 7.157801 7.400083 -1.448817 -8.194962 8.168690 -2.828388 0.772749 -2.976246 
1.203191 8.749230 8.157801 7.001504 -0.448817 -9.194962 8.168690 6.437574 1.772749 -5.429079 
4.790135 8.749230 6.157801 6.400083 4.551183 -8.194962 7.168690 5.437574 -0.227251 -5.429079 
4.790135 5.749230 5.157801 8.187003 -0.448817 -11.411651 7.168690 5.437574 -0.227251 -6.429079 
6.203191 9.749230 5.157801 7.400083 -2.448817 -11.411651 8.168690 -2.828388 0.772749 -8.429079 
4.203191 8.948229 4.235459 7.400083 0.551183 -7.194962 8.168690 -1.828388 -3.641056 -6.429079 
5.203191 6.749230 5.157801 6.187003 -1.448817 -7.194962 7.168690 -1.828388 1.772749 -4.976246 
5.203191 9.749230 6.157801 7.400083 0.551183 -8.194962 8.168690 6.437574 2.772749 -6.429079 
3.790135 7.749230 6.157801 7.187003 -0.448817 -9.194962 9.168690 -1.828388 0.772749 -2.429079 
4.790135 7.749230 7.157801 8.001504 -0.448817 -8.194962 9.168690 5.437574 -8.641056 -1.976246 
5.203191 7.749230 5.157801 7.400083 1.551183 -8.194962 8.168690 -2.828388 0.772749 -5.976246 
1.203191 8.749230 6.157801 7.001504 -1.448817 -9.411651 -1.000000 5.437574 0.772749 -6.429079 
3.203191 10.749230 4.157801 8.400083 -1.448817 -9.194962 7.168690 -2.828388 -4.641056 -0.976246 
4.203191 6.749230 7.157801 9.187003 3.551183 -10.194962 8.168690 -1.828388 -5.641056 -8.429079 
2.776429 7.749230 6.157801 7.400083 2.551183 -7.194962 8.168690 -2.828388 0.772749 -1.976246 
4.203191 10.749230 4.157801 8.187003 -1.448817 -8.194962 8.168690 -5.028012 0.772749 -4.429079 
1.203191 7.749230 6.157801 7.400083 0.551183 -9.194962 9.168690 5.437574 0.772749 -4.429079 
4.203191 7.948229 5.157801 7.001504 -0.448817 -9.194962 9.168690 -2.828388 -2.227251 -8.429079 
4.790135 6.749230 7.235459 8.400083 -2.448817 -9.411651 10.168690 -3.828388 2.772749 -6.429079 
3.790135 6.749230 7.157801 7.400083 -4.448817 -11.411651 8.168690 4.437574 -3.641056 -6.429079 
5.203191 8.749230 6.157801 7.400083 -0.448817 -9.411651 8.168690 -2.828388 -0.227251 -5.429079 
4.790135 8.948229 3.235459 7.400083 -0.448817 -11.411651 6.168690 -2.828388 -0.227251 -7.429079 
4.203191 8.749230 6.235459 8.400083 -3.448817 -9.194962 7.168690 0.171612 0.772749 -7.429079 
5.203191 6.749230 7.157801 8.187003 0.551183 -8.194962 7.168690 -6.028012 0.772749 -4.429079 
4.790135 9.749230 6.157801 7.400083 -1.448817 -8.194962 7.168690 -2.828388 -0.227251 -6.429079 
4.203191 9.749230 5.157801 7.400083 -3.448817 -10.194962 8.168690 -5.028012 0.772749 -7.429079 
4.203191 8.749230 7.157801 6.400083 -0.448817 -6.194962 7.168690 -6.028012 -8.641056 -7.429079 
4.203191 8.948229 3.157801 7.187003 -0.448817 -9.194962 8.168690 4.437574 0.772749 -7.429079 
3.203191 8.749230 6.157801 7.001504 -2.448817 -9.194962 9.168690 -0.828388 -0.227251 -7.429079 
3.203191 8.749230 7.157801 7.001504 -0.448817 -8.194962 9.168690 -2.828388 2.772749 -7.429079 
2.203191 9.749230 5.157801 6.001504 -2.448817 -6.194962 6.168690 4.437574 0.772749 -7.429079 
4.203191 7.749230 5.157801 8.400083 -3.448817 -9.194962 6.168690 -2.828388 0.772749 -9.429079 
2.790135 8.948229 6.157801 8.187003 2.551183 -8.194962 6.168690 -2.828388 0.772749 -7.429079 
3.203191 9.749230 6.157801 7.001504 -0.448817 -9.194962 -2.000000 -1.828388 2.772749 -6.429079 
4.790135 6.749230 7.157801 7.187003 2.551183 -8.194962 7.168690 -0.828388 0.772749 -6.429079 
2.203191 8.749230 4.235459 8.400083 -0.448817 -11.411651 6.168690 -0.828388 2.772749 -1.976246 
2.790135 9.749230 6.157801 7.400083 1.551183 -7.194962 6.168690 4.437574 -0.227251 -8.429079 
4.790135 7.749230 5.157801 7.400083 -1.448817 -12.411651 8.168690 -0.828388 0.772749 -6.429079 
5.203191 8.749230 5.157801 7.400083 -3.448817 -7.194962 8.168690 -3.828388 1.772749 -7.429079 
2.790135 8.749230 4.157801 7.001504 -0.448817 -8.194962 8.168690 5.437574 1.772749 -4.976246 
3.203191 8.948229 5.235459 8.400083 -0.448817 -11.411651 8.168690 -1.828388 2.772749 -6.976246 
4.203191 6.749230 6.157801 8.400083 -0.448817 -7.194962 8.168690 -6.028012 0.772749 -5.429079 
4.203191 9.749230 5.157801 5.400083 -0.448817 -8.194962 8.168690 7.437574 0.772749 -3.976246 
6.203191 9.749230 6.235459 8.400083 -3.448817 -12.411651 8.168690 -5.028012 0.772749 -1.976246 
4.203191 9.749230 7.157801 8.187003 2.551183 -11.411651 -2.000000 4.437574 -0.227251 -7.429079 
5.203191 8.749230 6.157801 7.400083 -1.448817 -12.411651 6.168690 5.437574 3.772749 -6.429079 
4.203191 8.749230 5.157801 7.187003 -3.448817 -8.194962 -3.000000 6.437574 0.772749 -8.429079 
6.203191 7.749230 6.157801 8.400083 -0.448817 -9.194962 6.168690 -5.028012 -2.227251 -5.976246 
2.790135 8.948229 5.157801 7.400083 -1.448817 -9.194962 6.168690 -1.828388 -8.641056 -2.976246 
2.790135 8.749230 5.235459 5.400083 1.551183 -7.194962 8.168690 -0.828388 2.772749 -2.976246 
3.203191 10.749230 5.157801 8.400083 0.551183 -11.411651 9.168690 -2.828388 -0.227251 -7.429079 
5.203191 5.749230 7.157801 8.400083 -2.448817 -9.194962 8.168690 5.437574 0.772749 -2.976246 
5.203191 6.749230 7.157801 7.400083 -3.448817 -7.194962 8.168690 5.437574 -8.641056 -7.429079 
3.203191 8.749230 6.157801 8.400083 1.551183 -10.194962 8.168690 -2.828388 2.772749 -4.976246 
1.203191 7.749230 5.157801 6.400083 -3.448817 -8.194962 7.168690 4.437574 2.772749 -5.429079 
6.203191 9.749230 6.157801 7.187003 2.551183 -8.194962 8.168690 5.437574 -8.641056 -1.976246 
2.776429 8.948229 5.157801 8.187003 -3.448817 -9.194962 8.168690 -0.828388 2.772749 -1.976246 
4.203191 6.749230 6.157801 7.400083 1.551183 -10.411651 8.168690 -6.028012 -0.227251 -4.976246 
4.203191 9.749230 5.157801 7.400083 -0.448817 -5.194962 8.168690 -1.828388 1.772749 -6.429079 
4.790135 5.749230 6.157801 7.400083 1.551183 -8.194962 7.168690 -7.028012 -4.641056 -6.429079 
3.203191 8.749230 5.157801 7.400083 -1.448817 -8.194962 8.168690 -6.028012 0.772749 -6.429079 
381650 1720 72558
