6.237253 6.470062 4.049839 7.187003 8.175831 -9.274958 -1.000000 7.437574 -8.641056 -8.485184 
4.203191 9.788685 2.881930 6.490497 0.000000 -9.274958 8.330894 1.489640 -1.227251 -7.485184 
8.401553 6.470062 4.235459 6.356047 -4.655265 -8.802460 8.330894 -4.067604 -3.186023 -4.753661 
4.203191 9.788685 5.941363 9.001504 3.041649 -2.586780 8.330894 -1.945321 -7.641056 -4.976246 
4.776429 6.470062 5.157801 8.768954 1.551183 -9.641404 0.000000 6.511302 -4.471931 -1.896848 
4.203191 6.470062 1.736609 7.187003 3.041649 -9.194962 -5.076425 -6.028012 -6.252095 -1.896848 
4.776429 2.163132 5.941363 7.187003 2.402297 -5.590038 0.000000 -6.417012 -1.227251 -8.429079 
4.776429 8.190264 3.323972 9.365711 0.000000 -9.194962 9.196556 -5.828388 -4.053213 -1.896848 
7.401553 9.515556 4.485280 7.163035 3.041649 -1.044256 8.168690 -9.287761 -4.053213 -7.485184 
7.401553 6.122121 5.157801 7.187003 2.551183 -2.586780 -0.594631 -5.028012 -3.996513 -1.896848 
8.401553 8.190264 6.235459 8.768954 4.240966 -9.802460 8.330894 6.511302 -1.227251 -6.485184 
7.790135 6.470062 5.157801 4.921406 -4.655265 -10.194962 9.168690 0.489640 -3.862661 -7.485184 
4.203191 3.163132 4.049839 7.163035 3.041649 -9.194962 -7.999660 -5.028012 -3.186023 -4.753661 
6.314224 3.163132 1.736609 5.649195 8.175831 -9.194962 0.000000 1.489640 -3.862661 -6.485184 
4.203191 6.470062 5.235459 7.163035 7.175831 -8.802460 9.168690 0.000000 -8.641056 -3.622273 
4.776429 6.122121 5.157801 9.742622 4.240966 -9.194962 -7.999660 -5.417012 -2.102007 -4.753661 
7.790135 3.163132 3.881930 7.187003 1.551183 -5.789427 0.049517 0.000000 -1.227251 -4.976246 
10.548083 6.470062 2.323972 4.649195 0.551183 -9.274958 -7.999660 2.667835 -3.186023 -4.753661 
4.776429 8.958886 3.323972 7.187003 3.041649 -7.411651 9.168690 -7.417012 -1.227251 -7.485184 
4.776429 8.948229 4.049839 7.187003 3.041649 0.000000 -0.594631 -6.028012 -3.186023 -4.976246 
4.203191 6.470062 5.235459 9.742622 3.041649 -7.411651 -7.999660 1.489640 -4.150932 -1.896848 
4.776429 7.296820 4.485280 9.001504 3.041649 -9.194962 0.000000 -5.028012 -3.996513 -4.753661 
5.203191 9.749230 2.881930 6.059724 0.000000 -5.789427 0.000000 -5.828388 -4.150932 -7.485184 
4.203191 8.948229 4.485280 8.163035 7.175831 -2.525079 9.196556 -7.045986 -3.186023 -3.622273 
6.314224 3.163132 2.881930 8.163035 1.057303 -0.730683 -5.076425 -6.417012 -4.996513 -1.896848 
7.401553 7.843514 2.323972 7.163035 -4.655265 -7.411651 4.067054 -2.945321 -1.227251 -4.976246 
4.203191 6.470062 4.049839 7.187003 1.551183 -8.802460 -1.000000 -2.945321 -2.227251 -3.622273 
4.776429 9.788685 3.881930 7.187003 3.041649 -2.586780 0.000000 7.437574 -1.227251 -3.622273 
4.203191 6.470062 5.157801 6.400083 8.175831 -9.194962 8.168690 6.037397 -2.150932 -6.485184 
8.401553 7.843514 4.049839 7.768954 3.041649 -9.641404 9.196556 -9.287761 -0.227251 -4.753661 
5.341926 8.958886 4.049839 7.187003 -4.655265 -2.586780 8.330894 6.511302 -8.641056 -3.976246 
6.314224 3.163132 2.587629 7.163035 0.628642 -7.411651 8.168690 -2.945321 -3.186023 -1.896848 
4.776429 6.122121 4.485280 8.163035 3.041649 -8.802460 0.000000 6.511302 -8.641056 -3.622273 
7.790135 8.948229 2.881930 7.768954 1.551183 -9.194962 0.000000 -5.028012 -1.227251 -7.485184 
4.099117 8.190264 5.157801 7.187003 2.402297 -8.802460 8.330894 7.437574 -6.301433 -7.485184 
5.203191 9.515556 6.157801 7.187003 3.402297 -7.411651 10.168690 6.511302 -5.301433 -3.622273 
4.776429 10.788685 5.235459 7.187003 1.551183 -9.194962 0.000000 1.489640 -0.227251 -7.485184 
7.401553 7.436345 4.485280 6.059724 1.551183 -9.194962 0.000000 -9.287761 -4.186023 -7.485184 
4.776429 7.843514 6.611652 9.742622 3.041649 -0.730683 0.000000 7.437574 -4.150932 -7.267674 
3.203191 7.843514 5.941363 6.490497 4.240966 -2.525079 9.330894 6.511302 -1.227251 -6.485184 
7.790135 6.470062 4.485280 7.187003 3.041649 -10.194962 -8.999660 7.437574 -3.186023 -7.485184 
7.401553 2.163132 6.611652 7.768954 -3.655265 0.000000 8.330894 -2.945321 -4.053213 -7.485184 
4.203191 6.470062 5.235459 7.187003 1.551183 -8.641404 8.168690 -9.287761 -1.227251 -4.753661 
7.790135 8.190264 4.049839 9.742622 2.402297 -7.411651 4.067054 1.489640 -1.227251 -7.485184 
6.237253 6.470062 6.157801 5.356047 2.402297 -7.411651 4.067054 -7.045986 -1.227251 -4.753661 
6.314224 6.122121 1.736609 6.400083 2.551183 -9.274958 0.000000 -5.028012 -1.227251 -3.622273 
4.776429 6.122121 4.485280 8.163035 1.057303 -2.586780 0.000000 -6.028012 -4.471931 -4.976246 
4.776429 9.749230 4.485280 9.001504 1.551183 -9.194962 0.049517 -2.945321 -3.150932 -8.429079 
3.203191 8.948229 4.485280 7.187003 3.041649 -8.802460 -2.901013 6.511302 -9.641056 -3.622273 
8.401553 7.843514 3.323972 7.163035 8.175831 -8.802460 9.196556 -5.028012 -3.862661 -1.896848 
8.067939 8.594232 2.323972 7.187003 2.041649 -6.411651 -7.999660 6.511302 -1.227251 -3.622273 
4.203191 8.190264 1.736609 6.400083 3.041649 -9.194962 8.330894 -5.028012 -5.157807 -4.753661 
7.401553 8.594232 5.157801 7.187003 8.175831 -9.194962 10.196556 -9.287761 -3.996513 -8.429079 
4.203191 6.122121 3.881930 9.001504 -0.379948 -9.194962 0.000000 -4.067604 -1.227251 0.000000 
4.776429 3.163132 5.157801 7.187003 3.402297 -9.274958 0.000000 6.511302 -5.301433 -1.896848 
4.099117 10.788685 5.941363 9.742622 7.175831 -7.411651 0.000000 2.667835 -3.996513 -7.485184 
3.776429 7.843514 4.485280 7.163035 1.551183 -7.411651 0.000000 6.511302 -4.471931 -7.485184 
7.401553 6.122121 5.157801 9.365711 1.551183 -10.194962 -7.999660 6.511302 -1.227251 -4.976246 
6.314224 8.948229 5.941363 6.400083 3.041649 -8.802460 0.000000 8.640893 -1.227251 -4.976246 
4.099117 9.515556 4.485280 5.649195 3.041649 -9.274958 4.067054 -5.028012 -3.186023 -8.429079 
6.314224 8.190264 2.587629 4.921406 1.551183 -9.194962 -0.594631 1.489640 -5.157807 -7.485184 
4.776429 8.948229 2.587629 7.163035 1.551183 -2.586780 0.000000 1.489640 -8.641056 -3.622273 
7.790135 9.749230 3.323972 7.187003 4.240966 -9.194962 0.000000 7.437574 -4.150932 -4.753661 
7.314224 8.948229 5.157801 7.163035 0.145134 -9.194962 0.000000 -1.945321 -3.996513 -4.753661 
5.203191 6.470062 3.323972 8.742622 2.402297 -7.802460 10.196556 -6.045986 -3.150932 -1.000000 
4.203191 3.163132 5.941363 6.490497 -0.379948 -2.586780 -0.594631 -2.945321 -3.996513 -4.753661 
7.790135 8.948229 5.235459 7.163035 -4.655265 -9.274958 9.196556 1.489640 -2.102007 -4.753661 
4.203191 6.470062 4.049839 5.921406 3.402297 -9.194962 0.000000 -5.028012 -2.227251 -4.753661 
4.776429 8.948229 5.157801 7.768954 1.551183 -9.274958 0.000000 1.489640 0.386282 -7.174147 
7.790135 6.470062 3.323972 6.400083 1.551183 -2.586780 9.168690 2.667835 -1.227251 0.000000 
4.776429 7.843514 4.049839 8.187003 1.551183 -7.411651 -7.999660 1.489640 -2.227251 -9.395223 
6.237253 8.190264 2.881930 7.187003 2.402297 -2.586780 9.295737 7.511302 -1.227251 -3.622273 
7.401553 2.163132 6.675459 7.187003 -4.655265 -8.802460 0.000000 -4.067604 -3.996513 -7.485184 
4.203191 9.749230 4.485280 8.163035 -4.655265 -5.590038 -7.999660 7.437574 -4.053213 -8.429079 
4.776429 6.470062 4.485280 8.163035 2.402297 0.000000 0.000000 7.437574 -5.157807 -7.485184 
3.203191 7.843514 5.941363 7.187003 -4.655265 -7.411651 8.330894 6.511302 -4.150932 -4.976246 
6.314224 6.843514 5.157801 7.187003 3.041649 -2.586780 9.168690 -5.028012 -4.480708 -4.976246 
6.314224 6.122121 5.157801 7.163035 -4.655265 -8.802460 -0.594631 -5.028012 -4.480708 0.000000 
7.401553 6.470062 5.941363 9.365711 3.041649 -7.411651 0.000000 2.667835 -3.150932 -1.896848 
6.314224 5.470062 5.235459 9.365711 3.041649 -8.802460 8.330894 -9.287761 -3.996513 -4.976246 
19280
