3.776429 8.190264 6.941363 8.400083 4.551183 -12.194962 10.196556 -6.028012 -1.186023 -2.622273 
4.203191 6.470062 5.157801 8.400083 0.057303 -9.194962 11.168690 4.511302 -3.996513 -3.753661 
6.790135 4.470062 6.235459 7.400083 2.041649 -9.194962 0.000000 -5.028012 -5.301433 -3.976246 
6.790135 9.749230 5.235459 5.400083 2.551183 -4.411651 -2.000000 6.437574 1.772749 -0.976246 
5.790135 11.749230 4.235459 9.400083 4.041649 -6.411651 -1.000000 5.437574 1.772749 -2.622273 
5.790135 7.190264 3.157801 8.400083 2.041649 -10.194962 9.168690 6.511302 -1.150932 -3.976246 
5.203191 8.190264 4.485280 9.187003 2.551183 -5.802460 10.196556 8.437574 -7.641056 -3.753661 
6.790135 6.470062 6.941363 7.001504 0.057303 -4.802460 -2.000000 6.511302 1.772749 -0.896848 
3.203191 6.470062 5.157801 8.187003 1.551183 -6.411651 8.168690 5.437574 -2.227251 -5.622273 
3.776429 7.190264 4.157801 7.400083 2.041649 -8.411651 -2.000000 -1.510360 -7.641056 -10.429079 
7.203191 11.749230 7.941363 7.400083 2.551183 -6.411651 7.168690 8.437574 -3.227251 -5.753661 
5.203191 11.749230 4.485280 9.187003 3.551183 -8.194962 0.000000 6.511302 1.772749 -3.753661 
5.203191 11.749230 4.157801 8.400083 0.057303 -6.411651 -1.000000 -6.028012 -1.186023 -2.976246 
6.790135 11.749230 4.235459 9.187003 4.041649 -6.411651 -2.000000 3.511302 -3.227251 -10.429079 
7.790135 7.470062 7.235459 7.187003 1.551183 -7.194962 -2.000000 -5.828388 -4.641056 -4.753661 
6.790135 8.948229 4.157801 9.187003 3.551183 -11.194962 -1.000000 5.511302 -3.227251 -2.976246 
8.548083 5.470062 7.941363 9.187003 1.057303 -11.194962 7.168690 6.511302 -7.641056 -9.429079 
5.203191 7.948229 3.235459 7.187003 0.551183 -4.411651 -3.000000 9.437574 -3.996513 0.103152 
6.790135 6.470062 7.157801 8.400083 3.041649 -5.411651 8.168690 5.437574 -7.641056 -2.753661 
3.776429 7.190264 2.235459 9.187003 0.057303 -7.194962 10.168690 6.437574 -1.186023 -4.896848 
3.776429 9.749230 4.157801 9.187003 1.551183 -7.194962 8.168690 -6.028012 0.772749 -2.896848 
6.790135 11.749230 6.941363 7.400083 2.057303 -6.411651 0.000000 5.437574 -5.301433 -2.976246 
6.790135 7.190264 7.157801 7.400083 1.057303 -8.194962 9.168690 9.437574 -4.301433 -3.896848 
6.203191 7.470062 4.235459 9.400083 1.057303 -11.194962 0.000000 4.511302 -7.641056 -3.622273 
7.203191 11.749230 4.235459 5.400083 0.551183 -4.411651 0.000000 5.437574 -1.186023 -4.753661 
7.203191 8.190264 6.157801 9.001504 1.041649 -6.411651 -1.000000 5.437574 -1.227251 -5.622273 
3.776429 4.470062 6.235459 8.187003 4.041649 -11.194962 10.196556 -5.828388 -3.227251 -10.429079 
3.776429 11.749230 5.235459 7.400083 5.041649 -7.411651 9.168690 6.511302 -1.227251 -3.976246 
7.203191 6.470062 3.157801 5.400083 1.551183 -4.411651 7.168690 7.437574 -2.186023 -5.753661 
7.203191 8.749230 4.157801 8.400083 3.041649 -5.411651 9.168690 6.437574 1.772749 -5.753661 
3.776429 7.190264 4.485280 7.400083 2.551183 -8.194962 8.168690 -6.028012 0.772749 -5.622273 
3.203191 7.190264 5.157801 9.187003 0.551183 -7.411651 -2.000000 5.437574 -7.641056 -10.429079 
7.790135 7.190264 7.941363 8.400083 4.041649 -9.274958 -1.000000 7.437574 -7.641056 -3.753661 
7.203191 7.190264 4.235459 7.400083 1.057303 -8.411651 8.168690 -6.828388 -1.227251 -10.429079 
7.790135 11.749230 6.941363 8.187003 4.551183 -9.274958 -3.000000 -3.828388 -7.641056 -4.753661 
3.203191 7.190264 6.157801 8.400083 4.551183 -8.194962 11.196556 -4.828388 -3.227251 -5.753661 
6.790135 11.749230 4.235459 5.400083 3.041649 -9.194962 -1.000000 -5.828388 -0.227251 -4.976246 
5.790135 12.749230 3.157801 6.400083 3.041649 -7.411651 -1.000000 -4.828388 -0.227251 -0.976246 
6.790135 6.470062 7.941363 7.400083 4.041649 -5.411651 7.168690 9.437574 2.772749 -10.429079 
3.203191 6.470062 6.941363 6.400083 1.551183 -4.411651 0.000000 8.437574 -6.996513 -4.753661 
3.776429 8.190264 6.235459 5.400083 0.551183 -9.194962 10.196556 3.511302 -2.186023 -10.429079 
4.203191 7.190264 7.941363 7.400083 2.041649 -6.802460 10.168690 -3.828388 -0.227251 -1.622273 
3.203191 10.749230 1.235459 9.400083 4.551183 -9.194962 8.168690 6.511302 -4.996513 -3.622273 
5.203191 6.470062 4.235459 7.001504 4.041649 -7.411651 -1.000000 5.437574 -1.186023 -5.976246 
3.203191 7.948229 6.235459 7.400083 4.041649 -6.411651 10.196556 -3.828388 -7.641056 -3.753661 
5.203191 8.190264 4.235459 8.187003 0.551183 -8.411651 10.196556 1.489640 -0.227251 -3.622273 
5.790135 6.470062 4.941363 10.400083 0.057303 -7.194962 8.168690 -4.828388 -2.186023 -3.753661 
5.203191 7.190264 6.941363 9.187003 1.057303 -8.411651 10.168690 8.437574 -3.227251 -3.753661 
7.790135 8.190264 5.235459 7.400083 1.057303 -6.411651 0.000000 -4.828388 -4.996513 -3.753661 
3.776429 11.749230 7.157801 6.400083 4.551183 -11.194962 8.168690 -6.828388 -4.641056 -5.753661 
7.314224 9.749230 5.157801 9.187003 0.057303 -8.194962 0.000000 -4.828388 -4.150932 -2.622273 
7.203191 11.749230 6.235459 9.187003 1.551183 -4.411651 9.168690 -4.828388 -5.301433 -11.429079 
10.548083 7.190264 7.235459 8.400083 0.551183 -11.194962 7.168690 -4.828388 -6.641056 -4.976246 
7.790135 7.470062 6.235459 5.400083 4.041649 -5.802460 -2.000000 5.437574 0.772749 -1.622273 
7.790135 6.470062 6.941363 7.187003 1.041649 -6.411651 10.168690 9.437574 -1.227251 -3.753661 
5.790135 6.470062 5.941363 9.001504 0.057303 -8.194962 8.168690 5.437574 -6.996513 -2.896848 
6.790135 10.749230 6.941363 8.400083 1.551183 -11.194962 -1.000000 1.489640 -3.227251 -2.896848 
7.790135 6.470062 4.235459 10.187003 0.057303 -11.194962 9.168690 6.437574 -1.227251 -10.429079 
5.203191 11.749230 4.235459 8.001504 0.057303 -9.194962 -1.000000 -4.828388 -1.150932 -3.896848 
5.203191 7.190264 7.157801 7.400083 2.551183 -9.194962 10.168690 9.437574 -3.227251 -4.753661 
3.776429 9.470062 3.235459 7.400083 1.057303 -8.194962 10.168690 -4.828388 -3.150932 -1.622273 
7.790135 7.948229 3.235459 7.400083 0.551183 -5.411651 8.168690 1.489640 1.772749 -4.622273 
7.203191 8.948229 6.941363 6.400083 4.551183 -11.194962 10.168690 8.437574 -6.996513 -10.429079 
7.203191 9.749230 5.157801 8.400083 3.041649 -9.194962 10.168690 1.489640 0.772749 -4.976246 
3.776429 7.190264 4.235459 7.187003 2.551183 -8.194962 -1.000000 1.489640 -1.150932 -3.753661 
3.203191 11.749230 4.235459 7.400083 3.551183 -11.194962 -2.000000 5.437574 -7.641056 -5.976246 
7.203191 8.470062 4.157801 7.400083 4.041649 -7.194962 0.000000 5.437574 -0.227251 -10.429079 
6.790135 7.948229 6.941363 7.400083 0.551183 -7.194962 10.168690 -4.828388 1.772749 -5.753661 
6.203191 7.470062 6.941363 8.400083 1.551183 -6.411651 8.168690 5.511302 -3.150932 -10.429079 
2.776429 7.190264 4.157801 7.187003 3.551183 -4.411651 0.000000 8.437574 -1.227251 -3.753661 
6.203191 7.948229 2.235459 7.400083 1.551183 -9.274958 0.000000 -4.828388 -7.641056 -5.753661 
5.203191 7.190264 5.941363 7.400083 0.551183 -9.194962 -2.000000 -4.828388 -1.186023 -3.622273 
5.203191 11.749230 7.157801 7.400083 1.551183 -11.194962 0.000000 5.437574 0.772749 -6.753661 
9.548083 7.190264 4.235459 7.400083 4.041649 -8.274958 10.196556 7.437574 0.772749 -2.976246 
7.203191 12.749230 4.235459 7.400083 4.551183 -7.194962 0.000000 -4.828388 0.772749 -1.976246 
6.790135 9.749230 4.235459 9.187003 1.551183 -8.194962 -2.000000 8.437574 2.772749 -6.753661 
5.790135 7.948229 5.235459 9.187003 1.551183 -8.411651 -1.000000 -5.828388 -3.996513 -5.753661 
4.203191 11.749230 5.157801 8.400083 5.551183 -8.411651 0.000000 -3.828388 -3.227251 -3.753661 
3.203191 7.190264 5.157801 8.400083 3.041649 -9.194962 10.168690 -4.828388 -3.996513 -3.753661 
5.203191 7.190264 4.485280 6.400083 0.057303 -6.411651 8.168690 6.511302 -3.227251 -2.896848 
177480
