4.776429 8.749230 5.235459 5.490497 2.041649 -6.411651 10.168690 8.437574 -3.186023 -3.976246 
7.790135 6.190264 4.235459 8.187003 2.551183 -8.411651 0.000000 7.511302 -1.227251 -1.896848 
6.790135 8.948229 5.157801 8.187003 3.551183 -10.274958 -1.000000 5.511302 -1.227251 -3.753661 
7.790135 8.190264 4.235459 6.400083 3.041649 -9.274958 -1.000000 6.511302 -4.186023 -3.622273 
5.203191 9.749230 5.157801 7.187003 3.551183 -9.411651 9.196556 6.511302 -0.227251 -4.622273 
6.203191 7.948229 6.157801 6.400083 3.551183 -8.411651 10.168690 -6.828388 -2.227251 -4.976246 
7.790135 9.749230 4.235459 6.187003 3.041649 -8.411651 10.196556 6.511302 -4.186023 -3.622273 
3.776429 7.948229 4.235459 10.001504 3.041649 -10.194962 0.000000 6.511302 -5.301433 -1.896848 
7.790135 7.190264 5.235459 9.001504 2.551183 -10.194962 -1.000000 6.511302 -1.186023 -1.896848 
6.314224 8.948229 5.941363 6.400083 3.551183 -9.274958 8.168690 6.511302 -0.227251 -1.896848 
7.314224 6.470062 5.235459 6.400083 0.551183 -8.802460 -2.000000 2.489640 -3.186023 -9.429079 
4.776429 6.190264 5.157801 7.187003 1.551183 -6.411651 -1.000000 -6.028012 -4.150932 -2.753661 
4.203191 9.749230 6.049839 7.187003 2.551183 -6.411651 10.168690 -6.828388 -2.996513 -3.622273 
4.203191 7.948229 5.941363 8.187003 1.551183 -6.411651 9.196556 5.511302 -3.996513 -4.753661 
5.203191 8.948229 5.157801 6.400083 2.551183 -9.194962 9.168690 2.489640 -4.186023 -1.896848 
8.548083 7.190264 4.235459 7.187003 0.057303 -7.411651 10.168690 6.511302 0.772749 -3.622273 
5.203191 9.749230 4.941363 8.187003 4.041649 -7.411651 -1.000000 6.511302 -3.150932 -4.753661 
7.790135 5.470062 4.157801 7.400083 2.057303 -9.274958 9.196556 6.511302 -0.227251 -3.622273 
5.203191 7.190264 6.235459 8.187003 2.551183 -6.411651 8.330894 6.511302 -6.641056 -3.622273 
6.314224 9.948229 4.157801 6.400083 3.551183 -10.194962 -1.000000 6.511302 -3.996513 -6.485184 
5.341926 7.948229 5.941363 8.187003 2.041649 -6.411651 8.168690 -5.828388 -1.227251 -9.429079 
7.790135 5.190264 4.485280 7.187003 3.551183 -8.802460 -1.000000 6.511302 -5.641056 -3.976246 
4.203191 8.948229 5.049839 8.187003 2.551183 -7.411651 10.196556 7.511302 -2.996513 -3.622273 
6.203191 8.749230 5.235459 10.001504 1.057303 -8.802460 -1.000000 -5.028012 -10.641056 -2.896848 
4.776429 8.190264 5.235459 8.768954 4.041649 -7.411651 10.168690 -5.828388 -0.227251 -4.753661 
5.203191 8.843514 4.157801 7.187003 3.041649 -8.411651 -1.000000 -5.028012 -5.641056 -3.622273 
5.203191 7.948229 5.235459 7.400083 0.551183 -7.411651 9.168690 7.437574 -2.227251 -3.976246 
5.203191 9.749230 4.941363 9.001504 3.041649 -9.274958 -5.999660 5.511302 -2.150932 -8.429079 
6.203191 7.948229 4.941363 6.490497 2.041649 -8.411651 10.196556 2.489640 -2.227251 -2.753661 
7.203191 8.948229 5.235459 6.400083 1.057303 -9.274958 0.000000 1.489640 -4.301433 -2.896848 
7.790135 9.843514 4.485280 8.187003 -5.655265 -9.194962 -1.000000 -7.028012 -4.186023 -2.896848 
5.203191 6.190264 5.941363 6.187003 1.551183 -8.411651 -0.594631 7.437574 -6.641056 -3.622273 
5.203191 6.190264 4.157801 9.001504 3.041649 -7.411651 -6.999660 7.437574 -1.227251 -2.896848 
5.203191 9.749230 4.235459 7.187003 4.041649 -8.802460 8.168690 -7.028012 -1.227251 -9.429079 
7.790135 7.948229 6.235459 6.400083 2.057303 -10.194962 8.168690 7.511302 -2.150932 -3.753661 
5.203191 9.749230 5.157801 9.001504 1.057303 -10.194962 10.196556 6.511302 -2.996513 -2.896848 
7.790135 10.749230 4.235459 8.187003 3.041649 -9.274958 -1.000000 6.511302 -6.641056 -3.622273 
3.776429 8.749230 5.941363 6.400083 1.628642 -8.411651 -1.000000 1.489640 -2.186023 -2.896848 
4.341926 9.749230 6.235459 6.400083 4.041649 -8.802460 -5.999660 -5.028012 -0.227251 -3.622273 
5.341926 9.749230 3.157801 8.187003 3.041649 -8.411651 -0.594631 0.489640 -2.150932 -3.753661 
5.203191 5.190264 5.941363 9.001504 3.041649 -5.411651 8.168690 6.511302 -10.641056 -3.622273 
7.790135 8.749230 3.157801 7.400083 3.041649 -6.411651 10.168690 0.489640 -2.150932 -4.976246 
4.776429 7.190264 5.235459 6.400083 -4.655265 -8.411651 -1.000000 5.511302 -10.641056 -2.622273 
4.341926 6.948229 5.235459 6.187003 2.551183 -9.274958 9.168690 7.437574 -0.227251 -3.753661 
4.776429 7.948229 5.235459 6.400083 2.551183 -7.411651 8.168690 1.489640 -2.150932 -1.896848 
7.790135 6.190264 6.157801 5.187003 -4.655265 -9.274958 -2.000000 -7.028012 -2.150932 -1.896848 
4.776429 9.843514 5.941363 7.187003 2.551183 -9.274958 -1.000000 6.511302 -2.996513 -3.622273 
5.314224 8.190264 4.235459 6.187003 2.041649 -9.274958 -0.594631 6.511302 -2.996513 -3.622273 
5.203191 9.749230 5.157801 7.187003 -5.655265 -7.411651 8.168690 -7.828388 -8.641056 -9.429079 
5.203191 8.749230 4.941363 8.187003 2.551183 -8.411651 9.168690 0.489640 -5.301433 -2.896848 
6.203191 6.470062 5.941363 8.187003 1.057303 -9.274958 -6.999660 2.489640 -7.641056 -3.622273 
4.203191 6.470062 4.235459 6.400083 2.057303 -7.411651 -6.999660 8.437574 -7.641056 -9.429079 
5.203191 6.470062 5.235459 7.187003 2.057303 -9.274958 8.168690 7.437574 -2.150932 -1.896848 
4.776429 9.749230 6.157801 6.400083 2.551183 -7.411651 -1.000000 6.511302 -2.996513 -9.429079 
5.203191 8.948229 4.941363 8.187003 1.628642 -6.802460 -1.000000 7.437574 -3.186023 -1.896848 
7.203191 7.948229 6.941363 5.400083 2.551183 -9.274958 9.196556 2.489640 -1.186023 -2.896848 
5.341926 6.190264 6.157801 8.400083 3.041649 -5.411651 10.168690 1.489640 -3.186023 -3.622273 
5.203191 9.749230 4.235459 6.400083 2.551183 -8.274958 9.196556 6.511302 -3.150932 -1.896848 
6.314224 8.749230 5.941363 7.187003 3.041649 -8.274958 -1.000000 6.511302 -3.186023 -4.753661 
5.790135 6.470062 4.941363 8.187003 3.551183 -8.411651 10.196556 7.511302 -1.996513 -3.976246 
5.203191 10.749230 6.235459 6.400083 3.551183 -8.274958 -1.000000 0.489640 -0.227251 -1.896848 
5.203191 9.843514 5.157801 8.400083 2.551183 -10.194962 8.330894 8.437574 -2.150932 -1.000000 
6.314224 7.948229 5.157801 6.400083 3.041649 -8.274958 -1.000000 -5.828388 -2.186023 0.000000 
5.776429 9.749230 3.235459 6.400083 2.551183 -5.411651 -1.000000 6.511302 -1.186023 -4.976246 
6.203191 5.470062 5.157801 5.400083 2.041649 -6.411651 -1.000000 0.489640 -1.227251 -2.622273 
4.776429 10.749230 4.235459 8.187003 3.041649 -9.274958 10.168690 7.437574 -3.996513 -3.622273 
4.203191 8.948229 4.157801 5.400083 1.057303 -8.411651 9.196556 8.437574 -1.227251 -3.753661 
4.341926 7.948229 5.235459 9.187003 3.041649 -9.274958 -0.594631 -6.828388 -7.641056 -2.896848 
7.790135 6.470062 5.157801 9.001504 3.041649 -6.411651 9.168690 5.511302 -1.227251 -1.896848 
5.203191 6.190264 5.235459 6.187003 2.551183 -9.274958 9.196556 7.437574 -3.150932 -3.622273 
5.203191 9.948229 5.235459 5.400083 3.551183 -7.411651 -1.000000 8.437574 -1.996513 -1.896848 
6.203191 7.190264 5.235459 9.187003 2.551183 -6.411651 -1.000000 0.489640 -0.227251 -2.896848 
7.790135 9.749230 5.157801 7.187003 2.551183 -9.274958 -1.000000 8.437574 -0.227251 -3.622273 
7.314224 9.948229 4.157801 6.400083 3.551183 -7.411651 -0.594631 5.511302 -0.227251 -4.622273 
4.203191 7.470062 4.941363 5.400083 2.551183 -5.802460 -0.594631 6.511302 -2.227251 -3.622273 
6.314224 6.470062 6.941363 7.187003 0.551183 -9.274958 -0.594631 -5.028012 -1.227251 -4.976246 
6.341926 10.843514 5.235459 8.187003 2.551183 -7.802460 10.196556 6.511302 -3.186023 -10.429079 
5.203191 6.470062 4.157801 10.001504 3.041649 -8.411651 8.168690 -5.028012 -5.301433 -3.976246 
7.203191 5.190264 5.049839 6.400083 2.551183 -8.411651 9.196556 0.489640 -1.996513 -2.896848 
7.203191 8.190264 4.485280 6.400083 1.551183 -9.274958 8.168690 5.511302 -2.996513 -6.485184 
76010
