4.099117 6.470062 4.485280 7.187003 2.041649 -8.802460 0.000000 6.511302 -5.301433 -7.485184 
7.401553 6.470062 3.049839 7.187003 0.628642 -8.802460 0.000000 7.437574 -1.227251 -1.896848 
7.790135 8.843514 5.235459 6.768954 3.041649 -2.586780 0.049517 -5.028012 -3.862661 -3.622273 
5.203191 6.470062 5.157801 6.490497 1.551183 -5.789427 0.049517 1.489640 -0.227251 -7.485184 
5.203191 8.948229 5.235459 8.768954 8.175831 -9.274958 8.330894 1.489640 -5.301433 -3.622273 
8.790135 3.163132 5.941363 7.163035 1.551183 -9.194962 9.168690 6.511302 -8.641056 -4.753661 
4.776429 9.749230 4.485280 8.187003 1.057303 -8.274958 -7.999660 7.437574 -0.227251 -8.429079 
8.401553 6.470062 4.049839 9.365711 3.041649 -2.586780 -1.000000 7.437574 -5.301433 -8.429079 
4.203191 6.122121 6.157801 7.163035 -4.655265 -9.802460 4.067054 6.437574 -7.641056 -7.485184 
6.314224 9.515556 4.485280 9.365711 3.041649 -9.274958 -7.999660 -6.828388 -9.641056 -2.896848 
5.203191 8.948229 3.485280 8.163035 3.041649 -10.194962 0.000000 -9.287761 -2.227251 -3.976246 
5.776429 7.843514 5.235459 7.187003 3.041649 -9.194962 -0.594631 1.489640 -4.150932 -7.485184 
7.790135 7.843514 2.881930 8.187003 0.628642 -2.525079 -1.000000 -9.287761 -3.996513 -6.485184 
3.776429 9.749230 3.323972 7.187003 3.041649 -3.586780 0.000000 1.489640 -1.227251 -2.896848 
6.401553 6.470062 5.235459 6.187003 0.628642 -7.411651 0.000000 6.511302 -4.150932 -7.485184 
4.776429 8.948229 5.941363 4.921406 3.041649 -10.194962 0.000000 -5.067604 -1.227251 -1.896848 
6.401553 6.470062 5.941363 9.001504 1.551183 -10.194962 -7.999660 -9.287761 -0.227251 -8.485184 
5.203191 8.948229 5.157801 9.001504 3.041649 -9.802460 9.196556 7.437574 -4.480708 -8.429079 
3.203191 9.749230 3.323972 4.921406 1.551183 -9.274958 -1.000000 0.000000 -3.996513 -3.622273 
4.776429 6.122121 6.157801 4.921406 4.240966 -2.586780 9.168690 -5.028012 -0.227251 -1.896848 
5.341926 7.843514 5.941363 9.365711 -0.379948 -9.274958 5.067054 1.489640 -6.301433 -0.896848 
7.401553 6.470062 5.157801 6.490497 3.041649 -9.194962 -2.901013 1.489640 -3.996513 -4.622273 
4.776429 6.470062 5.941363 6.490497 -4.655265 -10.194962 9.168690 6.511302 -4.480708 0.000000 
5.776429 6.470062 5.941363 8.768954 3.041649 -7.411651 10.168690 7.437574 -3.186023 -7.485184 
4.099117 9.749230 2.881930 8.742622 1.551183 -9.274958 4.067054 7.437574 -3.996513 -1.896848 
3.776429 8.190264 3.323972 7.187003 2.551183 -9.641404 7.168690 1.489640 -6.301433 -3.976246 
5.203191 9.948229 3.485280 8.187003 -4.655265 -9.194962 0.000000 1.489640 -1.227251 -5.753661 
4.776429 7.843514 4.049839 6.400083 3.041649 -2.586780 0.000000 6.511302 -3.996513 -9.429079 
4.341926 8.190264 1.587629 7.187003 3.041649 -2.586780 0.000000 1.489640 0.772749 -1.896848 
5.203191 7.843514 2.587629 7.768954 1.551183 -5.789427 9.196556 6.437574 -3.996513 -2.896848 
4.776429 7.843514 4.049839 7.187003 3.041649 -10.274958 0.000000 5.511302 -3.996513 -4.976246 
5.099117 6.470062 4.049839 9.365711 -4.655265 -10.194962 -7.999660 7.437574 -7.641056 -3.622273 
4.776429 7.190264 5.235459 6.490497 1.551183 -10.194962 0.000000 7.437574 -3.186023 -3.976246 
8.067939 6.470062 4.235459 7.187003 4.402297 -2.586780 0.049517 -6.028012 -3.996513 -4.753661 
4.203191 8.190264 4.049839 7.187003 1.551183 -9.194962 -1.000000 0.000000 -3.996513 -8.429079 
7.790135 6.470062 4.049839 7.187003 3.041649 -9.194962 0.049517 -5.028012 -6.301433 -8.429079 
8.401553 9.749230 4.485280 7.187003 -4.655265 -10.194962 0.049517 6.511302 -3.186023 -4.753661 
3.203191 8.948229 5.157801 8.187003 1.551183 -2.525079 9.168690 7.437574 -3.996513 -4.622273 
4.203191 7.843514 4.049839 7.187003 1.551183 -2.586780 -1.000000 7.437574 -3.186023 -4.753661 
4.776429 7.958886 3.881930 6.187003 3.041649 -7.411651 -6.999660 6.511302 -3.186023 -7.485184 
4.203191 6.470062 4.049839 8.768954 1.551183 -7.411651 0.000000 1.489640 -1.227251 -6.485184 
7.790135 3.163132 5.941363 7.187003 1.551183 -5.590038 9.168690 -9.287761 -3.862661 -7.485184 
6.401553 7.470062 3.323972 7.187003 -0.379948 -9.194962 4.067054 -6.828388 -2.996513 -1.896848 
3.203191 8.948229 1.587629 8.163035 2.402297 -8.802460 4.067054 6.511302 -3.996513 -8.429079 
7.401553 8.948229 5.235459 8.768954 1.551183 -9.274958 -7.999660 1.489640 0.772749 -7.174147 
8.067939 9.749230 3.485280 7.187003 2.551183 -2.586780 8.168690 1.489640 -7.641056 -4.976246 
4.776429 4.163132 5.157801 7.163035 3.041649 -8.194962 0.000000 -1.945321 -8.641056 -3.622273 
4.203191 6.470062 3.323972 6.490497 3.041649 -3.586780 4.067054 -2.945321 -5.301433 -8.429079 
7.401553 3.163132 2.587629 5.649195 1.551183 -7.411651 -1.000000 6.511302 -9.641056 0.000000 
6.401553 6.470062 5.235459 8.187003 1.551183 -3.586780 10.168690 6.437574 -3.996513 0.000000 
4.203191 9.749230 5.235459 6.490497 1.551183 -9.274958 9.196556 1.489640 -3.996513 -3.622273 
7.790135 6.843514 4.157801 7.187003 1.551183 -9.194962 -0.594631 1.489640 -4.186023 -8.429079 
4.776429 6.470062 4.235459 9.365711 1.551183 -1.586780 10.168690 6.511302 -8.641056 -7.429079 
3.776429 6.470062 5.157801 7.187003 4.041649 -7.411651 -0.594631 1.489640 -4.150932 -7.174147 
4.203191 6.470062 4.049839 9.001504 2.551183 -7.411651 4.067054 1.489640 -5.301433 -1.000000 
7.790135 6.470062 3.323972 4.921406 4.240966 -2.586780 -0.594631 6.511302 -8.641056 -9.395223 
4.776429 7.843514 5.049839 7.187003 1.551183 -9.274958 -1.000000 0.000000 -0.227251 -3.622273 
3.776429 6.470062 5.941363 7.187003 1.551183 -8.802460 7.330894 -1.945321 -4.480708 -7.174147 
4.203191 6.470062 3.323972 7.187003 2.402297 -7.411651 -1.000000 -9.287761 -3.996513 -3.622273 
4.776429 9.749230 5.941363 7.187003 -4.655265 -2.586780 0.000000 1.489640 -5.301433 -7.174147 
4.203191 9.515556 5.235459 7.163035 1.551183 -9.274958 8.330894 -6.828388 -1.227251 -7.485184 
8.548083 6.470062 5.941363 7.768954 0.628642 -2.586780 -1.000000 1.489640 -4.053213 -8.429079 
4.776429 9.788685 5.157801 6.490497 1.551183 -6.411651 7.330894 -2.945321 -8.641056 -7.485184 
6.401553 4.163132 4.049839 8.768954 2.551183 -9.194962 0.000000 2.489640 -3.996513 -3.622273 
4.341926 6.470062 6.235459 6.490497 1.551183 -7.802460 -0.594631 6.511302 -4.480708 -7.485184 
7.401553 8.190264 5.157801 7.187003 3.041649 -9.194962 0.000000 1.489640 -1.227251 -3.622273 
4.203191 5.470062 2.323972 6.400083 2.551183 -9.274958 9.168690 1.489640 -1.227251 -7.485184 
4.776429 6.470062 4.049839 6.059724 2.551183 -7.411651 0.000000 6.437574 -4.053213 -4.753661 
4.203191 8.190264 5.157801 8.187003 1.551183 -2.586780 0.000000 -5.028012 -5.301433 -4.753661 
4.776429 6.470062 5.235459 7.187003 3.041649 -8.802460 -1.000000 6.511302 -3.186023 -8.429079 
4.203191 8.436345 4.235459 7.187003 3.402297 -7.411651 9.196556 -9.287761 -4.480708 -3.622273 
4.203191 9.749230 5.235459 7.163035 3.041649 -7.802460 -7.999660 6.511302 -3.996513 -8.429079 
3.776429 7.843514 5.157801 4.921406 1.551183 -9.194962 4.067054 7.437574 -0.227251 -3.622273 
4.203191 8.948229 4.485280 4.921406 1.551183 -8.802460 0.000000 -6.828388 -6.301433 -7.485184 
7.401553 8.843514 2.881930 5.490497 3.041649 -8.802460 9.168690 7.511302 -3.996513 -3.622273 
4.203191 6.470062 4.485280 7.187003 7.175831 -2.586780 8.168690 -5.028012 -6.301433 -4.753661 
6.314224 8.948229 5.941363 6.400083 2.551183 -3.586780 -0.594631 -9.287761 -3.996513 -7.485184 
3.776429 8.948229 5.941363 7.187003 3.041649 -5.411651 8.330894 7.437574 -3.996513 -7.485184 
3.776429 7.843514 4.485280 8.768954 4.041649 -9.274958 8.330894 -5.028012 -3.471931 -7.485184 
4.776429 6.470062 4.485280 9.365711 3.041649 -9.274958 -1.000000 -10.287761 -6.301433 -8.485184 
80710
