4.203191 7.749230 6.157801 7.187003 0.551183 -9.194962 0.000000 5.437574 -0.227251 0.023754 
5.203191 10.749230 4.157801 6.400083 -2.448817 -9.194962 -2.000000 6.437574 -0.227251 -6.429079 
4.203191 10.749230 7.157801 7.400083 -1.448817 -8.194962 7.168690 -3.828388 1.772749 -1.976246 
4.203191 8.749230 5.157801 7.400083 -0.448817 -8.194962 -2.000000 -3.828388 2.772749 -7.429079 
4.790135 8.749230 6.235459 6.400083 -2.448817 -11.411651 9.168690 4.437574 0.772749 -7.429079 
4.203191 8.749230 6.157801 7.187003 -2.448817 -8.411651 -4.000000 -1.828388 2.772749 -1.976246 
4.203191 7.749230 5.235459 7.400083 -1.448817 -8.194962 7.168690 -4.828388 -5.641056 -3.976246 
2.203191 6.749230 6.235459 6.400083 -1.448817 -8.194962 6.168690 -3.828388 -1.227251 -5.976246 
4.776429 7.749230 5.157801 6.400083 -1.448817 -7.194962 8.168690 3.437574 -0.227251 -0.976246 
6.203191 6.948229 6.157801 6.400083 -0.448817 -9.411651 -4.000000 4.437574 3.772749 -7.429079 
4.790135 7.749230 6.157801 8.400083 0.551183 -10.194962 0.000000 4.437574 -5.641056 -4.976246 
2.776429 9.749230 5.157801 7.187003 0.551183 -9.194962 8.168690 -3.828388 1.772749 -9.429079 
2.203191 10.749230 7.157801 6.400083 -2.448817 -8.194962 -2.000000 7.437574 2.772749 -1.976246 
4.203191 7.749230 4.157801 7.400083 0.551183 -8.194962 8.168690 -6.028012 -1.227251 -6.429079 
4.203191 7.749230 6.157801 7.400083 -2.448817 -8.194962 8.168690 -7.028012 -6.641056 -3.976246 
4.203191 9.749230 5.157801 7.400083 0.551183 -9.194962 8.168690 4.437574 -2.227251 -5.429079 
6.203191 8.749230 6.235459 8.400083 -1.448817 -9.194962 -4.000000 6.437574 -0.227251 -8.429079 
2.203191 7.749230 5.941363 7.400083 -1.448817 -8.411651 -1.000000 -3.828388 -1.227251 -5.429079 
4.203191 8.948229 6.157801 9.187003 -2.448817 -11.194962 -2.000000 -5.828388 -1.227251 -0.976246 
3.203191 9.749230 6.157801 7.187003 2.551183 -8.194962 8.168690 -2.828388 0.772749 -5.976246 
6.203191 7.749230 4.157801 7.400083 -1.448817 -8.194962 8.168690 -4.828388 -1.227251 -6.429079 
2.203191 8.749230 6.235459 7.400083 -1.448817 -10.411651 8.168690 -3.828388 0.772749 -3.976246 
5.203191 7.749230 5.157801 7.400083 -0.448817 -8.194962 7.168690 -3.828388 -5.641056 -6.976246 
4.776429 7.749230 7.157801 7.001504 -1.448817 -10.194962 -2.000000 4.437574 -4.641056 -3.976246 
4.203191 7.749230 5.157801 6.400083 0.551183 -8.194962 9.168690 -2.828388 -5.641056 -5.429079 
4.203191 7.749230 6.157801 6.400083 -2.448817 -9.411651 -4.000000 -2.828388 1.772749 -5.429079 
4.203191 9.749230 6.235459 7.001504 -0.448817 -6.194962 7.168690 6.437574 -1.227251 -1.976246 
5.203191 9.749230 6.157801 7.187003 -2.448817 -5.194962 7.168690 -2.828388 -6.641056 0.023754 
2.203191 7.749230 5.157801 10.400083 -1.448817 -9.194962 0.000000 -2.828388 -0.227251 -6.976246 
4.790135 9.749230 5.941363 7.400083 -0.448817 -10.411651 8.168690 -2.828388 0.772749 -7.429079 
4.203191 7.749230 6.157801 7.001504 -0.448817 -8.411651 -2.000000 5.437574 -0.227251 -5.429079 
5.203191 7.749230 6.157801 6.187003 -2.448817 -8.411651 -3.000000 -7.028012 0.772749 -5.429079 
5.203191 6.749230 6.157801 7.400083 -2.448817 -9.194962 -1.000000 -2.828388 -0.227251 -1.976246 
4.203191 8.749230 5.157801 8.400083 -1.448817 -11.194962 9.168690 -6.028012 1.772749 -1.976246 
3.203191 7.749230 5.157801 8.400083 -2.448817 -11.194962 -3.000000 5.437574 -0.227251 -8.429079 
3.203191 8.749230 6.235459 6.400083 -0.448817 -11.194962 8.168690 -2.828388 1.772749 -5.976246 
5.203191 8.948229 5.157801 8.400083 -1.448817 -9.194962 7.168690 5.437574 -1.227251 -6.429079 
3.776429 7.749230 5.157801 7.400083 -1.448817 -6.194962 8.168690 -4.828388 1.772749 -5.429079 
4.203191 7.749230 4.941363 7.187003 -2.448817 -8.194962 -1.000000 5.437574 -1.227251 -6.429079 
5.203191 8.749230 5.941363 6.400083 0.551183 -7.194962 -2.000000 7.437574 -8.641056 -3.976246 
4.203191 8.749230 6.235459 7.400083 -1.448817 -8.194962 -2.000000 -3.828388 -4.641056 -0.976246 
5.203191 7.749230 5.235459 8.400083 -0.448817 -7.411651 -2.000000 -3.828388 -2.227251 -4.976246 
3.203191 7.749230 7.157801 6.400083 -1.448817 -10.411651 -3.000000 10.437574 0.772749 -1.976246 
4.790135 6.749230 4.157801 7.400083 1.551183 -6.194962 -2.000000 -3.828388 -0.227251 -1.976246 
4.203191 7.749230 5.157801 9.187003 0.551183 -11.411651 -2.000000 -2.828388 -1.227251 -6.429079 
5.203191 10.749230 5.157801 6.400083 0.551183 -8.194962 7.168690 6.437574 -1.227251 -9.429079 
4.203191 9.749230 7.157801 6.400083 -2.448817 -9.194962 -2.000000 7.437574 -1.227251 -6.429079 
4.790135 6.948229 5.157801 6.400083 -0.448817 -11.194962 0.000000 6.437574 -6.641056 -6.976246 
4.203191 9.749230 6.235459 5.400083 -1.448817 -9.411651 7.168690 4.437574 2.772749 -6.429079 
6.203191 9.749230 6.235459 6.400083 -2.448817 -8.194962 8.168690 10.437574 -1.227251 -0.976246 
4.203191 9.749230 6.235459 7.400083 -1.448817 -6.194962 8.168690 -3.828388 -1.227251 -5.429079 
5.203191 7.948229 5.157801 9.400083 -1.448817 -11.194962 7.168690 11.437574 -5.641056 1.023754 
4.790135 9.749230 6.235459 6.400083 0.551183 -9.194962 -1.000000 6.437574 -7.641056 -1.976246 
2.203191 7.948229 6.157801 8.400083 0.551183 -7.194962 8.168690 4.437574 -0.227251 -4.976246 
5.203191 7.749230 5.157801 8.187003 -1.448817 -7.411651 8.168690 -7.028012 1.772749 -6.429079 
3.203191 8.749230 5.157801 6.400083 -2.448817 -8.411651 -2.000000 -7.028012 1.772749 -3.976246 
5.203191 7.749230 5.157801 6.400083 -1.448817 -9.411651 -2.000000 -3.828388 -1.227251 -4.976246 
4.203191 6.749230 4.157801 6.400083 2.551183 -9.194962 7.168690 -2.828388 -5.641056 -6.429079 
5.203191 8.749230 5.157801 7.400083 -1.448817 -6.194962 8.168690 -2.828388 -1.227251 -5.976246 
4.776429 7.749230 5.235459 6.400083 -0.448817 -7.194962 8.168690 -3.828388 -0.227251 -6.429079 
5.203191 6.948229 5.157801 7.187003 -1.448817 -10.411651 9.168690 6.437574 -0.227251 -5.976246 
2.203191 8.749230 6.235459 7.400083 -1.448817 -9.194962 7.168690 4.437574 -6.641056 -6.976246 
5.203191 10.749230 6.157801 6.400083 -0.448817 -9.194962 10.168690 -4.828388 -5.641056 -5.429079 
4.203191 7.749230 6.157801 8.400083 -0.448817 -8.194962 9.168690 -3.828388 3.772749 -1.976246 
6.203191 9.749230 5.235459 6.400083 -1.448817 -8.194962 8.168690 -7.028012 -1.227251 -5.429079 
4.203191 10.749230 5.235459 5.400083 -0.448817 -8.194962 8.168690 -2.828388 0.772749 -5.429079 
4.790135 7.749230 5.235459 6.400083 -0.448817 -9.194962 6.168690 -1.828388 4.772749 -6.429079 
4.203191 6.749230 5.157801 7.400083 1.551183 -8.194962 -2.000000 -2.828388 -5.641056 -9.429079 
3.203191 7.749230 5.235459 7.187003 -0.448817 -8.411651 7.168690 6.437574 -7.641056 -6.429079 
4.203191 6.749230 6.157801 7.400083 -0.448817 -8.194962 8.168690 -2.828388 -6.641056 -0.976246 
4.790135 10.749230 4.157801 8.400083 -2.448817 -8.411651 -2.000000 -2.828388 -2.227251 -3.976246 
5.203191 7.749230 6.157801 6.400083 -2.448817 -9.194962 -2.000000 -9.028012 -7.641056 -4.976246 
4.790135 8.749230 5.235459 7.400083 -0.448817 -8.194962 6.168690 -2.828388 -1.227251 -1.976246 
5.203191 6.749230 5.157801 7.400083 4.057303 -9.194962 -1.000000 5.437574 3.772749 -1.976246 
4.203191 7.749230 6.235459 6.400083 -0.448817 -8.194962 8.168690 -2.828388 2.772749 -6.429079 
4.203191 8.749230 5.235459 7.400083 -1.448817 -7.194962 -2.000000 4.437574 -1.227251 -6.429079 
2.203191 7.749230 6.157801 6.187003 -1.448817 -8.411651 7.168690 -3.828388 -5.641056 -6.429079 
5.203191 7.749230 5.157801 9.400083 -3.448817 -10.411651 0.000000 -3.828388 -0.227251 -1.976246 
3.203191 10.749230 5.157801 7.001504 -2.448817 -10.411651 -1.000000 -6.028012 -0.227251 -6.976246 
4.790135 10.749230 6.157801 7.400083 0.551183 -7.194962 8.168690 -7.028012 2.772749 -8.429079 
258820 2190 87496
