7.203191 9.749230 7.235459 8.400083 0.057303 -6.411651 -1.000000 4.437574 -0.227251 -5.976246 
6.790135 10.749230 5.235459 8.187003 3.041649 -9.194962 0.000000 -6.028012 -7.641056 -1.976246 
6.203191 6.470062 6.157801 7.400083 0.551183 -9.194962 8.168690 -6.028012 -0.227251 -4.976246 
4.203191 10.749230 6.941363 8.400083 5.041649 -9.194962 -1.000000 4.511302 -7.641056 -4.976246 
4.203191 12.749230 6.235459 9.187003 2.551183 -9.194962 0.000000 -7.028012 -7.641056 -4.896848 
5.203191 7.948229 6.235459 8.187003 0.551183 -7.194962 -1.000000 5.437574 -6.641056 -11.429079 
4.790135 6.470062 5.157801 7.400083 2.057303 -7.194962 -1.000000 7.511302 -0.227251 -2.896848 
4.790135 11.749230 6.941363 8.400083 2.551183 -7.411651 8.168690 8.511302 -7.641056 -0.896848 
2.776429 6.470062 5.235459 7.400083 2.057303 -9.194962 0.000000 4.511302 -2.227251 -1.976246 
3.776429 10.749230 6.235459 7.400083 0.551183 -6.411651 -1.000000 5.437574 -0.227251 0.103152 
3.203191 6.470062 6.941363 8.400083 0.551183 -7.194962 -1.000000 -4.828388 -0.227251 -2.896848 
4.790135 6.470062 5.157801 10.400083 0.057303 -7.194962 10.168690 7.511302 -0.227251 -2.622273 
6.203191 7.190264 5.157801 8.400083 0.551183 -7.411651 -1.000000 4.437574 -0.227251 -11.429079 
4.790135 6.948229 3.157801 7.400083 0.057303 -8.194962 0.000000 -4.828388 -1.227251 -9.429079 
4.203191 7.948229 4.235459 6.187003 -0.448817 -6.194962 -1.000000 -4.828388 2.772749 -11.429079 
4.790135 6.470062 5.235459 7.400083 -0.448817 -6.194962 -1.000000 -7.028012 -1.227251 -0.622273 
2.776429 7.190264 6.235459 8.187003 4.041649 -9.194962 10.168690 -3.828388 1.772749 -3.622273 
4.203191 7.190264 6.941363 7.187003 0.551183 -8.194962 8.168690 11.437574 -1.227251 -3.622273 
7.203191 11.749230 5.157801 10.001504 -0.448817 -6.194962 11.168690 4.437574 1.772749 -0.896848 
4.203191 11.749230 5.941363 9.400083 0.551183 -5.411651 7.168690 -6.028012 1.772749 -4.976246 
6.203191 6.470062 6.235459 8.187003 3.041649 -8.411651 0.000000 4.511302 -0.227251 -11.429079 
4.203191 6.948229 5.235459 8.400083 0.057303 -6.194962 8.168690 -6.028012 -0.227251 -2.896848 
3.776429 7.948229 6.941363 7.400083 4.041649 -7.194962 12.168690 11.437574 -0.227251 -2.622273 
7.203191 12.749230 5.235459 7.400083 0.551183 -7.194962 -1.000000 7.511302 -1.227251 -3.753661 
2.776429 6.470062 5.941363 7.400083 2.057303 -10.194962 8.168690 5.511302 -1.227251 -10.429079 
4.790135 6.470062 6.941363 7.400083 0.551183 -7.411651 7.168690 7.511302 -2.227251 -11.429079 
7.203191 12.749230 5.941363 9.001504 0.551183 -7.194962 -1.000000 5.437574 -1.227251 -1.976246 
4.203191 10.470062 7.941363 8.400083 0.551183 -9.194962 0.000000 11.437574 -7.641056 -9.429079 
3.776429 10.749230 5.941363 7.400083 -0.942697 -7.194962 10.168690 4.511302 -0.227251 -3.976246 
6.203191 11.749230 5.157801 7.400083 5.041649 -9.194962 -1.000000 8.437574 -7.641056 -5.976246 
7.203191 6.470062 6.941363 7.400083 2.057303 -9.194962 8.168690 8.511302 -1.227251 -2.622273 
6.203191 7.948229 6.941363 10.001504 0.551183 -12.194962 -1.000000 -6.028012 1.772749 -4.976246 
7.203191 8.948229 5.157801 9.187003 -0.448817 -8.411651 9.168690 4.511302 -7.641056 0.103152 
2.776429 9.749230 5.235459 7.400083 1.551183 -9.194962 8.168690 8.437574 -7.641056 -1.976246 
3.203191 8.190264 6.235459 7.187003 4.041649 -6.411651 8.168690 4.511302 0.772749 -4.896848 
4.203191 10.470062 6.235459 7.187003 1.057303 -5.411651 -1.000000 -6.028012 -6.641056 -7.753661 
4.203191 7.190264 6.157801 9.400083 0.057303 -8.194962 8.168690 -4.828388 0.772749 -2.896848 
2.776429 7.470062 6.235459 8.187003 0.551183 -7.194962 8.168690 5.437574 -7.641056 -12.429079 
7.203191 7.470062 8.157801 7.400083 0.551183 -5.411651 8.168690 -7.028012 -0.227251 -12.429079 
3.203191 10.749230 6.941363 7.400083 2.551183 -4.411651 -1.000000 -6.028012 -1.227251 -3.622273 
3.203191 8.470062 5.941363 7.400083 1.057303 -7.194962 8.168690 11.437574 -7.641056 -0.622273 
2.776429 8.190264 5.157801 7.001504 1.551183 -6.194962 -1.000000 7.511302 -1.227251 -4.976246 
4.790135 10.470062 5.157801 10.001504 0.551183 -8.194962 8.168690 7.511302 -1.227251 -3.976246 
5.790135 8.190264 6.941363 7.400083 -0.448817 -9.194962 6.168690 5.437574 -1.227251 -2.896848 
3.203191 6.470062 6.157801 6.400083 0.551183 -7.194962 8.168690 -5.028012 1.772749 -11.429079 
7.203191 6.948229 5.941363 9.187003 -0.448817 -8.194962 -1.000000 -6.028012 -3.227251 0.103152 
3.203191 6.470062 5.941363 7.400083 4.041649 -7.411651 7.168690 7.511302 -1.227251 -2.896848 
4.790135 9.749230 5.157801 9.187003 -0.448817 -4.411651 -1.000000 -5.028012 1.772749 -2.896848 
4.203191 6.470062 6.235459 9.187003 0.551183 -6.194962 7.168690 6.511302 -1.227251 -4.976246 
7.203191 9.749230 6.941363 7.187003 0.551183 -7.194962 7.168690 11.437574 -0.227251 -1.896848 
4.790135 6.948229 7.235459 7.400083 1.551183 -4.411651 11.168690 5.437574 -1.227251 -2.896848 
4.203191 6.470062 4.941363 7.001504 2.057303 -9.194962 8.168690 10.437574 -7.641056 -11.429079 
3.203191 9.749230 8.157801 8.187003 2.551183 -10.194962 8.168690 5.437574 -6.641056 -3.622273 
7.203191 12.749230 6.941363 9.400083 5.041649 -7.194962 8.168690 4.511302 -7.641056 -2.622273 
4.203191 11.749230 6.157801 7.187003 1.551183 -7.194962 -1.000000 4.511302 -0.227251 -2.896848 
4.203191 9.749230 5.235459 7.001504 -0.448817 -6.194962 0.000000 5.511302 -7.641056 -4.976246 
4.790135 8.190264 3.941363 9.187003 -0.448817 -9.194962 8.168690 6.437574 -0.227251 -3.622273 
7.203191 8.190264 6.157801 9.187003 0.551183 -7.411651 -1.000000 -6.028012 -7.641056 -4.976246 
7.203191 8.948229 7.941363 7.400083 0.057303 -8.194962 10.168690 5.511302 0.772749 -11.429079 
4.203191 12.749230 5.235459 9.400083 2.057303 -8.194962 -1.000000 5.437574 2.772749 -11.429079 
6.203191 6.470062 5.157801 7.400083 0.551183 -9.194962 8.168690 -7.028012 -0.227251 -2.976246 
9.203191 6.948229 5.235459 8.187003 0.057303 -9.194962 10.168690 -3.828388 2.772749 -2.896848 
7.203191 12.749230 5.941363 10.187003 2.057303 -7.194962 -2.000000 4.511302 1.772749 -3.896848 
7.203191 6.470062 6.235459 9.400083 3.057303 -8.411651 -1.000000 5.437574 -0.227251 -2.622273 
6.203191 12.749230 5.235459 8.400083 0.057303 -7.194962 10.168690 4.511302 -1.227251 -12.429079 
6.203191 6.190264 6.235459 8.187003 0.057303 -7.194962 8.168690 5.511302 -7.641056 -5.976246 
6.790135 10.470062 6.235459 7.400083 0.057303 -8.411651 -1.000000 5.437574 -7.641056 -3.896848 
6.790135 11.749230 6.235459 7.400083 5.041649 -9.194962 0.000000 6.437574 -7.641056 -1.896848 
4.203191 12.749230 7.235459 7.001504 0.057303 -6.194962 11.168690 5.437574 1.772749 -3.753661 
5.203191 8.190264 5.235459 7.400083 0.551183 -7.411651 10.168690 5.437574 0.772749 -4.976246 
5.790135 7.948229 7.235459 7.400083 0.551183 -7.194962 7.168690 4.511302 2.772749 -3.622273 
2.203191 12.749230 6.235459 8.187003 2.551183 -7.194962 8.168690 -6.028012 -1.227251 -11.429079 
7.203191 6.470062 4.235459 9.187003 0.057303 -7.194962 -1.000000 4.511302 1.772749 -4.976246 
7.203191 9.470062 5.157801 7.400083 1.551183 -5.411651 -1.000000 10.437574 -0.227251 0.103152 
4.790135 6.470062 6.235459 9.187003 2.551183 -7.194962 -2.000000 7.437574 -1.227251 -3.753661 
4.790135 7.948229 6.157801 10.001504 4.041649 -8.194962 8.168690 11.437574 -7.641056 -1.976246 
4.203191 7.948229 6.235459 8.400083 4.041649 -9.194962 8.168690 5.437574 1.772749 -2.622273 
4.203191 9.749230 6.157801 8.400083 0.057303 -9.194962 -1.000000 5.437574 -0.227251 -2.896848 
5.203191 7.190264 5.157801 7.400083 4.041649 -7.194962 -2.000000 7.511302 -1.227251 -11.429079 
4.203191 11.749230 7.941363 7.400083 0.057303 -8.194962 10.168690 10.437574 -0.227251 -11.429079 
271010
