6.315806 9.749230 5.309895 3.401275 0.465184 -1.650969 -7.835989 0.529007 -0.513879 -6.765143 
1.761358 3.151564 8.336207 6.629401 -9.298146 6.065910 9.752350 7.754630 -1.032878 -9.582390 
1.234019 0.161461 3.670432 8.949235 9.598819 7.355762 8.288050 -2.737471 -0.660560 -2.032093 
3.391381 8.948229 2.881930 6.595031 -4.640863 1.012197 -7.999660 9.709853 -1.748972 -4.976246 
5.771073 4.431165 4.588866 5.076237 2.616027 7.561621 8.157320 0.076666 -9.262452 -4.031851 
3.318195 8.895616 8.625625 0.885772 4.334921 -2.977341 -0.176143 -0.427559 -2.010333 -7.666711 
4.415856 7.296820 7.660274 6.228745 3.041649 0.986780 4.817227 3.127017 -2.887511 -0.390388 
1.247704 0.158105 7.265710 4.794710 -0.627406 -4.818785 -9.327353 -4.828388 -9.641056 -7.228976 
7.401553 7.900254 9.574440 7.607373 4.240966 -2.080388 -5.076425 0.529116 -1.426434 -4.071241 
5.341926 1.756946 8.996089 7.270527 1.506356 -2.682116 1.674192 -1.862037 -7.375113 -3.531373 
1.793376 1.269548 7.297078 1.991778 1.635186 2.572786 0.817806 4.872318 -9.525182 -9.730354 
8.067939 7.843514 5.941363 6.490497 1.571661 -5.085795 3.050357 7.356477 -5.157807 -7.267674 
7.790135 8.793463 1.736609 7.187003 -6.069942 2.486944 -1.924373 -2.945321 -3.996513 -9.395223 
5.520925 0.185976 5.691442 6.059724 1.551183 -9.274958 -4.211893 -9.287761 -5.301433 -1.190511 
8.914823 1.434400 7.956861 0.968314 -1.104633 -5.567195 -7.853470 6.728201 -5.438077 -7.759915 
0.890665 9.399044 9.735972 2.476179 4.271678 -5.907699 9.295737 -6.544049 -2.088309 -8.203435 
5.139467 9.013989 8.120544 1.990562 0.766199 -2.495386 0.049517 -7.770581 -4.923643 -1.674036 
5.515895 5.645065 6.611652 2.033054 9.063093 3.395921 -4.748428 -6.821813 -7.897939 -0.656879 
0.171297 8.983230 1.140801 3.441687 -1.129122 2.853906 5.605694 -5.103330 -9.168733 -8.895522 
7.030455 0.853793 9.690691 1.441441 2.587199 3.049727 -3.246688 -7.079762 -0.222419 -8.190770 
2.266840 8.783790 9.163980 9.005822 -8.283683 -3.859794 8.440096 -7.307852 -3.469767 -6.373254 
5.274396 6.780476 9.466950 1.024252 -0.798600 -2.075283 0.714044 0.932161 -8.412640 -1.233295 
7.982769 6.402924 3.951314 9.742622 -1.495857 -0.870824 4.067054 -5.028012 -2.102007 -8.429079 
7.530426 3.871191 3.110292 4.672656 -3.357621 8.464638 5.173740 -4.951146 -8.047950 -1.896848 
0.331451 0.703435 2.632521 4.774202 -9.958358 9.877141 5.104352 8.852058 -3.272662 -3.622273 
9.548083 4.634090 5.157801 7.163035 8.259814 2.700611 9.168690 -1.821922 -4.480708 -7.256953 
7.616549 1.334394 7.152494 1.972447 -8.151939 -9.641404 -3.075352 -7.444674 -3.684006 -7.095256 
9.969304 4.088869 1.620718 9.403032 3.527318 3.633370 6.041854 5.433975 -9.409927 -2.645813 
8.176739 6.452699 0.519829 6.770411 -9.394252 -9.194962 0.270847 -7.877236 -8.644236 -3.668498 
6.439671 1.558131 7.510281 5.293535 6.884280 4.088862 1.506061 -7.625564 -3.572844 -8.796126 
6.490449 4.982454 0.103150 3.638855 6.484394 3.201774 -7.785606 7.320561 -3.330277 -1.960550 
0.961235 5.476775 8.152879 5.445035 -0.599612 2.319352 1.340755 -5.926701 -9.967161 -8.074892 
4.704042 0.840313 3.143597 4.441664 -7.900129 2.540245 -6.097017 7.437574 -6.652920 -5.622881 
3.753794 0.014434 2.587629 0.273465 2.263537 3.265249 -0.966795 -8.916658 -3.862661 -9.748347 
0.461629 8.594232 3.259270 8.557729 9.503029 -2.586780 3.995102 5.671307 -3.827241 -4.442456 
4.359772 4.694150 4.586629 7.479141 -6.144895 2.747035 9.419826 -0.986943 -1.227251 -6.400018 
5.104831 6.891618 7.422815 5.255718 -4.284633 8.170280 -2.099668 -9.124740 -5.251570 -3.140543 
3.099117 6.852159 4.235459 5.356047 8.175831 -8.802460 -2.936819 0.876389 -9.732864 -0.251678 
9.944716 0.847728 7.769058 4.557120 -6.953096 -0.691312 1.117846 7.640893 -5.242150 -4.812701 
7.068091 3.403887 9.134141 7.504837 -2.398922 1.321041 2.732217 0.366599 -5.713337 -4.048954 
0.766963 0.347608 2.244482 3.007088 -9.745456 8.113984 -8.266075 -7.930215 -3.435037 -2.675121 
0.758402 6.470062 2.323972 9.001504 6.567064 -7.355499 -3.874291 4.788472 -4.928193 -8.132107 
6.314224 3.163132 2.758950 9.677832 0.641899 8.393397 7.831281 0.347339 -3.859325 -3.667480 
9.340776 0.429352 6.114456 5.658311 8.474373 8.786650 -2.767165 -7.737803 -0.371301 -0.450932 
8.821591 4.481087 3.634270 1.183217 2.662368 6.424984 4.711705 9.634020 -4.484820 -6.376864 
5.953959 8.190264 3.763099 6.400083 2.402297 -4.590038 -4.767303 -4.067604 -2.892300 -0.887961 
3.960005 5.807169 1.092100 4.921406 -1.859737 3.395116 1.722284 6.434580 -7.993753 -1.001853 
8.137312 3.800119 8.597222 3.512309 -7.239963 -2.061449 -6.765621 -9.797396 -2.581474 -6.837508 
8.000820 9.788685 8.432058 7.591171 -0.379948 -5.789427 -2.901013 2.667835 -4.150932 -4.710917 
6.376698 3.164171 0.230302 0.689949 1.948116 1.983401 -4.973155 -3.815095 -4.849223 -0.895476 
0.258274 0.809463 4.647182 5.184825 -7.306225 4.271407 9.533284 5.903388 -4.121833 -5.650885 
4.417867 1.086857 6.799071 1.983109 -9.761203 3.460455 -0.125565 9.624460 -4.148001 -5.450731 
0.438213 5.037584 6.675459 4.437936 6.781229 -7.877107 9.466080 -3.588832 -6.252095 -8.964484 
6.088350 6.895537 3.289148 0.703842 8.938021 1.325803 2.763730 -9.996384 -0.389401 -4.654471 
7.685817 5.529752 8.544510 7.572553 -6.214940 5.504728 -2.041913 1.560587 -9.391789 -7.801921 
6.890687 1.776573 8.855796 9.365711 9.001805 -6.655703 -2.397803 0.132345 -7.164521 -4.103460 
6.855381 8.387203 3.727500 8.096928 0.145134 -0.730683 -0.594631 6.037397 -0.268750 -6.878197 
1.851748 2.333501 9.153751 7.088352 -2.145642 -1.807150 7.232319 -6.417012 -9.640842 -3.633855 
4.203191 3.039451 4.049839 5.649195 2.057303 -2.910196 8.330894 -2.664854 -0.897754 -8.556925 
6.237253 9.515556 7.951397 9.133853 -4.655265 -1.044256 9.196556 6.511302 -2.724887 -7.174147 
5.880226 8.958886 1.988860 6.768954 1.628642 -7.411651 -7.611237 -2.056808 -0.613718 -4.753661 
4.776429 7.436345 2.642346 9.915994 6.223431 -2.790884 -6.391296 1.489640 -3.186023 -7.485184 
3.490659 7.511763 0.200251 5.614505 -4.044324 7.038730 -0.057538 -7.045986 -4.053213 -2.354058 
4.657352 6.122121 4.485280 4.098830 8.056017 -2.525079 1.004525 3.045097 -4.471931 -9.746015 
