93.280373 87.363415 56.246423 76.901300 42.538864 -80.088871 12.642883 -76.890681 -64.104317 -65.688758 -14.548113 
65.616505 89.804577 46.704471 65.199436 19.933236 -91.157116 21.604655 65.520312 -99.220353 -28.194536 -52.393544 
93.280373 99.046985 47.704471 76.901300 46.315059 -51.830160 13.642883 65.520312 -16.327704 -66.688758 -53.393544 
92.584186 89.129224 63.989996 66.199436 18.933236 -51.830160 22.604655 79.461307 -38.050910 -65.688758 -54.841260 
68.751363 97.046985 53.619854 70.481538 19.933236 -75.322694 43.316176 66.520312 -100.220353 -66.688758 -74.914200 
13.283115 89.129224 47.212688 63.659805 19.933236 -51.830160 13.642883 65.520312 -38.050910 -66.688758 -55.841260 
82.461522 97.046985 53.619854 65.199436 19.933236 -50.830160 5.695878 94.418900 -16.327704 -65.688758 -14.548113 
13.283115 83.343031 52.381967 64.199436 47.315059 -91.157116 5.695878 66.520312 -80.794782 -49.001120 -40.387249 
82.461522 87.363415 63.989996 74.253283 19.933236 -51.830160 13.642883 -76.890681 -100.220353 -65.688758 -76.914200 
82.461522 87.363415 53.619854 79.398832 42.538864 -85.317114 42.316176 -10.724301 -100.220353 -64.688899 -22.094693 
69.049272 99.046985 48.825141 66.199436 42.538864 -51.830160 29.210587 -76.890681 -16.327704 -66.688758 -76.914200 
82.461522 87.363415 52.381967 79.398832 19.933236 -30.686823 13.642883 -10.724301 -39.050910 -64.688758 -55.841260 
82.461522 97.046985 39.911661 76.901300 0.557536 -80.088871 42.316176 -76.890681 -64.104317 -63.688899 -22.094693 
67.751363 89.129224 47.212688 74.253283 19.933236 -29.970056 5.695878 -17.314521 -37.050910 -65.688758 -43.537342 
69.049272 89.129224 52.381967 65.199436 -6.928579 -91.157116 -47.924930 65.520312 -80.794782 -20.116954 -22.094693 
67.049272 57.173916 56.246423 78.398832 -78.222561 -84.317114 45.019020 -47.056100 -100.220353 -65.688758 -41.179110 
13.283115 99.046985 57.246423 78.398832 19.933236 -80.088871 12.642883 -76.890681 -63.104317 -66.688758 -41.179110 
67.751363 99.046985 47.212688 63.659805 19.933236 -91.157116 -47.924930 65.520312 -99.220353 -66.688758 -76.914200 
82.461522 99.046985 52.619854 71.481538 -78.222561 -75.322694 77.102820 -74.890681 -99.220353 -98.736426 -14.548113 
65.616505 97.046985 56.246423 77.398832 -6.928579 -29.970056 13.642883 79.461307 -99.220353 -78.853121 -41.179110 
67.751363 99.046985 52.619854 76.901300 0.557536 -85.317114 77.102820 -11.724301 -82.794782 -49.001120 -59.757747 
13.283115 87.363415 47.212688 76.901300 -2.442464 -84.317114 5.695878 -16.314521 -7.167056 -66.688758 -59.757747 
14.283115 52.671256 63.989996 78.398832 19.933236 -51.830160 77.102820 -75.890681 -100.220353 -64.688899 -40.387249 
68.751363 53.671256 35.985604 76.901300 45.315059 -51.830160 42.316176 65.520312 -80.794782 -10.858068 -22.094693 
93.280373 97.046985 63.989996 66.199436 46.315059 -75.322694 77.102820 79.461307 -64.104317 -10.858068 -76.914200 
67.049272 89.129224 55.246423 63.659805 -18.888994 -75.322694 13.642883 65.520312 -64.104317 -49.001120 -55.841260 
92.584186 97.046985 63.989996 78.398832 -5.928579 -91.157116 5.695878 65.520312 -38.050910 -49.001120 -41.179110 
82.461522 97.046985 52.381967 93.560449 19.933236 -80.088871 12.642883 65.520312 -80.794782 -10.858068 -55.841260 
93.280373 99.046985 63.989996 76.901300 47.315059 -84.317114 77.102820 -75.890681 -63.104317 -49.001120 -52.393544 
13.283115 97.046985 48.704471 93.560449 -2.442464 -80.088871 45.019020 97.906906 -63.104317 -64.688899 -41.179110 
92.584186 88.129224 52.619854 79.398832 -78.222561 -84.317114 77.102820 79.461307 -16.327704 -10.858068 -14.548113 
68.751363 90.804577 63.989996 99.721008 42.538864 -51.830160 69.906606 -16.314521 -80.794782 -20.116954 -86.635194 
92.584186 87.363415 63.989996 79.398832 19.933236 -91.157116 28.210587 65.520312 -38.050910 -49.001120 -59.757747 
82.461522 99.046985 38.911661 79.398832 20.933236 -51.830160 5.695878 65.520312 -63.104317 -10.858068 -41.179110 
82.461522 87.363415 56.246423 78.398832 46.315059 -91.157116 -43.035599 65.520312 -99.220353 -49.001120 -44.537342 
67.751363 87.363415 53.619854 65.199436 19.933236 -51.830160 77.102820 65.520312 -99.220353 -78.853121 -85.635194 
92.584186 90.804577 56.246423 78.398832 47.315059 -91.157116 42.316176 65.520312 -99.220353 -65.688758 -41.179110 
66.049272 87.363415 63.989996 78.398832 -6.928579 -85.317114 13.642883 -47.056100 -63.104317 -10.858068 -14.548113 
65.616505 90.804577 63.989996 70.481538 -55.624074 -51.830160 13.642883 65.520312 -64.104317 -98.736426 -54.841260 
68.751363 89.129224 47.212688 78.398832 45.315059 -51.830160 69.906606 64.520312 -32.817080 -49.001120 -76.914200 
13.283115 87.363415 38.911661 66.199436 -78.222561 -51.830160 13.642883 65.520312 -64.104317 -49.001120 -41.179110 
13.283115 89.129224 63.989996 98.721008 0.557536 -50.830160 45.019020 -30.680556 -63.104317 -77.853121 -41.179110 
82.461522 89.129224 48.704471 78.398832 19.933236 -51.830160 12.642883 -16.314521 -64.104317 -98.736426 -59.757747 
12.283115 99.046985 63.257551 76.901300 -2.442464 -80.088871 12.642883 -75.890681 -100.220353 -49.001120 -59.757747 
67.751363 87.363415 53.619854 98.721008 -6.928579 -51.830160 77.102820 -88.894589 -80.794782 -9.858068 -76.914200 
13.283115 53.671256 63.989996 65.199436 45.315059 -91.157116 -47.924930 -11.724301 -63.104317 -66.688758 -75.914200 
82.461522 89.129224 63.257551 79.398832 42.538864 -91.157116 14.642883 66.520312 -99.220353 -78.853121 -85.635194 
92.584186 99.046985 56.246423 65.199436 19.933236 -91.157116 44.019020 65.520312 -16.327704 -77.853121 -14.548113 
93.280373 87.363415 47.212688 66.199436 46.315059 -80.088871 13.642883 65.520312 -16.327704 -9.858068 -41.179110 
69.049272 87.363415 47.212688 77.398832 46.315059 -91.157116 12.642883 -16.314521 -63.104317 -65.688758 -53.841260 
65.616505 99.046985 64.257551 66.199436 45.315059 -51.830160 13.642883 97.906906 -80.794782 -64.688899 -43.537342 
82.461522 97.046985 56.246423 79.398832 -6.928579 -75.322694 13.642883 -11.724301 -100.220353 -78.853121 -54.841260 
93.280373 97.046985 47.212688 63.659805 -7.928579 -91.157116 28.210587 -75.890681 -64.104317 -49.001120 -58.757747 
93.280373 99.046985 63.989996 65.199436 42.538864 -80.088871 -10.955241 -30.680556 -38.050910 -78.853121 -59.757747 
67.751363 99.046985 38.911661 66.199436 19.933236 -51.830160 41.316176 -17.314521 -63.104317 -10.858068 -54.841260 
66.751363 87.363415 53.619854 79.398832 19.933236 -75.322694 5.695878 -17.314521 -80.794782 -10.858068 -75.914200 
65.751363 57.173916 56.246423 65.199436 -6.928579 -80.088871 13.642883 -16.314521 -63.104317 -64.688758 -41.179110 
92.584186 99.081123 53.619854 93.560449 0.557536 -51.830160 42.316176 -74.890681 -7.167056 -65.688758 -40.387249 
82.461522 99.046985 52.381967 63.659805 19.933236 -80.088871 45.019020 65.520312 -16.327704 -49.001120 -51.812096 
82.461522 99.046985 47.212688 79.398832 43.538864 -80.088871 45.019020 65.520312 -80.794782 -49.001120 -14.548113 
13.283115 89.129224 56.246423 63.659805 19.933236 -84.317114 13.642883 -10.724301 -99.220353 -65.688758 -40.387249 
82.461522 88.804577 56.246423 78.398832 -7.928579 -51.830160 41.316176 -76.890681 -16.327704 -64.688758 -41.179110 
13.283115 87.363415 63.989996 74.253283 -2.442464 -80.088871 21.604655 65.520312 -100.220353 -10.858068 -53.900430 
67.049272 83.343031 63.989996 79.398832 -2.442464 -50.830160 21.604655 -10.724301 -64.104317 -66.688758 -40.387249 
68.751363 100.046985 56.246423 78.398832 19.933236 -51.830160 5.695878 79.461307 -99.220353 -49.001120 -14.548113 
92.584186 99.046985 64.257551 76.901300 -2.442464 -51.830160 29.210587 65.520312 -38.050910 -66.688758 -14.548113 
92.584186 96.046985 38.911661 63.659805 19.933236 -51.830160 5.695878 -18.314521 -80.794782 -65.688758 -41.179110 
82.461522 88.129224 64.989996 66.199436 -6.928579 -51.830160 13.642883 -47.056100 -64.104317 -77.853121 -44.537342 
82.461522 90.804577 38.911661 65.199436 -2.442464 -84.317114 -47.924930 -17.314521 -63.104317 -65.688758 -22.094693 
67.751363 89.129224 64.257551 67.199436 -6.928579 -81.088871 28.210587 -76.890681 -39.050910 -98.736426 -40.387249 
68.751363 97.046985 47.212688 76.901300 19.933236 -52.830160 13.642883 -17.314521 -38.050910 -49.001120 -59.757747 
69.049272 88.129224 56.246423 79.398832 19.933236 -80.088871 28.210587 66.520312 -64.104317 -64.688899 -54.841260 
67.751363 88.363415 63.989996 76.901300 -52.085757 -31.686823 -46.924930 -47.056100 -100.220353 -66.688758 -41.179110 
68.751363 87.363415 47.212688 76.901300 -6.928579 -80.088871 5.695878 -47.056100 -100.220353 -28.194536 -44.537342 
13.283115 87.363415 63.989996 70.481538 19.933236 -74.322694 13.642883 -29.680556 -81.794782 -49.001120 -85.635194 
82.461522 53.671256 56.246423 79.398832 -2.442464 -92.157116 77.102820 -17.314521 -100.220353 -78.853121 -75.914200 
68.751363 89.129224 56.246423 65.199436 -55.624074 -51.830160 45.019020 -10.724301 -80.794782 -98.736426 -52.393544 
93.280373 90.129224 48.212688 65.199436 19.933236 -84.317114 -10.955241 -76.890681 -79.794782 -49.001120 -59.757747 
67.049272 87.363415 63.989996 66.199436 20.933236 -84.317114 42.316176 -16.314521 -16.327704 -64.688899 -53.900430 
69.049272 89.804577 38.911661 65.199436 45.315059 -80.088871 13.642883 65.520312 -79.794782 -98.736426 -41.179110 
67.751363 89.129224 63.257551 78.398832 19.933236 -85.317114 21.604655 65.520312 -37.050910 -98.736426 -59.757747 
13.283115 89.804577 47.212688 79.398832 42.538864 -32.686823 42.316176 -74.890681 -16.327704 -66.688758 -59.757747 
93.280373 89.129224 47.212688 74.253283 19.933236 -50.830160 -43.035599 -76.890681 -80.794782 -65.688758 -75.914200 
82.461522 97.046985 63.989996 76.901300 -7.928579 -91.157116 42.316176 -46.056100 -63.104317 -65.688758 -55.841260 
93.280373 88.129224 56.246423 93.560449 19.933236 -91.157116 13.642883 -30.680556 -38.050910 -49.001120 -41.179110 
69.049272 97.046985 48.212688 78.398832 -2.442464 -51.830160 21.604655 -88.894589 -7.167056 -49.001120 -41.179110 
68.751363 97.046985 38.911661 63.659805 19.933236 -51.830160 42.316176 65.520312 -7.167056 -65.688758 -41.179110 
82.461522 53.671256 47.212688 65.199436 -6.928579 -80.088871 42.316176 -17.314521 -38.050910 -10.858068 -85.635194 
93.280373 88.129224 38.911661 76.901300 -5.928579 -50.830160 13.642883 -29.680556 -80.794782 -77.853121 -41.179110 
93.280373 86.363415 47.212688 79.398832 -52.085757 -31.686823 21.604655 -17.314521 -100.220353 -28.194536 -52.900430 
13.283115 53.671256 47.212688 79.398832 46.315059 -75.322694 45.019020 -76.890681 -7.167056 -65.688758 -53.900430 
92.584186 99.046985 56.246423 76.901300 19.933236 -31.686823 -47.924930 -16.314521 -99.220353 -49.001120 -85.635194 
66.049272 97.046985 47.212688 70.481538 19.933236 -50.830160 5.695878 65.520312 -100.220353 -64.688758 -53.900430 
66.049272 89.129224 53.619854 78.398832 19.933236 -51.830160 -43.035599 -17.314521 -37.050910 -64.688899 -75.914200 
13.283115 90.804577 62.989996 76.901300 19.933236 -80.088871 42.316176 -76.890681 -80.794782 -49.001120 -41.179110 
66.049272 57.173916 47.212688 65.199436 19.933236 -51.830160 42.316176 65.520312 -99.220353 -66.688758 -14.548113 
82.461522 89.129224 27.831118 77.398832 19.933236 -52.830160 42.316176 65.520312 -16.754118 -78.853121 -44.537342 
92.584186 97.046985 56.246423 63.659805 19.933236 -51.830160 28.210587 65.520312 -80.794782 -64.688899 -14.548113 
13.283115 89.129224 63.989996 66.199436 19.933236 -84.317114 41.316176 79.461307 -101.220353 -28.194536 -43.537342 
92.584186 89.129224 38.911661 63.659805 19.933236 -84.317114 -46.924930 79.461307 -7.167056 -65.688758 -53.900430 
77570 400 40910
