92.584186 88.129224 64.989996 79.398832 47.315059 -51.830160 44.019020 94.418900 -64.104317 -49.001120 -15.548113 
12.283115 100.046985 63.989996 76.901300 -2.442464 -53.830160 43.019020 65.520312 -64.104317 -28.194536 -52.841260 
93.584186 87.129224 64.989996 78.398832 -2.442464 -51.830160 13.642883 66.520312 -6.167056 -49.001120 -43.537342 
67.049272 87.363415 66.989996 78.398832 -2.442464 -51.830160 13.642883 -74.890681 -81.794782 -69.688758 -44.537342 
13.283115 92.129224 64.989996 78.398832 -6.928579 -50.830160 43.019020 64.520312 -66.104317 -49.001120 -45.537342 
12.283115 88.129224 62.989996 65.199436 -2.442464 -51.830160 4.695878 -74.890681 -65.104317 -49.001120 -52.841260 
66.049272 88.129224 63.989996 78.398832 -3.442464 -91.157116 44.019020 63.520312 -80.794782 -28.194536 -41.179110 
66.049272 87.129224 64.989996 79.398832 48.315059 -51.830160 45.019020 66.520312 -65.104317 -65.688758 -41.179110 
80.461522 87.363415 63.989996 79.398832 -1.442464 -50.830160 45.019020 -74.890681 -80.794782 -49.001120 -44.537342 
12.283115 87.363415 64.989996 79.398832 -2.442464 -53.830160 42.316176 -9.724301 -79.794782 -66.688758 -45.537342 
82.461522 88.363415 53.381967 79.398832 -2.442464 -52.830160 13.642883 -14.724301 -79.794782 -28.194536 -44.537342 
67.751363 100.046985 64.989996 78.398832 -2.442464 -52.830160 13.642883 -74.890681 -5.167056 -49.001120 -51.393544 
92.584186 86.129224 65.989996 79.398832 -5.928579 -91.157116 45.019020 64.520312 -80.794782 -50.001120 -52.841260 
67.049272 86.129224 65.989996 78.398832 18.933236 -51.830160 44.019020 -11.724301 -80.794782 -68.688758 -41.179110 
14.283115 87.363415 64.989996 79.398832 1.557536 -51.830160 12.642883 -74.890681 -66.104317 -50.001120 -52.841260 
12.283115 88.129224 64.989996 78.398832 47.315059 -53.830160 13.642883 -12.724301 -64.104317 -50.001120 -44.537342 
13.283115 87.129224 63.989996 79.398832 1.557536 -51.830160 44.019020 65.520312 -79.794782 -50.001120 -51.393544 
67.751363 88.129224 63.989996 79.398832 -5.928579 -51.830160 12.642883 -75.890681 -65.104317 -47.001120 -52.393544 
13.283115 87.129224 64.989996 79.398832 -3.442464 -51.830160 42.316176 65.520312 -79.794782 -50.001120 -41.179110 
67.049272 87.129224 64.989996 76.901300 46.315059 -51.830160 45.019020 -11.724301 -80.794782 -48.001120 -38.387249 
67.049272 90.129224 54.381967 79.398832 -6.928579 -51.830160 45.019020 -7.724301 -79.794782 -48.001120 -37.387249 
92.584186 87.363415 57.246423 78.398832 -0.442464 -51.830160 45.019020 64.520312 -64.104317 -48.001120 -53.841260 
14.283115 87.363415 53.381967 78.398832 -5.928579 -51.830160 12.642883 -9.724301 -80.794782 -50.001120 -37.387249 
80.461522 87.129224 52.381967 79.398832 -1.442464 -51.830160 13.642883 65.520312 -65.104317 -28.194536 -45.537342 
92.584186 89.129224 63.989996 78.398832 -2.442464 -51.830160 5.695878 64.520312 -64.104317 -50.001120 -38.387249 
67.049272 88.129224 62.989996 77.398832 -6.928579 -52.830160 44.019020 65.520312 -65.104317 -66.688758 -44.537342 
80.461522 88.129224 53.381967 78.398832 -2.442464 -52.830160 44.019020 94.418900 -66.104317 -48.001120 -39.179110 
13.283115 89.129224 63.989996 65.199436 20.933236 -49.830160 11.642883 64.520312 -65.104317 -65.688758 -41.179110 
11.283115 87.129224 63.989996 79.398832 -3.442464 -50.830160 44.019020 64.520312 -64.104317 -48.001120 -43.537342 
11.283115 89.129224 63.989996 78.398832 -2.442464 -51.830160 4.695878 64.520312 -80.794782 -28.194536 -44.537342 
82.461522 86.129224 53.381967 78.398832 -3.442464 -53.830160 5.695878 65.520312 -5.167056 -49.001120 -41.179110 
12.283115 87.129224 63.989996 80.398832 -2.442464 -51.830160 44.019020 -74.890681 -6.167056 -68.688758 -38.387249 
14.283115 100.046985 56.246423 79.398832 -2.442464 -52.830160 12.642883 -74.890681 -64.104317 -67.688758 -52.393544 
14.283115 87.363415 65.989996 79.398832 -2.442464 -51.830160 44.019020 -74.890681 -65.104317 -67.688758 -38.387249 
11.283115 87.129224 64.989996 76.901300 -0.442464 -51.830160 11.642883 65.520312 -5.167056 -67.688758 -51.393544 
13.283115 88.129224 64.989996 79.398832 -1.442464 -52.830160 14.642883 -74.890681 -64.104317 -50.001120 -43.537342 
13.283115 87.129224 57.246423 78.398832 -6.928579 -51.830160 44.019020 -9.724301 -65.104317 -28.194536 -52.841260 
13.283115 100.046985 64.989996 65.199436 -2.442464 -51.830160 44.019020 -13.724301 -64.104317 -47.001120 -41.179110 
13.283115 88.363415 63.989996 78.398832 47.315059 -51.830160 44.019020 64.520312 -5.167056 -49.001120 -41.179110 
80.461522 86.129224 62.989996 79.398832 46.315059 -52.830160 12.642883 64.520312 -79.794782 -49.001120 -44.537342 
93.584186 87.363415 63.989996 78.398832 1.557536 -52.830160 42.316176 65.520312 -64.104317 -28.194536 -39.387249 
65.049272 88.129224 63.989996 78.398832 -2.442464 -51.830160 46.019020 -74.890681 -65.104317 -28.194536 -53.841260 
93.584186 88.129224 53.381967 78.398832 18.933236 -53.830160 12.642883 -74.890681 -64.104317 -49.001120 -43.537342 
93.584186 87.363415 62.989996 78.398832 -2.442464 -51.830160 45.316176 -74.890681 -80.794782 -65.688758 -39.387249 
93.584186 88.129224 53.381967 80.398832 -5.928579 -52.830160 45.019020 -74.890681 -65.104317 -48.001120 -41.179110 
92.584186 88.129224 64.989996 79.398832 -1.442464 -89.157116 44.019020 64.520312 -80.794782 -49.001120 -44.537342 
67.049272 86.129224 63.989996 76.901300 -5.928579 -51.830160 5.695878 -7.724301 -64.104317 -49.001120 -52.841260 
92.584186 87.129224 64.989996 79.398832 1.557536 -51.830160 13.642883 -75.890681 -80.794782 -49.001120 -52.841260 
92.584186 86.129224 64.989996 74.253283 -3.442464 -50.830160 44.019020 -75.890681 -64.104317 -28.194536 -45.537342 
14.283115 87.129224 64.989996 79.398832 -6.928579 -51.830160 45.316176 -76.890681 -64.104317 -68.688758 -44.537342 
13.283115 98.046985 63.989996 65.199436 1.557536 -52.830160 5.695878 64.520312 -5.167056 -66.688758 -39.387249 
66.049272 87.129224 63.989996 80.398832 -2.442464 -51.830160 5.695878 -75.890681 -64.104317 -46.001120 -38.387249 
67.751363 88.363415 62.989996 79.398832 -6.928579 -53.830160 44.019020 -74.890681 -80.794782 -49.001120 -53.393544 
13.283115 87.129224 63.989996 78.398832 -1.442464 -91.157116 12.642883 -75.890681 -64.104317 -50.001120 -38.387249 
12.283115 85.129224 63.989996 78.398832 -2.442464 -51.830160 45.019020 -13.724301 -99.220353 -49.001120 -39.387249 
13.283115 87.129224 53.381967 80.398832 -1.442464 -91.157116 12.642883 65.520312 -65.104317 -48.001120 -45.537342 
11.283115 87.129224 63.989996 79.398832 -2.442464 -51.830160 12.642883 -75.890681 -65.104317 -67.688758 -40.179110 
13.283115 98.046985 65.989996 76.901300 18.933236 -51.830160 42.316176 65.520312 -79.794782 -28.194536 -52.393544 
14.283115 86.129224 62.989996 65.199436 -2.442464 -51.830160 42.316176 63.520312 -80.794782 -49.001120 -51.393544 
13.283115 90.129224 62.989996 79.398832 -2.442464 -52.830160 12.642883 66.520312 -63.104317 -47.001120 -41.179110 
13.283115 87.363415 65.989996 76.901300 -2.442464 -48.830160 12.642883 -7.724301 -64.104317 -66.688758 -39.179110 
12.283115 87.129224 53.381967 78.398832 -2.442464 -51.830160 44.019020 -75.890681 -64.104317 -29.194536 -37.387249 
12.283115 89.129224 63.989996 79.398832 18.933236 -51.830160 13.642883 63.520312 -65.104317 -49.001120 -43.537342 
92.584186 100.046985 53.381967 78.398832 -1.442464 -52.830160 12.642883 -75.890681 -80.794782 -48.001120 -38.387249 
93.584186 88.129224 65.989996 76.901300 -2.442464 -51.830160 44.019020 -8.724301 -80.794782 -68.688758 -39.387249 
67.751363 87.129224 56.246423 79.398832 -2.442464 -90.157116 12.642883 65.520312 -81.794782 -65.688758 -51.393544 
13.283115 87.363415 63.989996 80.398832 0.557536 -52.830160 44.019020 65.520312 -80.794782 -48.001120 -41.179110 
12.283115 87.363415 53.381967 77.398832 -2.442464 -51.830160 44.019020 -11.724301 -65.104317 -49.001120 -45.537342 
92.584186 92.129224 65.989996 78.398832 -6.928579 -51.830160 42.316176 64.520312 -80.794782 -67.688758 -41.179110 
14.283115 87.129224 63.989996 79.398832 -2.442464 -91.157116 42.316176 65.520312 -80.794782 -28.194536 -52.841260 
66.049272 87.129224 57.246423 79.398832 -5.928579 -51.830160 12.642883 -74.890681 -65.104317 -48.001120 -43.537342 
13.283115 98.046985 63.989996 65.199436 -0.442464 -50.830160 14.642883 -74.890681 -80.794782 -65.688758 -39.387249 
80.461522 88.129224 64.989996 78.398832 -2.442464 -51.830160 12.642883 -13.724301 -81.794782 -68.688758 -44.537342 
90.584186 87.129224 63.989996 76.901300 -6.928579 -51.830160 13.642883 -11.724301 -5.167056 -68.688758 -38.387249 
11.283115 87.129224 63.989996 78.398832 -1.442464 -51.830160 14.642883 64.520312 -80.794782 -67.688758 -40.387249 
13.283115 86.129224 63.989996 79.398832 -2.442464 -51.830160 44.019020 64.520312 -6.167056 -48.001120 -38.387249 
66.049272 88.129224 53.381967 74.253283 -0.442464 -53.830160 45.019020 63.520312 -65.104317 -47.001120 -53.393544 
12.283115 86.129224 62.989996 80.398832 -2.442464 -52.830160 45.019020 64.520312 -80.794782 -66.688758 -39.179110 
11.283115 88.129224 63.989996 65.199436 18.933236 -52.830160 44.019020 -73.890681 -80.794782 -29.194536 -38.387249 
79.461522 87.363415 52.381967 78.398832 1.557536 -51.830160 4.695878 -13.724301 -80.794782 -29.194536 -43.537342 
13.283115 88.363415 62.989996 79.398832 -2.442464 -52.830160 12.642883 -9.724301 -64.104317 -49.001120 -39.387249 
67.751363 88.129224 52.381967 79.398832 -2.442464 -91.157116 4.695878 -74.890681 -5.167056 -49.001120 -15.548113 
83.461522 98.046985 62.989996 78.398832 19.933236 -52.830160 5.695878 -74.890681 -5.167056 -48.001120 -41.179110 
13.283115 88.129224 64.989996 78.398832 -2.442464 -54.830160 5.695878 94.418900 -65.104317 -49.001120 -39.387249 
13.283115 87.129224 64.989996 65.199436 -1.442464 -53.830160 5.695878 64.520312 -64.104317 -66.688758 -51.393544 
92.584186 88.129224 56.246423 79.398832 -1.442464 -53.830160 14.642883 -11.724301 -80.794782 -49.001120 -40.179110 
66.049272 87.363415 62.989996 78.398832 -1.442464 -52.830160 13.642883 -74.890681 -64.104317 -47.001120 -40.179110 
80.461522 88.129224 53.381967 79.398832 1.557536 -51.830160 45.019020 95.418900 -40.050910 -47.001120 -40.179110 
66.751363 98.046985 54.381967 77.398832 1.557536 -51.830160 45.019020 65.520312 -5.167056 -49.001120 -53.393544 
12.283115 87.363415 63.989996 79.398832 -5.928579 -52.830160 44.019020 64.520312 -64.104317 -49.001120 -40.179110 
11.283115 88.129224 63.989996 76.901300 -1.442464 -52.830160 14.642883 -74.890681 -64.104317 -65.688758 -41.179110 
67.049272 87.363415 63.989996 76.901300 -1.442464 -51.830160 44.019020 94.418900 -65.104317 -49.001120 -39.387249 
83.461522 87.129224 64.989996 78.398832 -3.442464 -51.830160 12.642883 -75.890681 -5.167056 -49.001120 -38.387249 
13.283115 87.363415 63.989996 78.398832 -1.442464 -51.830160 42.316176 -12.724301 -5.167056 -28.194536 -44.537342 
11.283115 88.129224 64.989996 79.398832 -6.928579 -51.830160 14.642883 65.520312 -64.104317 -28.194536 -39.387249 
13.283115 87.363415 57.246423 78.398832 -2.442464 -54.830160 12.642883 -13.724301 -63.104317 -49.001120 -53.841260 
12.283115 87.363415 62.989996 79.398832 -0.442464 -51.830160 5.695878 -75.890681 -6.167056 -28.194536 -39.387249 
80.461522 86.129224 53.381967 79.398832 -2.442464 -51.830160 44.019020 -9.724301 -6.167056 -29.194536 -39.387249 
14.283115 98.046985 58.246423 78.398832 47.315059 -51.830160 45.019020 -75.890681 -5.167056 -67.688758 -53.393544 
68.751363 88.129224 63.989996 78.398832 -2.442464 -50.830160 44.019020 -74.890681 -64.104317 -49.001120 -41.179110 
536640 2890 114240
