14.283115 90.363415 65.989996 80.398832 -5.928579 -52.830160 11.642883 65.520312 -61.104317 -51.001120 -38.387249 
12.283115 87.129224 65.989996 76.901300 0.557536 -54.830160 11.642883 65.520312 -67.104317 -51.001120 -37.387249 
12.283115 88.129224 65.989996 76.901300 -0.442464 -52.830160 11.642883 65.520312 -67.104317 -51.001120 -36.387249 
12.283115 87.129224 62.989996 76.901300 0.557536 -54.830160 11.642883 64.520312 -66.104317 -49.001120 -36.387249 
15.283115 87.129224 63.989996 75.901300 -5.928579 -53.830160 11.642883 65.520312 -66.104317 -49.001120 -36.387249 
15.283115 86.129224 65.989996 76.901300 -8.928579 -54.830160 11.642883 65.520312 -62.104317 -49.001120 -38.387249 
13.283115 87.129224 65.989996 76.901300 -1.442464 -51.830160 11.642883 64.520312 -66.104317 -49.001120 -36.387249 
12.283115 89.363415 65.989996 76.901300 -5.928579 -51.830160 11.642883 65.520312 -61.104317 -49.001120 -36.387249 
12.283115 89.363415 64.989996 79.398832 -5.928579 -50.830160 11.642883 65.520312 -81.794782 -51.001120 -36.387249 
13.283115 90.363415 65.989996 81.398832 -1.442464 -53.830160 15.642883 64.520312 -82.794782 -49.001120 -36.387249 
15.283115 89.363415 64.989996 76.901300 -7.928579 -52.830160 11.642883 65.520312 -82.794782 -49.001120 -37.387249 
11.283115 87.129224 63.989996 76.901300 -4.928579 -54.830160 14.642883 65.520312 -63.104317 -49.001120 -36.387249 
13.283115 89.363415 62.989996 78.901300 -7.928579 -52.830160 11.642883 65.520312 -65.104317 -51.001120 -37.387249 
15.283115 90.363415 64.989996 81.398832 -5.928579 -52.830160 11.642883 64.520312 -82.794782 -49.001120 -36.387249 
14.283115 85.129224 64.989996 81.398832 -5.928579 -53.830160 11.642883 64.520312 -82.794782 -51.001120 -37.387249 
12.283115 88.363415 65.989996 81.398832 -0.442464 -52.830160 11.642883 64.520312 -63.104317 -49.001120 -37.387249 
13.283115 89.363415 64.989996 79.398832 -1.442464 -54.830160 14.642883 65.520312 -65.104317 -51.001120 -36.387249 
14.283115 89.363415 65.989996 79.398832 -2.442464 -54.830160 11.642883 65.520312 -62.104317 -49.001120 -38.387249 
14.283115 87.129224 65.989996 76.901300 -7.928579 -53.830160 15.642883 65.520312 -66.104317 -49.001120 -38.387249 
15.283115 87.129224 62.989996 78.901300 -1.442464 -51.830160 14.642883 63.520312 -81.794782 -49.001120 -36.387249 
13.283115 89.363415 65.989996 76.901300 1.557536 -54.830160 11.642883 64.520312 -67.104317 -49.001120 -37.387249 
14.283115 87.129224 63.989996 76.901300 -0.442464 -53.830160 15.642883 65.520312 -65.104317 -49.001120 -38.387249 
12.283115 87.129224 64.989996 79.398832 0.557536 -53.830160 11.642883 64.520312 -67.104317 -51.001120 -36.387249 
15.283115 87.129224 64.989996 76.901300 -5.928579 -52.830160 15.642883 64.520312 -62.104317 -49.001120 -36.387249 
14.283115 87.129224 65.989996 76.901300 -5.928579 -51.830160 11.642883 63.520312 -62.104317 -49.001120 -37.387249 
15.283115 87.129224 64.989996 76.901300 -0.442464 -54.830160 15.642883 65.520312 -67.104317 -49.001120 -38.387249 
15.283115 89.363415 65.989996 76.901300 -0.442464 -52.830160 15.642883 63.520312 -81.794782 -51.001120 -38.387249 
12.283115 85.129224 65.989996 76.901300 -7.928579 -53.830160 15.642883 65.520312 -63.104317 -49.001120 -37.387249 
15.283115 87.129224 65.989996 78.901300 0.557536 -53.830160 11.642883 64.520312 -81.794782 -49.001120 -37.387249 
15.283115 87.129224 65.989996 81.398832 -0.442464 -55.830160 14.642883 65.520312 -67.104317 -51.001120 -38.387249 
12.283115 88.363415 65.989996 76.901300 -5.928579 -52.830160 14.642883 65.520312 -82.794782 -49.001120 -37.387249 
12.283115 89.363415 65.989996 76.901300 -1.442464 -52.830160 11.642883 65.520312 -81.794782 -49.001120 -36.387249 
15.283115 88.129224 64.989996 80.398832 -0.442464 -52.830160 11.642883 64.520312 -65.104317 -49.001120 -37.387249 
15.283115 89.363415 64.989996 75.901300 -1.442464 -53.830160 11.642883 65.520312 -62.104317 -51.001120 -37.387249 
12.283115 87.129224 64.989996 76.901300 -0.442464 -51.830160 11.642883 65.520312 -63.104317 -49.001120 -36.387249 
13.283115 90.363415 65.989996 79.398832 0.557536 -53.830160 14.642883 65.520312 -82.794782 -49.001120 -38.387249 
12.283115 86.129224 65.989996 76.901300 -1.442464 -53.830160 14.642883 65.520312 -81.794782 -49.001120 -37.387249 
15.283115 89.363415 65.989996 76.901300 -0.442464 -51.830160 9.642883 64.520312 -81.794782 -48.001120 -36.387249 
15.283115 87.129224 65.989996 76.901300 0.557536 -52.830160 11.642883 64.520312 -66.104317 -51.001120 -37.387249 
15.283115 90.363415 64.989996 76.901300 0.557536 -52.830160 14.642883 64.520312 -62.104317 -51.001120 -36.387249 
13.283115 89.363415 65.989996 76.901300 -7.928579 -53.830160 15.642883 64.520312 -81.794782 -51.001120 -37.387249 
15.283115 86.129224 65.989996 76.901300 -1.442464 -53.830160 11.642883 65.520312 -63.104317 -49.001120 -37.387249 
15.283115 89.363415 64.989996 76.901300 -5.928579 -53.830160 9.642883 65.520312 -65.104317 -51.001120 -36.387249 
13.283115 87.129224 65.989996 81.398832 -1.442464 -54.830160 15.642883 65.520312 -81.794782 -49.001120 -35.387249 
12.283115 87.129224 64.989996 78.901300 -5.928579 -51.830160 11.642883 65.520312 -81.794782 -49.001120 -38.387249 
12.283115 90.363415 65.989996 77.901300 -5.928579 -53.830160 11.642883 65.520312 -81.794782 -49.001120 -37.387249 
12.283115 89.363415 65.989996 82.398832 -5.928579 -52.830160 9.642883 65.520312 -81.794782 -49.001120 -36.387249 
13.283115 87.129224 64.989996 79.398832 -7.928579 -53.830160 11.642883 65.520312 -66.104317 -51.001120 -36.387249 
15.283115 88.129224 64.989996 76.901300 -4.928579 -53.830160 11.642883 66.520312 -82.794782 -49.001120 -36.387249 
15.283115 87.129224 65.989996 81.398832 -5.928579 -52.830160 15.642883 65.520312 -67.104317 -51.001120 -37.387249 
14.283115 87.129224 64.989996 78.901300 0.557536 -53.830160 11.642883 64.520312 -82.794782 -49.001120 -37.387249 
14.283115 89.363415 65.989996 76.901300 0.557536 -52.830160 11.642883 64.520312 -82.794782 -52.001120 -37.387249 
12.283115 87.129224 65.989996 76.901300 -4.928579 -52.830160 11.642883 65.520312 -67.104317 -49.001120 -38.387249 
13.283115 87.129224 65.989996 81.398832 -4.928579 -51.830160 11.642883 65.520312 -67.104317 -49.001120 -38.387249 
12.283115 89.363415 64.989996 76.901300 -5.928579 -52.830160 11.642883 65.520312 -81.794782 -49.001120 -36.387249 
13.283115 86.129224 65.989996 81.398832 -4.928579 -52.830160 11.642883 65.520312 -82.794782 -51.001120 -35.387249 
15.283115 86.129224 65.989996 76.901300 -1.442464 -53.830160 11.642883 65.520312 -62.104317 -50.001120 -37.387249 
14.283115 89.363415 64.989996 77.901300 -4.928579 -52.830160 11.642883 63.520312 -81.794782 -51.001120 -36.387249 
14.283115 87.129224 64.989996 79.398832 -0.442464 -54.830160 11.642883 65.520312 -82.794782 -49.001120 -36.387249 
13.283115 87.129224 65.989996 76.901300 -6.928579 -50.830160 10.642883 65.520312 -81.794782 -51.001120 -36.387249 
15.283115 87.129224 65.989996 75.901300 -5.928579 -52.830160 11.642883 65.520312 -63.104317 -51.001120 -37.387249 
13.283115 89.363415 65.989996 76.901300 -0.442464 -54.830160 11.642883 65.520312 -62.104317 -48.001120 -38.387249 
15.283115 87.129224 65.989996 78.901300 -0.442464 -52.830160 15.642883 65.520312 -62.104317 -50.001120 -35.387249 
15.283115 90.363415 64.989996 81.398832 -7.928579 -51.830160 11.642883 65.520312 -82.794782 -49.001120 -38.387249 
12.283115 91.363415 64.989996 76.901300 -5.928579 -52.830160 10.642883 65.520312 -82.794782 -49.001120 -36.387249 
15.283115 87.129224 65.989996 76.901300 -1.442464 -54.830160 12.642883 64.520312 -67.104317 -50.001120 -37.387249 
14.283115 89.363415 63.989996 76.901300 0.557536 -52.830160 11.642883 65.520312 -82.794782 -49.001120 -38.387249 
13.283115 89.363415 65.989996 75.901300 0.557536 -50.830160 11.642883 65.520312 -62.104317 -50.001120 -36.387249 
13.283115 90.363415 65.989996 76.901300 -0.442464 -50.830160 11.642883 65.520312 -82.794782 -49.001120 -36.387249 
15.283115 89.363415 65.989996 76.901300 -5.928579 -50.830160 11.642883 64.520312 -63.104317 -48.001120 -36.387249 
12.283115 89.363415 65.989996 81.398832 -7.928579 -54.830160 15.642883 63.520312 -62.104317 -51.001120 -37.387249 
15.283115 87.129224 63.989996 76.901300 0.557536 -51.830160 15.642883 65.520312 -82.794782 -50.001120 -36.387249 
13.283115 89.363415 65.989996 82.398832 0.557536 -54.830160 11.642883 64.520312 -82.794782 -49.001120 -38.387249 
14.283115 90.363415 65.989996 76.901300 -5.928579 -51.830160 11.642883 65.520312 -81.794782 -50.001120 -37.387249 
15.283115 90.363415 65.989996 75.901300 -5.928579 -54.830160 11.642883 65.520312 -82.794782 -49.001120 -36.387249 
12.283115 90.363415 63.989996 82.398832 -1.442464 -53.830160 11.642883 65.520312 -82.794782 -49.001120 -36.387249 
15.283115 88.363415 64.989996 82.398832 0.557536 -52.830160 11.642883 65.520312 -65.104317 -49.001120 -38.387249 
12.283115 86.129224 65.989996 79.398832 -0.442464 -53.830160 14.642883 65.520312 -62.104317 -49.001120 -37.387249 
12.283115 86.129224 64.989996 76.901300 -0.442464 -54.830160 11.642883 65.520312 -82.794782 -49.001120 -37.387249 
14.283115 87.129224 65.989996 76.901300 -7.928579 -52.830160 12.642883 65.520312 -67.104317 -51.001120 -36.387249 
12.283115 90.363415 65.989996 76.901300 0.557536 -53.830160 11.642883 65.520312 -65.104317 -51.001120 -38.387249 
12.283115 87.129224 65.989996 76.901300 0.557536 -52.830160 11.642883 65.520312 -62.104317 -51.001120 -37.387249 
15.283115 89.363415 65.989996 76.901300 -5.928579 -52.830160 11.642883 64.520312 -61.104317 -51.001120 -36.387249 
14.283115 89.363415 65.989996 76.901300 -7.928579 -54.830160 11.642883 64.520312 -62.104317 -49.001120 -38.387249 
12.283115 89.363415 65.989996 76.901300 -5.928579 -54.830160 14.642883 65.520312 -63.104317 -49.001120 -37.387249 
12.283115 87.129224 62.989996 75.901300 0.557536 -52.830160 11.642883 65.520312 -62.104317 -48.001120 -37.387249 
12.283115 87.129224 64.989996 75.901300 0.557536 -53.830160 11.642883 65.520312 -67.104317 -49.001120 -37.387249 
13.283115 90.363415 65.989996 79.398832 -0.442464 -53.830160 11.642883 64.520312 -62.104317 -49.001120 -36.387249 
13.283115 87.129224 64.989996 81.398832 -1.442464 -51.830160 11.642883 64.520312 -81.794782 -49.001120 -36.387249 
15.283115 90.363415 65.989996 76.901300 -0.442464 -51.830160 11.642883 65.520312 -82.794782 -49.001120 -37.387249 
15.283115 87.129224 65.989996 76.901300 -1.442464 -53.830160 15.642883 65.520312 -61.104317 -51.001120 -38.387249 
16.283115 87.129224 64.989996 76.901300 -5.928579 -52.830160 11.642883 64.520312 -81.794782 -49.001120 -37.387249 
13.283115 86.129224 65.989996 81.398832 -0.442464 -52.830160 10.642883 64.520312 -64.104317 -50.001120 -37.387249 
14.283115 89.363415 65.989996 80.398832 -0.442464 -51.830160 11.642883 64.520312 -82.794782 -49.001120 -37.387249 
13.283115 89.363415 64.989996 78.901300 -7.928579 -54.830160 11.642883 64.520312 -64.104317 -49.001120 -37.387249 
14.283115 87.129224 63.989996 76.901300 0.557536 -54.830160 9.642883 65.520312 -82.794782 -51.001120 -37.387249 
15.283115 87.129224 64.989996 75.901300 -1.442464 -52.830160 11.642883 65.520312 -65.104317 -52.001120 -38.387249 
13.283115 87.129224 65.989996 76.901300 -0.442464 -51.830160 11.642883 65.520312 -65.104317 -49.001120 -37.387249 
12.283115 89.363415 62.989996 76.901300 -0.442464 -53.830160 11.642883 64.520312 -81.794782 -51.001120 -35.387249 
14.283115 89.363415 63.989996 76.901300 -1.442464 -53.830160 11.642883 65.520312 -63.104317 -49.001120 -36.387249 
541090 1570 139504
