65.616505 88.129224 52.381967 93.560449 46.315059 -74.322694 -47.924930 -38.806835 -65.652758 -65.688899 -59.757747 
65.333019 89.129224 47.212688 40.680717 70.871504 -51.830160 -71.987213 97.906906 -63.104317 -7.034338 -54.841260 
13.283115 88.804577 52.381967 78.398832 44.538864 -76.429843 88.281888 -30.680556 -28.725287 -15.899737 -52.393544 
93.280373 56.173916 18.917863 71.856575 -28.822109 -80.088871 77.102820 -30.680556 -28.002403 -77.853121 -52.812096 
67.049272 99.081123 48.825141 63.659805 73.280822 -30.970056 -17.988766 -39.908464 -68.757789 -16.899737 -50.911255 
11.652389 76.841739 47.212688 98.721008 -2.442464 -40.745788 5.695878 -16.314521 -40.894942 -28.194536 -37.860872 
13.398831 59.249207 27.831118 56.070932 -11.398367 -73.322694 48.224301 -23.673113 -4.545500 -49.001120 -63.283724 
92.584186 60.724545 63.989996 73.253283 -7.928579 -15.057293 77.102820 -94.497375 -7.723707 -28.194536 -76.914200 
92.584186 26.486577 71.195579 78.398832 -53.380680 -33.300481 48.224301 48.164258 -67.678912 -21.116954 -63.795277 
75.476798 22.698177 47.212688 99.721008 -51.085757 -30.970056 20.182066 14.087706 -40.894942 -16.899737 -34.457308 
25.976010 87.363415 29.009195 29.300725 -26.505161 -91.157116 -17.988766 -16.314521 -53.075179 -65.688899 -37.418213 
67.751363 44.579467 47.212688 77.901300 -51.085757 -42.395279 -88.655731 -17.425938 -38.050910 -42.332233 -13.548113 
93.280373 48.053747 53.619854 8.502414 -54.380680 -73.322694 44.019020 64.520312 -33.817080 -7.034338 -37.860872 
89.758970 24.167839 52.381967 64.942872 63.994913 -58.878373 -56.146999 48.164258 -16.754118 -40.045581 -37.418213 
93.280373 39.815417 27.831118 93.560449 46.315059 -76.429843 30.276839 -30.680556 -28.725287 -20.116954 -50.911255 
22.183836 24.167839 32.232377 46.000418 98.315925 -42.395279 -10.955241 40.424142 -80.794782 -77.853121 -44.537342 
11.652389 97.046985 47.212688 65.199436 73.280822 -10.647469 -57.953580 97.906906 -99.220353 -20.116954 -28.784926 
11.652389 66.177016 47.212688 46.938003 73.280822 -41.745788 -35.802383 -94.497375 -68.678912 -15.988350 -40.387249 
6.695033 94.749399 28.592719 77.398832 -28.822109 -10.647469 -57.953580 40.424142 -17.327704 -61.567938 -40.387249 
83.354220 26.486577 56.246423 99.721008 -78.222561 -43.505528 46.624004 14.087706 -16.754118 -41.332233 -35.457308 
83.610485 39.815417 47.212688 63.659805 -62.380650 -41.745788 77.102820 83.846349 -28.725287 -54.226514 -0.038777 
84.369081 60.724545 18.917863 71.856575 69.871504 -58.878373 -10.955241 -47.056100 -26.626022 -0.623934 -53.900430 
66.333019 61.724545 63.257551 37.241139 46.315059 -57.237020 69.906606 -57.458897 -48.959865 -15.988350 -12.548113 
95.008411 60.724545 18.917863 78.398832 63.994913 -39.334452 28.210587 -57.458897 -16.754118 -69.171801 -50.911255 
75.476798 61.279341 48.704471 93.560449 -51.085757 -51.830160 28.210587 -75.890681 -16.754118 -65.688899 -76.914200 
11.652389 89.129224 47.212688 78.398832 14.805291 -60.631300 -44.534429 65.520312 -48.959865 -65.688899 -52.812096 
67.751363 97.046985 26.881046 91.865228 73.280822 -31.686823 77.102820 97.906906 -98.521962 -1.599913 -58.207353 
67.751363 88.363415 32.232377 74.253283 -94.372895 -38.334452 13.642883 40.424142 -28.725287 -89.674068 -12.548113 
22.439276 26.486577 63.989996 29.300725 -78.222561 -51.830160 -44.534429 65.520312 -98.521962 -25.362090 -37.418213 
82.461522 87.363415 29.009195 91.865228 -82.943896 -85.317114 42.316176 -79.451754 -53.205727 -10.858068 -85.635194 
95.008411 60.724545 56.246423 37.241139 -54.380680 -95.268120 21.604655 -62.701080 -33.817080 -65.688899 -63.283724 
65.616505 56.173916 53.619854 74.253283 46.315059 -51.830160 13.642883 97.906906 -8.167056 -98.736426 -85.635194 
63.573938 53.671256 47.212688 78.398832 14.805291 -74.322694 78.102820 -11.724301 -28.725287 -65.688758 -25.893187 
83.610485 97.046985 63.989996 58.946893 73.280822 -51.830160 77.102820 -10.724301 -33.817080 -28.194536 -41.179110 
90.016046 97.046985 63.257551 58.891365 41.282477 -75.967261 -94.539105 -16.314521 -53.205727 -21.316560 -50.911255 
82.461522 97.046985 32.232377 65.199436 -28.822109 -51.830160 -10.955241 -94.497375 -24.953005 -49.001120 -41.179110 
34.391969 47.506398 63.257551 99.721008 69.871504 -51.830160 -17.988766 33.355099 -13.153238 -20.116954 -59.757747 
13.283115 97.046985 38.911661 44.405398 -7.928579 -51.830160 -43.035599 83.846349 -99.220353 -54.226514 -50.911255 
93.280373 60.724545 63.989996 65.199436 78.650365 -11.009011 -10.955241 -47.056100 -76.644502 -98.736426 -85.635194 
83.610485 9.792829 28.592719 86.725543 21.769838 -26.642062 69.906606 79.461307 -28.725287 -54.226514 -55.893547 
95.008411 83.617310 71.969576 74.253283 -2.442464 -58.878373 -38.933227 -38.806835 -76.644502 -49.001120 -12.548113 
89.758970 26.486577 48.704471 74.253283 64.893726 -31.686823 -72.121408 -58.458897 -63.104317 -46.626790 -85.635194 
66.733579 97.046985 72.195579 58.891365 -7.928579 -51.830160 46.624004 95.418900 -28.725287 -7.034338 -41.179110 
82.461522 87.363415 63.989996 93.560449 63.125042 -80.088871 45.333158 65.520312 -7.723707 -49.001120 -52.812096 
34.391969 89.129224 28.592719 46.000418 -82.943896 -82.594619 4.695878 66.520312 -40.894942 -2.599913 -10.715524 
82.461522 35.623905 29.009195 63.659805 -84.801188 -11.009011 72.182280 -17.425938 -98.521962 -26.817730 -97.161886 
12.652389 53.671256 63.989996 63.659805 74.280822 -73.322694 -2.391904 -38.806835 -40.894942 -15.988350 -60.757747 
34.499072 26.486577 63.989996 58.488057 92.983381 -88.431993 -44.534429 -23.673113 -16.754118 -25.362090 -58.684516 
83.610485 60.249207 62.638941 58.946893 64.893726 -25.642062 81.238738 -79.451754 -38.685683 -77.853121 -55.893547 
92.584186 83.343031 35.985604 78.398832 -2.442464 -33.300481 72.182280 -93.497375 -8.167056 -31.438620 -37.860872 
93.280373 26.486577 27.831118 54.587529 21.769838 -42.395279 21.604655 -88.894589 -7.723707 -54.226514 -27.095717 
63.573938 96.882326 63.257551 37.241139 -84.801188 -85.317114 -72.987213 65.520312 -38.685683 -7.034338 -51.812096 
75.476798 29.669345 35.985604 33.658617 -27.786073 -60.631300 30.276839 -57.458897 -13.153238 -49.001120 -37.860872 
79.406737 96.772125 39.597629 71.856575 44.538864 -42.395279 77.102820 57.849688 -80.794782 -95.530999 -41.179110 
67.751363 59.249207 27.831118 84.215477 44.538864 -25.642062 -57.127039 -10.724301 -26.626022 -15.988350 -52.393544 
98.745714 83.343031 32.232377 63.659805 -55.624074 -51.830160 13.642883 40.424142 -63.104317 -28.194536 -12.156186 
65.616505 99.081123 27.831118 71.856575 46.315059 -44.505528 -43.035599 -17.425938 -99.220353 -97.360613 -12.548113 
65.616505 61.279341 29.009195 56.070932 92.983381 -51.830160 -56.146999 65.520312 -35.792574 -2.599913 -98.161886 
92.584186 89.804577 72.195579 46.938003 69.871504 -51.830160 44.019020 83.846349 -67.757789 -77.853121 -41.179110 
28.166184 99.081123 52.381967 59.806802 14.805291 -84.317114 -44.534429 65.520312 -80.794782 -65.688899 -41.476022 
75.476798 89.804577 71.969576 59.806802 -2.442464 -51.830160 43.316176 65.520312 -13.153238 -31.438620 -85.635194 
11.652389 39.815417 38.911661 66.662046 -12.359113 -30.970056 44.019020 -47.056100 -53.075179 -39.745526 -50.911255 
22.183836 9.792829 24.098394 84.215477 53.071895 -10.647469 51.290965 -75.890681 -65.652758 -26.817730 -55.893547 
92.584186 30.669345 32.232377 33.658617 -54.380680 -16.529422 -17.988766 65.520312 -97.858191 -77.853121 -77.787203 
82.461522 97.046985 63.989996 64.199436 74.280822 -73.322694 -72.121408 97.477180 -63.104317 -10.858068 -12.548113 
67.751363 87.363415 9.229714 58.488057 -54.380680 -33.300481 -57.953580 40.424142 -63.104317 -77.853121 -97.430717 
83.354220 30.669345 71.195579 74.253283 -81.943896 -60.631300 -6.434610 65.520312 -13.153238 -49.001120 -52.393544 
34.499072 94.749399 52.381967 66.662046 -7.928579 -30.970056 -43.035599 -57.458897 -38.685683 -49.001120 -52.393544 
66.333019 89.129224 48.704471 74.253283 -26.786073 -41.899713 68.906606 -75.890681 -53.075179 -40.045581 -52.393544 
8.853950 44.579467 14.817844 84.215477 53.071895 -44.505528 51.290965 -23.673113 -40.894942 -3.900469 -37.860872 
65.616505 19.247719 72.195579 33.658617 -26.786073 -51.495806 -44.534429 40.424142 -16.754118 -7.034338 -58.684516 
95.008411 61.724545 47.212688 93.560449 -2.442464 -33.300481 44.019020 -88.894589 -4.169117 -77.853121 -57.684516 
84.369081 87.363415 35.985604 70.481538 33.720838 -73.322694 46.624004 97.906906 -5.272847 -6.034338 -58.207353 
67.049272 94.749399 47.212688 66.662046 63.125042 -61.741925 77.102820 -75.890681 -40.894942 -97.360613 -47.018269 
34.499072 26.486577 9.229714 46.000418 -7.928579 -39.334452 -56.146999 -16.425938 -63.104317 -90.674068 -50.911255 
83.354220 85.296547 63.989996 65.199436 -62.380650 -41.899713 44.019020 33.355099 -38.685683 -39.771936 -52.393544 
6.695033 87.363415 53.619854 74.253283 -18.888994 -51.830160 46.624004 -75.890681 -63.104317 -60.014564 -44.537342 
67.146881 9.792829 63.257551 70.481538 73.280822 -30.970056 -72.121408 -55.962291 -68.757789 -25.817730 -52.393544 
6.695033 56.173916 63.989996 64.942872 -2.442464 -58.878373 -35.802383 -89.803336 -26.626022 -49.001120 -41.476022 
28.166184 89.129224 48.704471 86.485809 64.893726 -51.830160 -57.127039 65.520312 -33.817080 -49.001120 -41.476022 
28.166184 85.796323 38.911661 63.659805 -51.085757 -30.970056 78.010015 -10.724301 -7.723707 -20.116954 -52.393544 
13.283115 87.363415 35.985604 65.199436 44.538864 -31.686823 28.210587 -39.908464 -5.272847 -60.014564 -44.537342 
22.439276 24.167839 11.378621 85.215477 -18.888994 -42.395279 -72.121408 -54.962291 -4.169117 -97.360613 -85.635194 
92.584186 76.841739 71.195579 93.560449 -7.928579 -60.631300 78.010015 83.846349 -80.794782 -20.116954 -22.094693 
82.610485 94.749399 32.232377 63.659805 63.994913 -63.967706 -44.534429 -69.210477 -33.817080 -2.599913 -55.893547 
52.913672 56.173916 63.989996 78.398832 19.933236 -58.878373 43.019020 -23.673113 -98.521962 -54.226514 -45.537342 
67.751363 89.129224 63.989996 84.215477 46.315059 -10.647469 -35.802383 66.520312 -99.220353 -3.599913 -54.841260 
82.461522 61.279341 47.212688 94.560449 -51.085757 -16.529422 -10.955241 40.424142 -76.644502 -66.688899 -47.018269 
34.391969 89.129224 47.212688 99.721008 -62.380650 -91.157116 -57.127039 -62.701080 -33.817080 -26.362090 -41.179110 
34.499072 96.882326 53.619854 86.485809 46.315059 -41.745788 42.316176 -17.425938 -48.959865 -61.567938 -12.548113 
68.751363 60.724545 46.212688 42.861080 -78.222561 -75.967261 42.316176 -38.806835 -80.794782 -39.745526 -36.457308 
83.354220 26.486577 31.865478 93.560449 46.315059 -91.157116 -98.583741 -94.497375 -53.205727 -54.226514 -58.207353 
90.016046 3.405331 38.911661 65.199436 -51.085757 -85.317114 13.642883 48.164258 -13.153238 -88.919394 -41.476022 
67.751363 24.167839 31.232377 42.861080 41.282477 -31.686823 28.210587 66.520312 -16.327704 -29.599731 -12.548113 
67.751363 60.724545 72.195579 4.030409 -62.380650 -11.009011 -35.802383 -89.803336 -32.947540 -29.599731 -40.387249 
83.354220 60.724545 71.969576 70.481538 74.400451 -80.088871 46.624004 66.520312 -97.858191 -26.817730 -22.094693 
65.616505 97.046985 27.592719 64.942872 19.933236 -60.631300 87.281888 55.056910 -24.953005 -98.736426 -76.914200 
93.280373 87.363415 48.827876 65.199436 14.452853 -30.970056 -17.988766 33.355099 -17.327704 -25.362090 -63.795277 
95.008411 60.724545 56.246423 77.398832 92.983381 -26.642062 42.316176 66.520312 -75.644502 -97.360613 -40.387249 
95.008411 76.841739 27.831118 4.030409 -54.380680 -41.745788 21.604655 33.355099 -4.545500 -28.194536 -41.179110 
72210 60 18123
