11.283115 99.046985 62.989996 78.398832 -2.442464 -52.830160 10.642883 62.520312 -81.794782 -68.688758 -40.179110 
67.049272 85.363415 62.989996 80.398832 -5.928579 -52.830160 10.642883 62.520312 -84.794782 -51.001120 -38.387249 
67.049272 100.046985 62.989996 78.398832 -5.928579 -52.830160 10.642883 63.520312 -81.794782 -49.001120 -37.387249 
66.049272 86.129224 64.989996 82.398832 -3.442464 -50.830160 14.642883 61.520312 -81.794782 -28.194536 -37.387249 
64.049272 87.129224 62.989996 80.398832 -4.442464 -52.830160 10.642883 64.520312 -81.794782 -69.688758 -39.387249 
14.283115 86.363415 63.989996 81.398832 -1.442464 -52.830160 13.642883 62.520312 -86.794782 -68.688758 -39.179110 
12.283115 87.363415 64.989996 81.398832 -5.928579 -52.830160 11.642883 -77.890681 -81.794782 -49.001120 -39.179110 
67.049272 87.129224 62.989996 80.398832 -5.928579 -50.830160 12.642883 -76.890681 -81.794782 -51.001120 -37.387249 
12.283115 87.363415 62.989996 78.398832 -3.442464 -53.830160 13.642883 -76.890681 -81.794782 -49.001120 -40.387249 
14.283115 87.363415 64.989996 81.398832 -1.442464 -53.830160 13.642883 64.520312 -82.794782 -48.001120 -39.387249 
64.049272 87.129224 64.989996 78.398832 -2.442464 -53.830160 10.642883 62.520312 -84.794782 -49.001120 -36.387249 
64.049272 87.129224 61.989996 80.398832 -5.442464 -50.830160 9.642883 63.520312 -82.794782 -51.001120 -40.179110 
12.283115 85.363415 67.989996 76.901300 -0.442464 -52.830160 14.642883 64.520312 -82.794782 -52.001120 -40.179110 
11.283115 88.129224 64.989996 76.901300 -2.442464 -54.830160 13.642883 62.520312 -81.794782 -52.001120 -38.387249 
14.283115 85.363415 62.989996 82.398832 -5.928579 -52.830160 10.642883 -76.890681 -65.104317 -49.001120 -40.387249 
12.283115 87.129224 63.989996 81.398832 -4.928579 -52.830160 12.642883 64.520312 -84.794782 -48.001120 -39.387249 
64.049272 87.129224 67.989996 80.398832 -5.928579 -54.830160 10.642883 62.520312 -81.794782 -49.001120 -37.387249 
67.049272 87.129224 62.989996 77.398832 -2.442464 -52.830160 12.642883 62.520312 -66.104317 -49.001120 -39.387249 
13.283115 86.363415 62.989996 76.901300 -6.928579 -51.830160 14.642883 62.520312 -81.794782 -51.001120 -39.387249 
14.283115 85.363415 62.989996 82.398832 -2.442464 -53.830160 9.642883 62.520312 -82.794782 -48.001120 -39.179110 
12.283115 86.129224 62.989996 79.398832 -2.442464 -50.830160 10.642883 62.520312 -65.104317 -51.001120 -37.387249 
12.283115 88.363415 62.989996 79.398832 -5.928579 -50.830160 11.642883 64.520312 -84.794782 -49.001120 -40.387249 
64.049272 87.129224 62.989996 81.398832 -1.442464 -53.830160 14.642883 -74.890681 -81.794782 -51.001120 -39.387249 
65.049272 87.363415 62.989996 82.398832 -1.442464 -51.830160 13.642883 64.520312 -81.794782 -49.001120 -38.387249 
14.283115 87.129224 62.989996 79.398832 -5.928579 -53.830160 10.642883 65.520312 -84.794782 -49.001120 -38.387249 
16.283115 87.363415 67.989996 77.398832 -1.442464 -49.830160 14.642883 -76.890681 -84.794782 -49.001120 -39.387249 
15.283115 86.129224 63.989996 81.398832 -5.928579 -52.830160 11.642883 62.520312 -82.794782 -51.001120 -40.387249 
14.283115 87.129224 62.989996 81.398832 -5.928579 -52.830160 13.642883 62.520312 -82.794782 -51.001120 -40.179110 
67.049272 99.046985 62.989996 81.398832 -5.928579 -54.830160 14.642883 62.520312 -85.794782 -51.001120 -38.387249 
11.283115 87.363415 62.989996 77.901300 -1.442464 -54.830160 10.642883 62.520312 -82.794782 -49.001120 -36.387249 
14.283115 85.363415 62.989996 80.398832 -5.928579 -52.830160 10.642883 -76.890681 -62.104317 -68.688758 -36.387249 
11.283115 86.363415 62.989996 81.398832 -1.442464 -51.830160 10.642883 64.520312 -65.104317 -49.001120 -40.387249 
15.283115 87.129224 64.989996 78.398832 -1.442464 -52.830160 13.642883 -76.890681 -81.794782 -49.001120 -37.387249 
67.049272 88.363415 64.989996 77.901300 -5.928579 -52.830160 11.642883 62.520312 -84.794782 -28.194536 -39.387249 
64.049272 99.046985 64.989996 78.901300 -5.928579 -52.830160 14.642883 62.520312 -82.794782 -51.001120 -39.387249 
65.049272 87.363415 68.989996 79.398832 -5.928579 -52.830160 11.642883 61.520312 -81.794782 -51.001120 -39.387249 
67.049272 87.363415 64.989996 76.398832 -5.928579 -53.830160 10.642883 62.520312 -62.104317 -48.001120 -38.387249 
15.283115 86.129224 63.989996 76.901300 -5.928579 -52.830160 13.642883 61.520312 -65.104317 -51.001120 -38.387249 
64.049272 88.363415 62.989996 79.398832 -4.442464 -52.830160 12.642883 63.520312 -86.794782 -50.001120 -39.179110 
66.049272 87.129224 62.989996 81.398832 -4.442464 -53.830160 14.642883 -76.890681 -82.794782 -48.001120 -38.387249 
12.283115 87.129224 64.989996 77.901300 -5.928579 -50.830160 10.642883 -76.890681 -65.104317 -50.001120 -39.387249 
15.283115 86.129224 62.989996 81.398832 -2.442464 -52.830160 10.642883 62.520312 -84.794782 -51.001120 -39.387249 
12.283115 86.129224 62.989996 76.901300 -5.928579 -51.830160 13.642883 -76.890681 -65.104317 -48.001120 -36.387249 
12.283115 86.129224 64.989996 81.398832 -2.442464 -54.830160 11.642883 -72.890681 -62.104317 -28.194536 -39.387249 
14.283115 99.046985 64.989996 75.901300 -5.442464 -52.830160 10.642883 62.520312 -82.794782 -49.001120 -39.387249 
14.283115 86.129224 62.989996 78.901300 -1.442464 -52.830160 10.642883 63.520312 -65.104317 -51.001120 -38.387249 
11.283115 85.363415 64.989996 79.398832 -2.442464 -52.830160 9.642883 63.520312 -81.794782 -49.001120 -37.387249 
14.283115 88.363415 62.989996 80.398832 -5.928579 -52.830160 13.642883 62.520312 -65.104317 -49.001120 -36.387249 
15.283115 87.129224 62.989996 82.398832 -5.442464 -51.830160 10.642883 62.520312 -82.794782 -48.001120 -39.387249 
67.049272 99.046985 64.989996 79.398832 -5.928579 -50.830160 12.642883 61.520312 -65.104317 -48.001120 -39.387249 
10.283115 87.129224 62.989996 79.398832 -5.928579 -52.830160 13.642883 62.520312 -82.794782 -49.001120 -36.387249 
67.049272 87.363415 63.989996 81.398832 -5.928579 -53.830160 11.642883 62.520312 -65.104317 -50.001120 -39.387249 
14.283115 86.129224 62.989996 76.901300 -2.442464 -52.830160 11.642883 -76.890681 -81.794782 -49.001120 -37.387249 
66.049272 87.363415 62.989996 78.901300 -5.442464 -52.830160 13.642883 62.520312 -65.104317 -48.001120 -39.387249 
11.283115 86.363415 62.989996 79.398832 -2.442464 -52.830160 14.642883 -76.890681 -81.794782 -68.688758 -37.387249 
65.049272 87.363415 64.989996 81.398832 -5.442464 -50.830160 13.642883 62.520312 -83.794782 -48.001120 -37.387249 
67.049272 86.363415 62.989996 76.398832 -0.442464 -52.830160 10.642883 -72.890681 -64.104317 -49.001120 -40.387249 
12.283115 85.363415 63.989996 75.901300 -1.442464 -52.830160 9.642883 64.520312 -84.794782 -49.001120 -37.387249 
15.283115 86.129224 63.989996 77.398832 -1.442464 -52.830160 11.642883 -72.890681 -62.104317 -49.001120 -39.387249 
10.283115 85.363415 63.989996 81.398832 -5.928579 -52.830160 10.642883 64.520312 -85.794782 -68.688758 -40.387249 
15.283115 85.363415 62.989996 79.398832 -4.928579 -51.830160 14.642883 62.520312 -65.104317 -28.194536 -39.387249 
67.049272 87.129224 61.989996 81.398832 -5.442464 -51.830160 13.642883 62.520312 -81.794782 -49.001120 -39.387249 
64.049272 86.129224 62.989996 80.398832 -1.442464 -52.830160 10.642883 61.520312 -81.794782 -49.001120 -36.387249 
67.049272 86.363415 63.989996 76.901300 -5.928579 -50.830160 12.642883 63.520312 -82.794782 -70.688758 -39.387249 
65.049272 87.363415 64.989996 81.398832 -5.928579 -52.830160 10.642883 62.520312 -84.794782 -51.001120 -39.387249 
12.283115 87.363415 64.989996 80.398832 -5.442464 -52.830160 13.642883 61.520312 -82.794782 -50.001120 -36.387249 
67.049272 87.363415 63.989996 78.398832 -5.928579 -52.830160 13.642883 62.520312 -81.794782 -49.001120 -39.387249 
11.283115 85.363415 62.989996 81.398832 -4.928579 -51.830160 12.642883 62.520312 -82.794782 -49.001120 -39.387249 
11.283115 86.129224 62.989996 81.398832 -5.928579 -53.830160 10.642883 64.520312 -82.794782 -70.688758 -39.179110 
64.049272 87.363415 63.989996 77.901300 -2.442464 -53.830160 9.642883 61.520312 -65.104317 -48.001120 -39.387249 
67.049272 87.363415 62.989996 81.398832 -5.928579 -51.830160 11.642883 62.520312 -85.794782 -49.001120 -39.387249 
64.049272 99.046985 64.989996 75.901300 -1.442464 -52.830160 13.642883 -72.890681 -62.104317 -49.001120 -39.179110 
65.049272 87.129224 62.989996 77.398832 -1.442464 -52.830160 10.642883 63.520312 -65.104317 -50.001120 -39.387249 
11.283115 87.363415 62.989996 77.901300 -5.928579 -52.830160 14.642883 62.520312 -81.794782 -28.194536 -39.387249 
11.283115 87.129224 63.989996 76.398832 -5.928579 -52.830160 9.642883 64.520312 -66.104317 -51.001120 -36.387249 
14.283115 85.363415 62.989996 81.398832 -5.928579 -52.830160 9.642883 -76.890681 -81.794782 -70.688758 -39.179110 
15.283115 86.129224 63.989996 79.398832 -1.442464 -54.830160 10.642883 62.520312 -81.794782 -50.001120 -39.387249 
11.283115 87.129224 63.989996 81.398832 -1.442464 -50.830160 13.642883 62.520312 -83.794782 -49.001120 -37.387249 
64.049272 85.363415 62.989996 81.398832 -1.442464 -51.830160 9.642883 61.520312 -82.794782 -49.001120 -39.387249 
67.049272 87.363415 62.989996 76.901300 -5.928579 -52.830160 9.642883 62.520312 -81.794782 -51.001120 -36.387249 
12.283115 87.129224 62.989996 80.398832 -5.442464 -50.830160 10.642883 62.520312 -81.794782 -48.001120 -37.387249 
14.283115 86.129224 62.989996 80.398832 -5.442464 -53.830160 13.642883 61.520312 -64.104317 -51.001120 -36.387249 
14.283115 86.363415 67.989996 75.901300 -2.442464 -52.830160 14.642883 -72.890681 -84.794782 -48.001120 -39.387249 
14.283115 87.129224 63.989996 81.398832 -5.928579 -52.830160 13.642883 62.520312 -82.794782 -50.001120 -36.387249 
14.283115 85.363415 62.989996 77.901300 -4.442464 -52.830160 13.642883 -76.890681 -82.794782 -49.001120 -39.387249 
15.283115 99.046985 64.989996 75.901300 -1.442464 -52.830160 10.642883 64.520312 -81.794782 -49.001120 -37.387249 
66.049272 85.363415 67.989996 76.901300 0.557536 -52.830160 14.642883 62.520312 -82.794782 -48.001120 -39.387249 
64.049272 85.363415 67.989996 76.901300 -5.928579 -54.830160 9.642883 65.520312 -82.794782 -51.001120 -41.387249 
67.049272 85.363415 62.989996 79.398832 -6.928579 -52.830160 10.642883 62.520312 -65.104317 -51.001120 -38.387249 
67.049272 87.129224 62.989996 76.901300 -5.928579 -50.830160 10.642883 -77.890681 -81.794782 -49.001120 -40.179110 
15.283115 86.363415 64.989996 81.398832 -1.442464 -51.830160 10.642883 62.520312 -84.794782 -49.001120 -37.387249 
12.283115 98.046985 62.989996 82.398832 -5.928579 -50.830160 11.642883 -76.890681 -84.794782 -49.001120 -39.387249 
12.283115 87.363415 62.989996 77.901300 -2.442464 -53.830160 12.642883 -73.890681 -65.104317 -49.001120 -40.387249 
66.049272 87.363415 64.989996 79.398832 -5.928579 -52.830160 9.642883 -76.890681 -82.794782 -48.001120 -39.387249 
12.283115 85.363415 62.989996 75.901300 -3.442464 -50.830160 12.642883 64.520312 -62.104317 -28.194536 -36.387249 
15.283115 85.363415 62.989996 77.398832 -5.928579 -52.830160 13.642883 61.520312 -82.794782 -51.001120 -38.387249 
14.283115 87.129224 64.989996 75.901300 0.557536 -53.830160 10.642883 -75.890681 -65.104317 -51.001120 -38.387249 
11.283115 86.363415 64.989996 78.398832 -3.442464 -54.830160 10.642883 -72.890681 -85.794782 -48.001120 -39.179110 
67.049272 85.363415 62.989996 82.398832 -1.442464 -52.830160 13.642883 -77.890681 -82.794782 -49.001120 -39.387249 
11.283115 87.363415 63.989996 81.398832 -6.442464 -52.830160 11.642883 64.520312 -65.104317 -28.194536 -37.387249 
447210 200 118334
