67.049272 99.046985 62.989996 76.398832 -3.442464 -52.830160 12.642883 61.520312 -65.104317 -51.001120 -36.387249 
12.283115 89.129224 65.989996 77.398832 -0.442464 -52.830160 45.019020 63.520312 -66.104317 -51.001120 -40.387249 
67.049272 88.363415 64.989996 76.901300 -2.442464 -52.830160 11.642883 61.520312 -83.794782 -48.001120 -40.179110 
12.283115 88.129224 65.989996 77.398832 -6.928579 -52.830160 13.642883 -75.890681 -64.104317 -67.688758 -39.387249 
11.283115 99.046985 64.989996 76.901300 -1.442464 -50.830160 12.642883 64.520312 -65.104317 -49.001120 -40.179110 
12.283115 87.363415 61.989996 77.901300 -5.928579 -51.830160 12.642883 64.520312 -65.104317 -28.194536 -39.387249 
65.049272 99.046985 64.989996 76.901300 -1.442464 -51.830160 10.642883 -75.890681 -65.104317 -47.001120 -40.387249 
67.049272 99.046985 62.989996 76.901300 -2.442464 -53.830160 13.642883 -75.890681 -63.104317 -66.688758 -38.387249 
14.283115 87.363415 61.989996 77.901300 -2.442464 -52.830160 10.642883 62.520312 -82.794782 -50.001120 -38.387249 
68.049272 87.363415 64.989996 77.398832 -1.442464 -50.830160 13.642883 -73.890681 -79.794782 -50.001120 -36.387249 
15.283115 87.363415 62.989996 76.901300 -4.442464 -50.830160 43.019020 64.520312 -81.794782 -28.194536 -39.387249 
12.283115 88.363415 62.989996 76.901300 -3.442464 -53.830160 12.642883 -75.890681 -82.794782 -68.688758 -39.387249 
14.283115 89.129224 62.989996 76.901300 -5.928579 -50.830160 12.642883 61.520312 -63.104317 -28.194536 -39.179110 
67.049272 87.129224 65.989996 77.398832 -4.928579 -50.830160 10.642883 64.520312 -65.104317 -49.001120 -38.387249 
68.049272 88.363415 65.989996 76.901300 -2.442464 -54.830160 14.642883 63.520312 -81.794782 -67.688758 -40.387249 
68.049272 87.129224 64.989996 78.398832 -4.442464 -51.830160 10.642883 -74.890681 -79.794782 -51.001120 -40.179110 
67.049272 88.129224 62.989996 77.901300 -2.442464 -52.830160 12.642883 64.520312 -64.104317 -28.194536 -39.387249 
67.049272 86.129224 61.989996 76.901300 -2.442464 -50.830160 13.642883 64.520312 -81.794782 -49.001120 -54.393544 
15.283115 86.129224 63.989996 78.398832 -3.442464 -53.830160 14.642883 63.520312 -65.104317 -51.001120 -40.387249 
12.283115 86.363415 62.989996 76.901300 -3.442464 -51.830160 10.642883 62.520312 -84.794782 -69.688758 -39.387249 
12.283115 89.363415 63.989996 78.398832 -1.442464 -51.830160 13.642883 62.520312 -82.794782 -49.001120 -38.387249 
12.283115 88.129224 64.989996 78.398832 -4.928579 -50.830160 12.642883 62.520312 -82.794782 -49.001120 -40.387249 
14.283115 87.129224 62.989996 75.901300 -2.442464 -49.830160 12.642883 -74.890681 -82.794782 -49.001120 -39.387249 
12.283115 87.129224 62.989996 78.901300 -1.442464 -53.830160 13.642883 -75.890681 -83.794782 -48.001120 -36.387249 
66.049272 85.129224 62.989996 77.901300 -2.442464 -51.830160 11.642883 61.520312 -65.104317 -51.001120 -40.387249 
67.049272 85.363415 64.989996 79.398832 -2.442464 -52.830160 11.642883 -72.890681 -81.794782 -47.001120 -37.387249 
66.049272 87.129224 62.989996 76.901300 -0.442464 -50.830160 12.642883 -75.890681 -81.794782 -50.001120 -39.387249 
68.049272 87.129224 62.989996 77.901300 -5.928579 -50.830160 13.642883 62.520312 -65.104317 -51.001120 -40.179110 
67.049272 99.046985 62.989996 78.398832 -1.442464 -50.830160 13.642883 60.520312 -82.794782 -51.001120 -39.387249 
14.283115 87.363415 62.989996 77.901300 -2.442464 -52.830160 11.642883 62.520312 -64.104317 -50.001120 -39.387249 
68.049272 87.363415 63.989996 76.901300 -2.442464 -52.830160 14.642883 -74.890681 -65.104317 -49.001120 -40.179110 
67.049272 99.046985 63.989996 77.398832 -5.928579 -52.830160 13.642883 61.520312 -84.794782 -50.001120 -38.387249 
11.283115 87.129224 62.989996 77.901300 -3.928579 -51.830160 13.642883 63.520312 -82.794782 -67.688758 -40.179110 
67.049272 87.129224 63.989996 79.398832 -0.442464 -50.830160 13.642883 -11.724301 -64.104317 -50.001120 -39.387249 
12.283115 87.129224 62.989996 77.901300 -1.442464 -50.830160 43.019020 -74.890681 -82.794782 -50.001120 -40.179110 
12.283115 89.129224 62.989996 77.398832 -2.442464 -52.830160 11.642883 63.520312 -62.104317 -50.001120 -40.179110 
12.283115 99.046985 64.989996 76.901300 -4.442464 -52.830160 14.642883 63.520312 -82.794782 -51.001120 -38.387249 
66.049272 89.363415 62.989996 76.901300 -0.442464 -51.830160 12.642883 61.520312 -82.794782 -49.001120 -40.179110 
11.283115 98.046985 62.989996 79.398832 -5.928579 -51.830160 14.642883 -75.890681 -82.794782 -47.001120 -39.387249 
11.283115 85.363415 62.989996 77.398832 -1.442464 -51.830160 13.642883 62.520312 -62.104317 -50.001120 -40.179110 
15.283115 99.046985 62.989996 77.901300 -2.442464 -53.830160 11.642883 -75.890681 -84.794782 -49.001120 -38.387249 
12.283115 86.129224 65.989996 77.901300 -2.442464 -50.830160 14.642883 -74.890681 -82.794782 -50.001120 -40.179110 
11.283115 99.046985 62.989996 77.398832 -1.442464 -51.830160 12.642883 -74.890681 -65.104317 -48.001120 -35.387249 
68.049272 99.046985 64.989996 78.398832 -0.442464 -49.830160 13.642883 62.520312 -83.794782 -49.001120 -40.179110 
64.049272 99.046985 62.989996 77.901300 -5.928579 -53.830160 13.642883 62.520312 -63.104317 -51.001120 -39.387249 
68.049272 89.129224 63.989996 79.398832 -2.442464 -52.830160 11.642883 -75.890681 -82.794782 -49.001120 -40.387249 
67.049272 87.129224 63.989996 76.901300 -1.442464 -50.830160 12.642883 64.520312 -79.794782 -50.001120 -51.841260 
12.283115 84.363415 65.989996 77.398832 -2.442464 -50.830160 11.642883 -75.890681 -81.794782 -50.001120 -40.179110 
66.049272 89.363415 62.989996 75.901300 -2.442464 -52.830160 10.642883 61.520312 -82.794782 -49.001120 -40.179110 
11.283115 99.046985 64.989996 77.901300 -1.442464 -52.830160 11.642883 -73.890681 -84.794782 -49.001120 -39.387249 
11.283115 88.363415 62.989996 80.398832 -4.442464 -50.830160 13.642883 62.520312 -82.794782 -51.001120 -41.387249 
14.283115 87.363415 63.989996 77.901300 -0.442464 -50.830160 12.642883 -73.890681 -82.794782 -47.001120 -36.387249 
65.049272 84.363415 62.989996 77.901300 -3.442464 -51.830160 13.642883 -74.890681 -82.794782 -50.001120 -39.387249 
67.049272 86.129224 64.989996 76.901300 -1.442464 -52.830160 13.642883 62.520312 -65.104317 -50.001120 -35.387249 
12.283115 88.363415 64.989996 80.398832 -1.442464 -50.830160 14.642883 62.520312 -81.794782 -50.001120 -37.387249 
67.049272 88.363415 64.989996 77.901300 -1.442464 -51.830160 12.642883 63.520312 -65.104317 -50.001120 -39.387249 
11.283115 98.046985 62.989996 78.398832 -2.442464 -50.830160 14.642883 64.520312 -81.794782 -50.001120 -36.387249 
14.283115 85.363415 64.989996 78.398832 -2.442464 -49.830160 13.642883 -75.890681 -82.794782 -50.001120 -38.387249 
68.049272 99.046985 64.989996 79.398832 -1.442464 -50.830160 13.642883 -73.890681 -82.794782 -50.001120 -38.387249 
12.283115 88.363415 64.989996 78.398832 -2.442464 -49.830160 12.642883 -73.890681 -65.104317 -50.001120 -36.387249 
66.049272 87.129224 64.989996 78.398832 -3.442464 -51.830160 10.642883 -74.890681 -67.104317 -50.001120 -38.387249 
67.049272 86.129224 61.989996 78.901300 -2.442464 -51.830160 13.642883 61.520312 -65.104317 -69.688758 -39.387249 
66.049272 87.129224 63.989996 77.901300 -2.442464 -50.830160 12.642883 61.520312 -84.794782 -47.001120 -39.387249 
11.283115 99.046985 64.989996 76.901300 -2.442464 -50.830160 12.642883 64.520312 -84.794782 -50.001120 -39.387249 
12.283115 89.363415 63.989996 78.901300 -2.442464 -50.830160 12.642883 -75.890681 -82.794782 -50.001120 -40.387249 
66.049272 99.046985 65.989996 77.901300 -2.442464 -52.830160 14.642883 62.520312 -65.104317 -49.001120 -37.387249 
13.283115 88.363415 62.989996 78.398832 -2.442464 -51.830160 14.642883 62.520312 -80.794782 -47.001120 -39.387249 
68.049272 85.363415 66.989996 76.901300 -2.442464 -52.830160 12.642883 62.520312 -65.104317 -50.001120 -39.387249 
15.283115 85.363415 64.989996 79.398832 -1.442464 -51.830160 14.642883 61.520312 -82.794782 -67.688758 -40.179110 
12.283115 86.129224 62.989996 78.398832 -2.442464 -51.830160 13.642883 -75.890681 -65.104317 -50.001120 -39.387249 
12.283115 87.363415 63.989996 79.398832 -0.442464 -52.830160 13.642883 63.520312 -63.104317 -50.001120 -38.387249 
15.283115 89.129224 64.989996 77.901300 -5.928579 -52.830160 11.642883 62.520312 -82.794782 -49.001120 -40.179110 
11.283115 99.046985 65.989996 80.398832 -2.442464 -51.830160 10.642883 65.520312 -79.794782 -48.001120 -40.387249 
14.283115 87.363415 63.989996 76.901300 -1.442464 -52.830160 13.642883 61.520312 -79.794782 -49.001120 -40.179110 
68.049272 99.046985 64.989996 78.398832 -1.442464 -48.830160 11.642883 61.520312 -81.794782 -28.194536 -40.179110 
65.049272 87.129224 62.989996 79.901300 -2.442464 -50.830160 10.642883 64.520312 -82.794782 -68.688758 -39.387249 
67.049272 87.363415 64.989996 79.398832 0.557536 -51.830160 12.642883 -74.890681 -79.794782 -49.001120 -39.179110 
12.283115 99.046985 62.989996 75.901300 -0.442464 -50.830160 13.642883 62.520312 -65.104317 -49.001120 -40.179110 
11.283115 87.129224 64.989996 76.901300 -1.442464 -50.830160 10.642883 -74.890681 -82.794782 -51.001120 -40.387249 
11.283115 87.129224 62.989996 77.398832 -2.442464 -50.830160 10.642883 63.520312 -82.794782 -49.001120 -36.387249 
14.283115 87.129224 65.989996 77.901300 -2.442464 -50.830160 12.642883 64.520312 -65.104317 -49.001120 -39.387249 
11.283115 88.363415 64.989996 76.901300 -5.928579 -52.830160 12.642883 63.520312 -82.794782 -48.001120 -40.179110 
67.049272 86.129224 62.989996 77.398832 -1.442464 -52.830160 12.642883 -74.890681 -82.794782 -47.001120 -53.393544 
67.049272 88.363415 63.989996 77.398832 -1.442464 -51.830160 14.642883 64.520312 -83.794782 -50.001120 -40.387249 
68.049272 87.363415 64.989996 77.398832 -3.442464 -52.830160 13.642883 64.520312 -82.794782 -49.001120 -40.387249 
65.049272 87.129224 64.989996 76.901300 0.557536 -52.830160 11.642883 62.520312 -65.104317 -50.001120 -40.179110 
11.283115 88.129224 63.989996 79.398832 -0.442464 -51.830160 13.642883 63.520312 -82.794782 -49.001120 -39.387249 
12.283115 85.363415 61.989996 80.398832 -1.442464 -50.830160 12.642883 -76.890681 -83.794782 -50.001120 -40.179110 
67.049272 89.129224 62.989996 76.901300 -3.442464 -50.830160 11.642883 -74.890681 -82.794782 -50.001120 -36.387249 
67.049272 89.129224 62.989996 80.398832 -0.442464 -52.830160 12.642883 61.520312 -81.794782 -48.001120 -36.387249 
67.049272 87.363415 62.989996 79.398832 -2.442464 -52.830160 11.642883 65.520312 -63.104317 -50.001120 -36.387249 
67.049272 87.363415 62.989996 75.901300 -2.442464 -51.830160 13.642883 -75.890681 -82.794782 -50.001120 -36.387249 
14.283115 89.129224 62.989996 76.901300 -2.442464 -50.830160 11.642883 64.520312 -79.794782 -51.001120 -39.387249 
12.283115 99.046985 64.989996 77.398832 -1.442464 -51.830160 13.642883 60.520312 -65.104317 -50.001120 -38.387249 
11.283115 87.129224 62.989996 78.398832 -5.928579 -49.830160 13.642883 63.520312 -84.794782 -48.001120 -37.387249 
68.049272 89.129224 65.989996 77.901300 -2.442464 -50.830160 12.642883 64.520312 -63.104317 -51.001120 -39.387249 
67.049272 87.129224 62.989996 77.901300 -1.442464 -50.830160 14.642883 -75.890681 -65.104317 -50.001120 -40.179110 
15.283115 87.129224 63.989996 77.901300 -0.442464 -50.830160 12.642883 63.520312 -83.794782 -50.001120 -40.387249 
67.049272 99.046985 62.989996 81.398832 -1.442464 -51.830160 10.642883 64.520312 -65.104317 -69.688758 -39.387249 
11.283115 87.129224 63.989996 77.398832 -5.928579 -51.830160 12.642883 63.520312 -62.104317 -67.688758 -40.387249 
567330 3620 118105
