92.584186 88.129224 52.381967 70.481538 -2.442464 -31.686823 78.010015 -75.890681 -99.220353 -65.688758 -53.900430 
66.049272 89.804577 56.246423 86.725543 -7.928579 -84.317114 21.604655 65.520312 -16.327704 -77.853121 -41.179110 
69.751363 86.363415 47.212688 99.721008 -2.442464 -84.317114 13.642883 -76.890681 -63.104317 -27.194536 -55.841260 
93.280373 89.129224 63.257551 65.199436 -51.085757 -33.300481 77.102820 -17.314521 -99.220353 -10.858068 -59.757747 
67.049272 89.129224 56.246423 79.398832 -54.380680 -51.830160 77.102820 65.520312 -16.327704 -65.688758 -22.094693 
82.461522 89.129224 56.246423 65.199436 -2.442464 -85.317114 29.210587 66.520312 -99.220353 -20.116954 -58.207353 
67.751363 97.046985 38.911661 77.398832 -2.442464 -92.157116 42.316176 -30.680556 -8.167056 -65.688758 -97.430717 
13.283115 57.173916 56.246423 65.199436 -78.222561 -30.686823 77.102820 65.520312 -99.220353 -10.858068 -40.387249 
89.758970 89.129224 48.704471 78.398832 46.315059 -84.317114 -18.988766 40.424142 -99.220353 -64.688899 -41.179110 
67.751363 97.046985 56.246423 78.398832 -2.442464 -91.157116 13.642883 97.906906 -64.104317 -16.899737 -59.757747 
13.283115 89.129224 56.246423 65.199436 63.125042 -29.970056 78.010015 95.418900 -99.220353 -64.688899 -52.393544 
67.751363 87.363415 56.246423 74.253283 19.933236 -31.686823 42.316176 97.906906 -16.327704 -99.736426 -53.900430 
67.751363 97.046985 54.619854 65.199436 -51.085757 -85.317114 42.316176 -30.680556 -98.521962 -54.226514 -41.179110 
13.283115 87.363415 47.704471 65.199436 -7.928579 -30.970056 28.210587 83.846349 -99.220353 -49.001120 -41.179110 
67.049272 97.046985 38.911661 66.199436 -6.928579 -91.157116 21.604655 -87.894589 -98.521962 -99.736426 -41.179110 
65.616505 89.129224 63.257551 70.481538 43.538864 -31.686823 42.316176 -47.056100 -99.220353 -64.688899 -54.841260 
66.333019 99.081123 52.381967 85.725543 -52.085757 -85.317114 77.102820 65.520312 -40.894942 -10.858068 -41.179110 
68.751363 89.804577 63.257551 74.253283 46.315059 -51.830160 13.642883 -11.724301 -7.167056 -16.899737 -41.179110 
68.751363 97.046985 56.246423 65.199436 -55.624074 -51.830160 45.019020 -10.724301 -17.327704 -11.858068 -53.900430 
69.049272 89.129224 39.597629 99.721008 -7.928579 -51.830160 42.316176 -16.314521 -98.521962 -65.688758 -53.900430 
67.049272 83.343031 53.619854 78.398832 19.933236 -51.830160 -47.924930 -76.890681 -99.220353 -64.688899 -41.179110 
92.584186 99.081123 47.212688 78.398832 19.933236 -31.686823 44.019020 65.520312 -16.754118 -98.736426 -22.094693 
68.751363 99.046985 52.381967 78.398832 -8.928579 -51.830160 78.010015 -16.314521 -33.817080 -96.530999 -22.094693 
68.751363 89.804577 63.257551 93.560449 -7.928579 -33.300481 28.210587 -16.314521 -33.817080 -99.736426 -41.179110 
67.049272 87.363415 63.989996 65.199436 63.125042 -33.300481 78.010015 97.906906 -38.050910 -11.858068 -51.812096 
13.283115 97.046985 56.246423 76.901300 -2.442464 -31.686823 21.604655 -47.056100 -100.220353 -10.858068 -76.914200 
65.616505 53.671256 47.212688 74.253283 21.769838 -85.317114 28.210587 57.849688 -38.050910 -27.194536 -40.387249 
66.049272 83.343031 63.989996 78.398832 -6.928579 -32.686823 45.019020 65.520312 -80.794782 -78.853121 -85.635194 
66.733579 30.669345 48.825141 65.199436 19.933236 -31.686823 42.316176 57.849688 -16.327704 -98.736426 -53.900430 
68.751363 94.749399 63.989996 66.199436 21.769838 -84.317114 77.102820 83.846349 -98.521962 -28.194536 -14.548113 
67.751363 87.363415 63.989996 93.560449 -2.442464 -34.300481 28.210587 -10.724301 -80.794782 -98.736426 -44.537342 
93.280373 89.129224 38.911661 78.398832 45.315059 -84.317114 -47.924930 -76.890681 -99.220353 -54.226514 -59.757747 
66.333019 87.363415 63.257551 64.659805 -7.928579 -74.322694 42.316176 83.846349 -99.220353 -98.736426 -59.757747 
66.049272 89.129224 39.597629 76.901300 -2.442464 -51.830160 -47.924930 -88.894589 -63.104317 -65.688758 -59.757747 
65.616505 97.046985 27.831118 76.901300 43.538864 -33.300481 -47.924930 79.461307 -99.220353 -77.853121 -41.179110 
89.758970 94.749399 47.212688 70.481538 43.538864 -85.317114 21.604655 -16.314521 -63.104317 -98.736426 -75.914200 
68.751363 89.129224 38.911661 77.398832 -54.380680 -31.686823 77.102820 57.849688 -99.220353 -49.001120 -42.179110 
93.280373 88.129224 53.619854 78.398832 -7.928579 -75.322694 5.695878 65.520312 -38.050910 -20.116954 -55.841260 
67.751363 89.804577 35.985604 65.199436 -55.624074 -31.686823 77.102820 97.906906 -38.050910 -77.853121 -59.757747 
67.751363 99.081123 48.704471 65.199436 -2.442464 -25.642062 13.642883 65.520312 -7.167056 -28.194536 -51.812096 
67.049272 97.046985 56.246423 78.398832 45.315059 -51.830160 21.604655 83.846349 -63.104317 -9.858068 -57.207353 
89.758970 87.363415 63.989996 66.199436 -0.442464 -25.642062 -9.955241 40.424142 -98.521962 -98.736426 -58.207353 
92.584186 99.081123 56.246423 65.199436 45.315059 -31.686823 45.019020 65.520312 -16.327704 -65.688758 -44.537342 
82.461522 94.749399 63.257551 78.398832 -7.928579 -33.300481 -47.924930 -30.680556 -16.754118 -65.688758 -14.548113 
67.751363 89.129224 38.911661 79.398832 45.315059 -85.317114 42.316176 65.520312 -17.327704 -98.736426 -55.841260 
92.280373 97.046985 52.381967 65.199436 -7.928579 -91.157116 29.210587 94.418900 -16.754118 -28.194536 -40.387249 
13.283115 30.669345 63.989996 65.199436 -7.928579 -85.317114 77.102820 -47.056100 -98.220353 -10.858068 -44.537342 
67.751363 30.669345 60.638941 98.721008 45.315059 -85.317114 13.642883 95.418900 -64.104317 -77.853121 -76.914200 
67.751363 87.363415 38.911661 65.199436 19.933236 -84.317114 -47.924930 -16.314521 -16.754118 -77.853121 -41.179110 
93.280373 53.671256 47.212688 65.199436 -8.928579 -30.970056 28.210587 -30.680556 -63.104317 -10.858068 -53.900430 
67.049272 97.046985 53.619854 78.398832 46.315059 -31.686823 -10.955241 65.520312 -63.104317 -98.736426 -52.393544 
93.280373 89.129224 47.212688 78.398832 45.315059 -33.300481 77.102820 95.418900 -38.050910 -65.688758 -58.207353 
67.751363 87.363415 56.246423 78.398832 45.315059 -29.970056 28.210587 65.520312 -38.050910 -11.858068 -41.179110 
82.461522 87.363415 48.825141 63.659805 -7.928579 -29.970056 29.210587 65.520312 -99.220353 -65.688758 -55.841260 
67.049272 87.363415 48.825141 65.199436 45.315059 -51.830160 -47.924930 -17.425938 -100.220353 -27.194536 -44.537342 
66.733579 97.046985 38.911661 65.199436 62.125042 -31.686823 45.019020 -30.680556 -81.794782 -98.736426 -59.757747 
82.461522 86.363415 46.212688 76.901300 46.315059 -30.970056 -18.988766 -75.890681 -99.220353 -39.771936 -97.430717 
68.751363 97.046985 63.257551 79.398832 -51.085757 -30.970056 -48.924930 -48.056100 -38.050910 -10.858068 -53.900430 
67.049272 97.046985 56.246423 86.725543 -55.624074 -85.317114 13.642883 65.520312 -98.521962 -77.853121 -53.900430 
13.283115 89.129224 38.911661 78.398832 43.538864 -75.322694 77.102820 -77.890681 -38.050910 -65.688758 -59.757747 
67.751363 97.046985 47.212688 78.398832 -6.928579 -31.686823 78.010015 -30.680556 -99.220353 -77.853121 -41.179110 
82.461522 89.129224 61.638941 93.560449 -7.928579 -85.317114 77.102820 -88.894589 -16.327704 -49.001120 -44.537342 
68.751363 97.046985 47.212688 76.901300 -7.928579 -85.317114 28.210587 94.418900 -80.794782 -11.858068 -75.914200 
67.751363 57.173916 47.212688 65.199436 19.933236 -80.088871 13.642883 -75.890681 -16.327704 -77.853121 -44.537342 
92.584186 89.129224 63.989996 99.721008 42.538864 -30.686823 21.604655 65.520312 -63.104317 -11.858068 -53.900430 
68.751363 89.129224 52.381967 76.901300 -0.442464 -74.322694 -47.924930 -76.890681 -82.794782 -49.001120 -53.900430 
13.283115 53.671256 62.989996 65.199436 -0.442464 -75.322694 -18.988766 65.520312 -99.220353 -65.688758 -59.757747 
67.049272 98.046985 53.619854 76.901300 -18.888994 -32.686823 28.210587 -46.056100 -16.754118 -99.736426 -55.841260 
82.461522 88.129224 47.212688 65.199436 19.933236 -31.686823 -43.035599 65.520312 -99.220353 -20.116954 -51.812096 
68.751363 97.046985 56.246423 74.253283 43.538864 -30.686823 77.102820 -93.497375 -38.050910 -10.858068 -41.179110 
66.049272 87.363415 61.638941 74.253283 19.933236 -80.088871 -47.924930 65.520312 -81.794782 -98.736426 -44.537342 
69.751363 87.363415 52.381967 65.199436 -51.085757 -31.686823 44.019020 -75.890681 -63.104317 -77.853121 -14.548113 
66.733579 89.129224 38.911661 66.199436 -2.442464 -51.830160 69.906606 65.520312 -100.220353 -65.688758 -59.757747 
93.280373 89.804577 61.638941 70.481538 63.125042 -91.157116 77.102820 94.418900 -99.220353 -99.736426 -22.094693 
92.584186 89.129224 63.257551 74.253283 -2.442464 -30.686823 13.642883 83.846349 -98.521962 -49.001120 -76.914200 
68.049272 57.173916 47.212688 86.725543 -7.928579 -85.317114 -11.955241 97.906906 -38.050910 -66.688758 -75.914200 
67.751363 99.081123 35.985604 86.725543 -2.442464 -33.300481 -17.988766 -47.056100 -99.220353 -65.688758 -40.387249 
67.751363 89.129224 48.825141 76.901300 -78.222561 -31.686823 42.316176 -74.890681 -7.167056 -49.001120 -41.179110 
66.733579 53.671256 61.638941 78.398832 -7.928579 -29.970056 21.604655 -88.894589 -98.521962 -11.858068 -40.179110 
93.280373 89.129224 35.985604 65.199436 -54.380680 -33.300481 42.316176 -88.894589 -40.894942 -65.688758 -58.207353 
13.283115 99.046985 56.246423 63.659805 -2.442464 -30.686823 13.642883 -16.314521 -100.220353 -11.858068 -22.094693 
65.616505 53.671256 56.246423 42.861080 46.315059 -51.830160 78.010015 -47.056100 -99.220353 -96.530999 -97.430717 
67.751363 89.129224 62.989996 65.199436 -51.085757 -80.088871 77.102820 -16.314521 -99.220353 -54.226514 -41.179110 
67.751363 99.081123 48.704471 65.199436 45.315059 -50.830160 42.316176 -47.056100 -99.220353 -49.001120 -41.179110 
67.751363 96.046985 56.246423 76.901300 -6.928579 -85.317114 28.210587 -10.724301 -38.050910 -65.688758 -41.179110 
68.751363 97.046985 62.638941 74.253283 43.538864 -80.088871 -17.988766 -47.056100 -100.220353 -20.116954 -41.179110 
82.461522 97.046985 53.619854 79.398832 -6.928579 -29.970056 21.604655 -16.314521 -100.220353 -20.116954 -55.841260 
92.584186 87.363415 52.381967 75.253283 -7.928579 -84.317114 -47.924930 -10.724301 -99.220353 -12.858068 -40.387249 
82.461522 89.804577 48.825141 84.215477 19.933236 -30.686823 12.642883 83.846349 -99.220353 -54.226514 -53.900430 
67.751363 100.081123 38.911661 78.398832 -51.085757 -74.322694 45.019020 79.461307 -99.220353 -49.001120 -75.914200 
67.751363 97.046985 38.911661 63.659805 19.933236 -51.830160 42.316176 65.520312 -99.220353 -16.899737 -53.900430 
70.751363 90.129224 48.704471 78.398832 -2.442464 -85.317114 29.210587 57.849688 -13.153238 -54.226514 -14.548113 
69.751363 87.363415 39.597629 99.721008 -2.442464 -51.830160 42.316176 -75.890681 -63.104317 -10.858068 -76.914200 
82.461522 87.363415 56.246423 79.398832 -6.928579 -51.830160 -10.955241 -47.056100 -38.050910 -49.001120 -85.635194 
68.751363 97.046985 61.638941 86.725543 -7.928579 -30.686823 77.102820 94.418900 -38.050910 -65.688758 -41.179110 
68.751363 99.046985 38.911661 76.901300 -7.928579 -51.830160 42.316176 65.520312 -16.754118 -11.858068 -41.179110 
13.283115 87.363415 63.989996 74.253283 -52.085757 -51.830160 13.642883 -75.890681 -13.153238 -77.853121 -59.757747 
68.751363 83.343031 47.212688 78.398832 -6.928579 -33.300481 42.316176 -11.724301 -37.050910 -65.688758 -44.537342 
67.751363 97.046985 47.212688 78.398832 19.933236 -84.317114 44.019020 -17.425938 -8.167056 -54.226514 -75.914200 
67.751363 97.046985 56.246423 93.560449 45.315059 -91.157116 42.316176 -16.314521 -80.794782 -39.745526 -41.179110 
78910 600 39874
