82.461522 89.129224 56.246423 78.398832 19.933236 -51.830160 12.642883 65.520312 -38.050910 -64.688758 -41.179110 
13.283115 89.129224 63.989996 78.398832 42.538864 -50.830160 11.642883 65.520312 -64.104317 -78.853121 -53.393544 
65.616505 90.804577 63.989996 78.398832 -2.442464 -51.830160 13.642883 65.520312 -80.794782 -66.688758 -41.179110 
12.283115 99.046985 62.989996 78.398832 18.933236 -51.830160 42.316176 -10.724301 -38.050910 -66.688758 -41.179110 
82.461522 99.046985 52.381967 76.901300 42.538864 -51.830160 -43.035599 65.520312 -101.220353 -49.001120 -41.179110 
92.584186 97.046985 52.381967 65.199436 41.538864 -51.830160 42.316176 95.418900 -38.050910 -49.001120 -52.393544 
92.584186 87.363415 56.246423 78.398832 19.933236 -91.157116 42.316176 94.418900 -63.104317 -66.688758 -22.094693 
91.584186 99.046985 56.246423 77.398832 41.538864 -91.157116 13.642883 -10.724301 -16.327704 -21.116954 -22.094693 
66.049272 87.363415 56.246423 65.199436 47.315059 -51.830160 42.316176 -11.724301 -99.220353 -66.688758 -41.179110 
12.283115 87.363415 56.246423 78.398832 47.315059 -92.157116 45.019020 -11.724301 -99.220353 -66.688758 -41.179110 
66.049272 88.129224 63.989996 65.199436 -7.928579 -52.830160 12.642883 -11.724301 -80.794782 -48.001120 -41.179110 
82.461522 88.129224 53.619854 76.901300 -8.928579 -91.157116 -43.035599 64.520312 -38.050910 -49.001120 -53.900430 
67.049272 87.363415 52.381967 65.199436 20.933236 -50.830160 5.695878 -11.724301 -64.104317 -49.001120 -52.393544 
82.461522 97.046985 52.381967 65.199436 19.933236 -51.830160 44.019020 -75.890681 -99.220353 -49.001120 -52.393544 
92.584186 87.363415 56.246423 79.398832 19.933236 -51.830160 42.316176 65.520312 -38.050910 -28.194536 -39.387249 
67.049272 83.343031 56.246423 78.398832 19.933236 -51.830160 11.642883 94.418900 -64.104317 -66.688758 -52.393544 
66.049272 89.129224 57.246423 65.199436 42.538864 -51.830160 44.019020 -75.890681 -64.104317 -49.001120 -53.841260 
82.461522 88.129224 63.989996 66.199436 41.538864 -51.830160 45.019020 78.461307 -64.104317 -48.001120 -40.387249 
13.283115 90.129224 47.212688 79.398832 19.933236 -51.830160 12.642883 65.520312 -6.167056 -21.116954 -53.393544 
66.049272 90.804577 62.989996 65.199436 19.933236 -30.686823 43.316176 65.520312 -100.220353 -19.116954 -44.537342 
67.049272 87.363415 56.246423 65.199436 -2.442464 -91.157116 42.316176 64.520312 -64.104317 -77.853121 -39.387249 
82.461522 90.129224 62.989996 65.199436 -6.928579 -50.830160 45.019020 65.520312 -64.104317 -66.688758 -41.179110 
67.049272 89.129224 63.989996 74.253283 46.315059 -50.830160 13.642883 -11.724301 -80.794782 -66.688758 -44.537342 
65.616505 90.804577 63.989996 78.398832 41.538864 -51.830160 41.316176 -11.724301 -6.167056 -49.001120 -58.757747 
92.584186 97.046985 56.246423 77.398832 41.538864 -29.970056 12.642883 -74.890681 -6.167056 -49.001120 -76.914200 
68.751363 89.129224 62.989996 77.901300 -8.928579 -91.157116 -43.035599 -16.314521 -37.050910 -65.688758 -44.537342 
92.584186 87.363415 56.246423 79.398832 19.933236 -90.157116 13.642883 65.520312 -80.794782 -28.194536 -41.179110 
91.584186 88.129224 56.246423 77.398832 -2.442464 -50.830160 -43.035599 -11.724301 -16.327704 -66.688758 -14.548113 
92.584186 90.129224 63.989996 79.398832 42.538864 -51.830160 11.642883 -75.890681 -64.104317 -49.001120 -52.393544 
82.461522 83.343031 63.989996 79.398832 19.933236 -51.830160 -43.035599 64.520312 -63.104317 -49.001120 -41.179110 
13.283115 87.363415 56.246423 66.199436 19.933236 -52.830160 42.316176 -10.724301 -38.050910 -66.688758 -41.179110 
67.049272 88.129224 52.381967 65.199436 19.933236 -85.317114 42.316176 -46.056100 -80.794782 -49.001120 -53.841260 
66.049272 89.129224 63.989996 78.398832 41.538864 -51.830160 12.642883 -10.724301 -63.104317 -66.688758 -44.537342 
92.584186 97.046985 52.381967 75.253283 42.538864 -51.830160 12.642883 -75.890681 -64.104317 -65.688899 -14.548113 
67.049272 90.129224 63.989996 76.901300 19.933236 -92.157116 12.642883 -47.056100 -80.794782 -49.001120 -53.393544 
65.616505 86.363415 63.989996 77.398832 42.538864 -30.686823 13.642883 65.520312 -99.220353 -49.001120 -52.393544 
13.283115 87.363415 56.246423 79.398832 -8.928579 -51.830160 42.316176 65.520312 -38.050910 -48.001120 -58.757747 
13.283115 87.363415 62.989996 79.398832 -6.928579 -51.830160 13.642883 65.520312 -37.050910 -28.194536 -14.548113 
68.751363 83.343031 53.619854 66.199436 -8.928579 -51.830160 11.642883 -16.314521 -63.104317 -66.688758 -15.548113 
13.283115 88.129224 63.989996 74.253283 -2.442464 -51.830160 42.316176 65.520312 -80.794782 -66.688758 -58.757747 
66.049272 97.046985 63.989996 76.901300 -7.928579 -50.830160 44.019020 -74.890681 -80.794782 -65.688758 -58.757747 
82.461522 89.129224 56.246423 66.199436 19.933236 -51.830160 45.019020 95.418900 -80.794782 -66.688758 -41.179110 
92.584186 88.129224 52.381967 65.199436 47.315059 -51.830160 -42.035599 65.520312 -16.327704 -49.001120 -40.387249 
92.584186 89.129224 63.989996 78.398832 -2.442464 -51.830160 13.642883 -75.890681 -80.794782 -29.194536 -52.393544 
92.584186 87.363415 56.246423 65.199436 -6.928579 -51.830160 45.019020 -11.724301 -80.794782 -21.116954 -41.179110 
65.616505 97.046985 52.381967 78.398832 -2.442464 -80.088871 -47.924930 95.418900 -80.794782 -49.001120 -40.179110 
66.049272 90.804577 63.989996 76.901300 47.315059 -52.830160 13.642883 67.520312 -80.794782 -48.001120 -53.393544 
67.049272 90.804577 63.989996 77.398832 19.933236 -91.157116 11.642883 65.520312 -64.104317 -77.853121 -52.393544 
92.584186 87.363415 52.381967 79.398832 -55.624074 -85.317114 13.642883 64.520312 -80.794782 -49.001120 -14.548113 
82.461522 90.804577 62.989996 79.398832 19.933236 -51.830160 -43.035599 94.418900 -63.104317 -66.688758 -76.914200 
13.283115 97.046985 38.911661 78.398832 -7.928579 -80.088871 13.642883 -76.890681 -38.050910 -67.688758 -53.900430 
92.584186 99.046985 63.989996 65.199436 42.538864 -51.830160 12.642883 65.520312 -80.794782 -77.853121 -40.387249 
92.584186 90.804577 47.212688 79.398832 19.933236 -90.157116 45.019020 65.520312 -80.794782 -28.194536 -52.393544 
82.461522 88.129224 56.246423 65.199436 19.933236 -30.686823 12.642883 -11.724301 -81.794782 -64.688899 -44.537342 
92.584186 88.129224 38.911661 76.901300 41.538864 -50.830160 11.642883 -11.724301 -63.104317 -66.688758 -39.387249 
12.283115 88.129224 63.989996 78.398832 -8.928579 -52.830160 45.019020 -10.724301 -80.794782 -49.001120 -58.757747 
82.461522 89.129224 52.381967 76.901300 19.933236 -50.830160 -43.035599 -10.724301 -80.794782 -28.194536 -53.900430 
92.584186 89.129224 62.989996 79.398832 19.933236 -91.157116 42.316176 65.520312 -38.050910 -49.001120 -14.548113 
13.283115 87.363415 63.989996 78.398832 -55.624074 -50.830160 -43.035599 94.418900 -64.104317 -66.688758 -40.387249 
13.283115 90.804577 52.381967 79.398832 19.933236 -92.157116 5.695878 64.520312 -80.794782 -65.688758 -22.094693 
82.461522 99.046985 52.381967 65.199436 -7.928579 -50.830160 45.019020 -11.724301 -38.050910 -66.688758 -40.387249 
66.049272 100.046985 63.989996 76.901300 20.933236 -51.830160 12.642883 65.520312 -63.104317 -49.001120 -14.548113 
12.283115 99.046985 47.704471 79.398832 -7.928579 -51.830160 12.642883 65.520312 -80.794782 -66.688758 -54.841260 
93.280373 88.129224 63.989996 77.398832 19.933236 -86.317114 42.316176 -74.890681 -99.220353 -66.688758 -53.393544 
13.283115 99.046985 51.381967 65.199436 19.933236 -91.157116 12.642883 -10.724301 -80.794782 -77.853121 -41.179110 
13.283115 99.046985 52.381967 76.901300 42.538864 -90.157116 13.642883 65.520312 -5.167056 -49.001120 -52.393544 
92.584186 97.046985 52.381967 65.199436 -8.928579 -93.157116 -47.924930 -75.890681 -80.794782 -49.001120 -58.757747 
92.584186 98.046985 52.381967 65.199436 -6.928579 -92.157116 12.642883 -9.724301 -64.104317 -66.688758 -58.757747 
92.584186 90.804577 63.989996 77.398832 -8.928579 -80.088871 12.642883 64.520312 -39.050910 -28.194536 -39.387249 
92.584186 99.046985 63.989996 74.253283 -6.928579 -92.157116 12.642883 95.418900 -64.104317 -49.001120 -52.393544 
12.283115 90.804577 62.989996 65.199436 -6.928579 -85.317114 13.642883 -11.724301 -80.794782 -49.001120 -14.548113 
66.049272 89.129224 47.704471 76.901300 20.933236 -51.830160 13.642883 -74.890681 -99.220353 -49.001120 -44.537342 
13.283115 86.363415 63.989996 76.901300 0.557536 -51.830160 12.642883 -74.890681 -38.050910 -66.688758 -44.537342 
66.049272 89.129224 56.246423 78.398832 -8.928579 -51.830160 12.642883 -16.314521 -63.104317 -49.001120 -14.548113 
13.283115 90.804577 52.381967 66.199436 19.933236 -91.157116 42.316176 -74.890681 -101.220353 -28.194536 -76.914200 
92.584186 89.129224 62.989996 65.199436 19.933236 -51.830160 5.695878 93.418900 -100.220353 -77.853121 -52.393544 
92.584186 99.046985 55.246423 78.398832 46.315059 -51.830160 45.019020 -75.890681 -101.220353 -48.001120 -41.179110 
82.461522 87.363415 53.619854 65.199436 47.315059 -51.830160 13.642883 -76.890681 -16.327704 -66.688758 -53.393544 
82.461522 99.046985 52.381967 78.398832 47.315059 -92.157116 11.642883 65.520312 -99.220353 -65.688758 -41.179110 
13.283115 99.046985 63.989996 77.398832 19.933236 -86.317114 11.642883 -74.890681 -63.104317 -28.194536 -53.393544 
82.461522 97.046985 63.989996 74.253283 -5.928579 -51.830160 45.019020 65.520312 -38.050910 -28.194536 -41.179110 
92.584186 99.046985 52.381967 65.199436 -6.928579 -50.830160 -43.035599 -11.724301 -80.794782 -49.001120 -53.393544 
92.584186 91.129224 56.246423 76.901300 42.538864 -51.830160 13.642883 -10.724301 -64.104317 -49.001120 -41.179110 
92.584186 89.129224 63.989996 66.199436 19.933236 -51.830160 -47.924930 -11.724301 -63.104317 -66.688758 -58.757747 
92.584186 87.363415 63.989996 76.901300 47.315059 -51.830160 42.316176 -10.724301 -37.050910 -65.688758 -14.548113 
92.584186 87.363415 55.246423 65.199436 -6.928579 -91.157116 5.695878 97.906906 -99.220353 -66.688758 -53.393544 
92.584186 83.343031 47.704471 65.199436 19.933236 -51.830160 12.642883 -75.890681 -64.104317 -49.001120 -44.537342 
92.584186 83.343031 52.381967 78.398832 -8.928579 -91.157116 13.642883 65.520312 -64.104317 -21.116954 -53.393544 
92.584186 88.129224 62.989996 65.199436 42.538864 -90.157116 11.642883 65.520312 -99.220353 -28.194536 -40.387249 
12.283115 89.129224 56.246423 78.398832 18.933236 -93.157116 13.642883 95.418900 -80.794782 -49.001120 -58.757747 
12.283115 88.129224 63.989996 74.253283 19.933236 -51.830160 42.316176 -10.724301 -64.104317 -49.001120 -40.387249 
65.616505 88.129224 63.989996 78.398832 19.933236 -51.830160 5.695878 65.520312 -99.220353 -66.688758 -44.537342 
92.584186 90.129224 62.989996 65.199436 19.933236 -92.157116 11.642883 -11.724301 -37.050910 -28.194536 -52.393544 
92.584186 87.363415 63.989996 65.199436 -7.928579 -51.830160 5.695878 -10.724301 -64.104317 -47.001120 -41.387249 
13.283115 87.363415 47.704471 77.398832 46.315059 -92.157116 44.019020 -75.890681 -99.220353 -77.853121 -52.393544 
93.280373 99.046985 62.989996 65.199436 42.538864 -92.157116 12.642883 -10.724301 -38.050910 -50.001120 -55.841260 
66.049272 87.363415 52.381967 78.398832 0.557536 -51.830160 45.019020 67.520312 -64.104317 -66.688758 -41.179110 
93.280373 83.343031 56.246423 78.398832 47.315059 -80.088871 5.695878 63.520312 -64.104317 -49.001120 -14.548113 
66.049272 88.129224 47.212688 65.199436 42.538864 -51.830160 44.019020 97.906906 -63.104317 -28.194536 -53.841260 
67.751363 87.363415 56.246423 78.398832 -6.928579 -50.830160 12.642883 95.418900 -38.050910 -48.001120 -44.537342 
281870 590 78744
