92.584186 88.129224 63.989996 78.398832 42.538864 -51.830160 46.019020 66.520312 -79.794782 -48.001120 -53.393544 
13.283115 87.363415 63.989996 78.398832 -2.442464 -51.830160 13.642883 64.520312 -100.220353 -48.001120 -52.393544 
92.584186 88.129224 63.989996 79.398832 1.557536 -52.830160 12.642883 64.520312 -80.794782 -49.001120 -41.179110 
92.584186 91.129224 62.989996 65.199436 20.933236 -51.830160 13.642883 63.520312 -80.794782 -48.001120 -16.548113 
82.461522 90.804577 57.246423 78.398832 1.557536 -51.830160 13.642883 -74.890681 -79.794782 -48.001120 -41.179110 
92.584186 88.363415 52.381967 74.253283 -2.442464 -51.830160 42.316176 63.520312 -80.794782 -65.688758 -41.179110 
64.049272 90.804577 57.246423 78.398832 41.538864 -51.830160 12.642883 65.520312 -80.794782 -49.001120 -53.841260 
66.751363 96.046985 55.246423 78.398832 47.315059 -51.830160 45.019020 -75.890681 -64.104317 -48.001120 -41.179110 
64.049272 91.129224 52.381967 79.398832 -5.928579 -51.830160 42.316176 65.520312 -99.220353 -48.001120 -53.841260 
92.584186 87.129224 63.989996 78.398832 1.557536 -52.830160 13.642883 -74.890681 -64.104317 -65.688758 -16.548113 
13.283115 86.363415 52.381967 79.398832 43.538864 -51.830160 42.316176 66.520312 -80.794782 -66.688758 -41.179110 
92.584186 88.129224 63.989996 65.199436 47.315059 -80.088871 13.642883 66.520312 -80.794782 -66.688758 -52.393544 
13.283115 91.129224 63.989996 64.199436 -2.442464 -51.830160 12.642883 65.520312 -80.794782 -67.688758 -44.537342 
92.584186 88.363415 56.246423 79.398832 -8.928579 -80.088871 13.642883 64.520312 -80.794782 -66.688758 -53.841260 
67.049272 88.129224 62.989996 78.398832 20.933236 -52.830160 45.019020 -74.890681 -80.794782 -49.001120 -39.387249 
92.584186 87.363415 63.989996 79.398832 -2.442464 -51.830160 4.695878 66.520312 -99.220353 -49.001120 -41.179110 
13.283115 87.363415 56.246423 78.398832 -6.928579 -51.830160 13.642883 -9.724301 -64.104317 -48.001120 -40.179110 
12.283115 86.363415 63.989996 79.398832 -2.442464 -52.830160 42.316176 -74.890681 -99.220353 -66.688758 -41.179110 
13.283115 87.129224 63.989996 74.253283 -2.442464 -50.830160 45.019020 -74.890681 -99.220353 -66.688758 -39.387249 
67.751363 89.129224 63.989996 76.901300 -2.442464 -52.830160 44.019020 65.520312 -64.104317 -48.001120 -39.387249 
82.461522 91.129224 63.989996 75.901300 -6.928579 -91.157116 12.642883 -11.724301 -99.220353 -49.001120 -44.537342 
12.283115 100.046985 63.989996 74.253283 -8.928579 -51.830160 43.316176 63.520312 -80.794782 -49.001120 -14.548113 
82.461522 100.046985 53.381967 76.901300 -2.442464 -50.830160 12.642883 64.520312 -99.220353 -67.688758 -40.179110 
67.751363 97.046985 52.381967 79.398832 19.933236 -52.830160 5.695878 -75.890681 -80.794782 -49.001120 -53.393544 
93.584186 88.129224 53.381967 74.253283 1.557536 -51.830160 13.642883 -74.890681 -99.220353 -49.001120 -16.548113 
92.584186 100.046985 65.989996 78.398832 -6.928579 -51.830160 12.642883 65.520312 -80.794782 -48.001120 -16.548113 
66.049272 90.129224 62.989996 65.199436 -7.928579 -51.830160 45.019020 64.520312 -64.104317 -48.001120 -41.179110 
82.461522 87.363415 63.989996 64.199436 42.538864 -80.088871 -47.924930 65.520312 -39.050910 -29.194536 -44.537342 
93.584186 87.129224 63.989996 78.398832 42.538864 -51.830160 43.316176 -74.890681 -99.220353 -48.001120 -44.537342 
12.283115 87.363415 52.381967 78.398832 -8.928579 -52.830160 13.642883 -74.890681 -63.104317 -48.001120 -52.393544 
13.283115 88.129224 56.246423 79.398832 -7.928579 -51.830160 41.316176 64.520312 -79.794782 -48.001120 -53.841260 
13.283115 88.129224 63.989996 78.398832 -2.442464 -91.157116 5.695878 64.520312 -99.220353 -49.001120 -39.387249 
92.584186 97.046985 53.381967 79.398832 -2.442464 -51.830160 6.695878 64.520312 -99.220353 -49.001120 -53.841260 
13.283115 97.046985 62.989996 64.199436 -6.928579 -52.830160 12.642883 65.520312 -99.220353 -66.688758 -44.537342 
92.584186 97.046985 63.989996 78.398832 -0.442464 -51.830160 45.019020 -74.890681 -99.220353 -48.001120 -41.179110 
93.584186 92.129224 56.246423 74.253283 19.933236 -50.830160 43.316176 64.520312 -80.794782 -48.001120 -39.387249 
82.461522 89.129224 63.989996 79.398832 18.933236 -51.830160 12.642883 64.520312 -80.794782 -28.194536 -44.537342 
64.049272 97.046985 64.989996 64.199436 20.933236 -52.830160 45.019020 65.520312 -80.794782 -49.001120 -44.537342 
92.584186 100.046985 64.989996 78.398832 -8.928579 -51.830160 44.019020 -12.724301 -99.220353 -67.688758 -41.179110 
82.461522 91.129224 63.989996 79.398832 -2.442464 -51.830160 12.642883 94.418900 -99.220353 -48.001120 -41.179110 
92.584186 97.046985 56.246423 78.398832 1.557536 -51.830160 45.019020 94.418900 -80.794782 -66.688758 -52.393544 
92.584186 91.129224 63.989996 78.398832 -2.442464 -51.830160 5.695878 -74.890681 -5.167056 -48.001120 -42.179110 
67.751363 96.046985 64.989996 78.398832 47.315059 -50.830160 12.642883 65.520312 -80.794782 -50.001120 -53.393544 
92.584186 100.046985 63.989996 78.398832 -2.442464 -51.830160 5.695878 65.520312 -5.167056 -49.001120 -39.387249 
92.584186 91.129224 64.989996 78.398832 20.933236 -52.830160 12.642883 -74.890681 -39.050910 -67.688758 -44.537342 
92.584186 88.129224 63.989996 78.398832 -7.928579 -51.830160 45.019020 66.520312 -64.104317 -48.001120 -44.537342 
13.283115 97.046985 63.989996 79.398832 43.538864 -50.830160 45.019020 66.520312 -5.167056 -66.688758 -52.393544 
12.283115 88.129224 56.246423 76.901300 -6.928579 -50.830160 12.642883 65.520312 -64.104317 -67.688758 -53.393544 
13.283115 89.129224 63.989996 64.199436 -6.928579 -51.830160 12.642883 -9.724301 -64.104317 -67.688758 -44.537342 
67.751363 89.129224 63.989996 79.398832 -8.928579 -51.830160 42.316176 -11.724301 -64.104317 -28.194536 -41.179110 
92.584186 88.363415 63.989996 75.901300 -2.442464 -52.830160 45.019020 -74.890681 -100.220353 -50.001120 -44.537342 
65.616505 87.129224 56.246423 78.398832 42.538864 -52.830160 12.642883 -74.890681 -79.794782 -67.688758 -53.841260 
67.049272 92.129224 57.246423 79.398832 -2.442464 -51.830160 43.316176 -74.890681 -64.104317 -66.688758 -53.841260 
82.461522 92.129224 62.989996 78.398832 1.557536 -51.830160 12.642883 65.520312 -38.050910 -49.001120 -41.179110 
92.584186 88.129224 63.989996 79.398832 43.538864 -51.830160 12.642883 -75.890681 -99.220353 -49.001120 -39.387249 
68.751363 88.129224 63.989996 79.398832 -1.442464 -52.830160 45.019020 65.520312 -99.220353 -66.688758 -53.841260 
12.283115 97.046985 62.989996 78.398832 43.538864 -50.830160 13.642883 -11.724301 -99.220353 -50.001120 -39.387249 
13.283115 91.129224 62.989996 76.901300 19.933236 -51.830160 43.316176 64.520312 -80.794782 -66.688758 -52.393544 
67.751363 87.129224 47.212688 78.398832 -2.442464 -52.830160 13.642883 65.520312 -80.794782 -48.001120 -53.841260 
12.283115 88.129224 52.381967 76.901300 20.933236 -50.830160 13.642883 -74.890681 -80.794782 -49.001120 -53.393544 
12.283115 88.129224 57.246423 79.398832 19.933236 -51.830160 14.642883 -75.890681 -98.220353 -48.001120 -15.548113 
64.049272 97.046985 63.989996 77.398832 19.933236 -51.830160 12.642883 -74.890681 -99.220353 -48.001120 -41.179110 
67.751363 88.129224 57.246423 74.253283 -6.928579 -80.088871 12.642883 65.520312 -99.220353 -49.001120 -52.393544 
67.751363 87.363415 63.989996 78.398832 -6.928579 -51.830160 5.695878 -74.890681 -79.794782 -28.194536 -44.537342 
67.751363 91.129224 63.989996 78.398832 -6.928579 -51.830160 44.019020 65.520312 -5.167056 -67.688758 -52.393544 
82.461522 87.129224 63.989996 78.398832 -6.928579 -79.088871 42.316176 64.520312 -80.794782 -50.001120 -53.841260 
12.283115 88.129224 63.989996 79.398832 -2.442464 -51.830160 45.019020 -74.890681 -99.220353 -66.688758 -53.393544 
13.283115 88.129224 63.989996 76.901300 47.315059 -52.830160 43.316176 65.520312 -5.167056 -49.001120 -45.537342 
64.049272 92.129224 63.989996 74.253283 -6.928579 -52.830160 13.642883 -74.890681 -64.104317 -49.001120 -43.537342 
82.461522 87.129224 57.246423 74.253283 47.315059 -51.830160 5.695878 64.520312 -99.220353 -50.001120 -43.537342 
92.584186 99.046985 63.989996 79.398832 -2.442464 -51.830160 12.642883 94.418900 -99.220353 -49.001120 -16.548113 
66.751363 88.129224 63.989996 65.199436 -6.928579 -52.830160 13.642883 65.520312 -80.794782 -48.001120 -16.548113 
67.049272 96.046985 53.381967 79.398832 -8.928579 -52.830160 42.316176 65.520312 -80.794782 -66.688758 -43.537342 
13.283115 88.129224 52.381967 78.398832 19.933236 -80.088871 45.019020 64.520312 -65.104317 -48.001120 -44.537342 
92.584186 87.363415 56.246423 64.199436 19.933236 -51.830160 43.316176 64.520312 -64.104317 -49.001120 -44.537342 
92.584186 96.046985 64.989996 64.199436 -2.442464 -90.157116 13.642883 -74.890681 -64.104317 -66.688758 -40.179110 
13.283115 88.129224 57.246423 79.398832 -2.442464 -51.830160 -46.924930 -75.890681 -64.104317 -48.001120 -52.393544 
65.049272 88.129224 63.989996 78.398832 -6.928579 -81.088871 14.642883 64.520312 -64.104317 -67.688758 -52.393544 
92.584186 87.363415 52.381967 79.398832 20.933236 -51.830160 42.316176 65.520312 -99.220353 -48.001120 -39.387249 
64.049272 87.363415 63.989996 79.398832 1.557536 -51.830160 13.642883 -11.724301 -39.050910 -49.001120 -43.537342 
92.584186 97.046985 56.246423 78.398832 -8.928579 -51.830160 43.316176 64.520312 -99.220353 -48.001120 -41.179110 
67.751363 88.129224 63.989996 79.398832 -6.928579 -52.830160 12.642883 -74.890681 -99.220353 -49.001120 -39.387249 
65.616505 99.046985 56.246423 78.398832 20.933236 -52.830160 12.642883 64.520312 -79.794782 -66.688758 -39.387249 
64.049272 88.129224 63.989996 64.199436 -1.442464 -91.157116 43.316176 64.520312 -79.794782 -28.194536 -41.179110 
92.584186 87.363415 64.989996 79.398832 1.557536 -52.830160 41.316176 64.520312 -64.104317 -65.688758 -16.548113 
65.616505 99.046985 52.381967 64.199436 19.933236 -91.157116 12.642883 66.520312 -99.220353 -48.001120 -39.387249 
92.584186 88.129224 63.989996 77.398832 42.538864 -50.830160 14.642883 64.520312 -40.050910 -67.688758 -16.548113 
66.049272 88.129224 57.246423 76.901300 42.538864 -51.830160 13.642883 64.520312 -80.794782 -49.001120 -52.393544 
92.584186 88.129224 63.989996 64.199436 47.315059 -51.830160 42.316176 65.520312 -80.794782 -49.001120 -43.537342 
12.283115 99.046985 62.989996 79.398832 -2.442464 -51.830160 44.019020 -74.890681 -64.104317 -48.001120 -41.179110 
92.584186 88.129224 64.989996 76.901300 1.557536 -51.830160 -46.924930 65.520312 -64.104317 -66.688758 -16.548113 
92.584186 87.363415 62.989996 76.901300 -2.442464 -51.830160 12.642883 63.520312 -64.104317 -50.001120 -52.393544 
91.584186 99.046985 57.246423 76.901300 -7.928579 -51.830160 5.695878 65.520312 -80.794782 -48.001120 -41.179110 
66.049272 91.129224 63.989996 65.199436 1.557536 -51.830160 45.019020 66.520312 -80.794782 -49.001120 -52.393544 
67.049272 89.129224 56.246423 78.398832 -2.442464 -51.830160 12.642883 65.520312 -64.104317 -66.688758 -53.393544 
92.584186 97.046985 57.246423 80.398832 18.933236 -51.830160 46.019020 65.520312 -99.220353 -48.001120 -16.548113 
82.461522 97.046985 63.989996 79.398832 42.538864 -79.088871 5.695878 63.520312 -39.050910 -66.688758 -41.179110 
13.283115 89.129224 63.989996 78.398832 42.538864 -50.830160 13.642883 64.520312 -64.104317 -66.688758 -53.841260 
65.049272 91.129224 63.989996 64.199436 -6.928579 -91.157116 45.019020 65.520312 -80.794782 -48.001120 -43.537342 
13.283115 91.129224 63.989996 78.398832 42.538864 -52.830160 12.642883 -9.724301 -64.104317 -65.688758 -40.179110 
272380 3990 80823
