93.280373 89.804577 46.212688 64.659805 -6.928579 -50.830160 -17.988766 40.424142 -98.521962 -54.226514 -55.841260 
93.280373 89.129224 47.212688 78.398832 45.315059 -74.322694 42.316176 97.906906 -38.050910 -96.530999 -53.900430 
89.758970 89.129224 63.989996 65.199436 -7.928579 -33.300481 -43.035599 83.846349 -40.894942 -39.745526 -14.548113 
67.751363 87.363415 47.212688 86.725543 21.769838 -33.300481 77.102820 66.520312 -99.220353 -65.688758 -22.094693 
68.751363 99.081123 47.212688 78.398832 92.983381 -33.300481 13.642883 65.520312 -76.644502 -12.858068 -22.094693 
68.751363 89.129224 53.619854 94.560449 45.315059 -32.686823 42.316176 -17.425938 -33.817080 -65.688899 -12.548113 
67.049272 99.081123 63.257551 78.398832 46.315059 -31.686823 -17.988766 95.418900 -63.104317 -65.688758 -85.635194 
68.049272 89.129224 48.704471 78.398832 -78.222561 -42.395279 77.102820 -16.314521 -64.104317 -49.001120 -59.757747 
75.476798 88.129224 56.246423 46.000418 -51.085757 -30.970056 -17.988766 66.520312 -63.104317 -60.014564 -41.179110 
79.406737 61.724545 53.619854 78.398832 -51.085757 -30.970056 -43.035599 -10.724301 -63.104317 -27.194536 -97.430717 
68.751363 89.129224 47.212688 70.481538 63.994913 -30.970056 13.642883 97.906906 -27.725287 -98.736426 -83.635194 
93.280373 83.343031 46.212688 64.659805 -55.624074 -91.157116 29.210587 65.520312 -38.685683 -65.688758 -37.860872 
66.333019 98.046985 56.246423 98.721008 63.125042 -51.830160 21.604655 -93.497375 -98.521962 -98.736426 -59.757747 
67.049272 87.363415 35.985604 78.398832 46.315059 -51.830160 29.210587 -76.890681 -38.050910 -60.014564 -13.548113 
67.751363 97.046985 63.989996 98.721008 -54.380680 -31.686823 -43.035599 -10.724301 -13.153238 -49.001120 -97.430717 
68.751363 89.129224 63.989996 78.398832 -7.928579 -60.631300 77.102820 -88.894589 -63.104317 -97.360613 -44.537342 
68.751363 30.669345 35.985604 42.861080 43.538864 -43.395279 69.906606 65.520312 -16.754118 -98.736426 -41.179110 
82.461522 87.363415 47.212688 74.253283 -52.085757 -31.686823 78.010015 40.424142 -63.104317 -54.226514 -44.537342 
95.008411 89.129224 48.704471 70.481538 -50.085757 -86.317114 42.316176 -46.056100 -63.104317 -98.736426 -76.914200 
93.280373 89.129224 38.911661 98.721008 46.315059 -51.830160 42.316176 66.520312 -99.220353 -49.001120 -12.548113 
67.049272 89.804577 63.989996 65.199436 46.315059 -85.317114 28.210587 65.520312 -100.220353 -16.899737 -41.179110 
93.280373 83.343031 53.619854 65.199436 -55.624074 -51.830160 77.102820 -88.894589 -99.220353 -54.226514 -41.179110 
67.751363 88.129224 35.985604 98.721008 47.315059 -86.317114 28.210587 -79.451754 -16.754118 -28.194536 -37.860872 
67.751363 99.081123 56.246423 63.659805 -53.380680 -41.899713 28.210587 95.418900 -99.220353 -77.853121 -40.387249 
67.049272 89.129224 52.381967 63.659805 63.125042 -74.322694 -71.987213 -10.724301 -4.169117 -16.899737 -44.537342 
68.751363 97.046985 52.381967 78.398832 19.933236 -42.395279 42.316176 -10.724301 -28.725287 -77.853121 -97.430717 
90.016046 97.046985 47.212688 84.215477 63.994913 -85.317114 -10.955241 -17.425938 -99.220353 -65.688899 -97.430717 
93.280373 99.081123 35.985604 78.398832 -2.442464 -31.686823 42.316176 -10.724301 -38.685683 -39.771936 -12.548113 
82.461522 89.129224 47.212688 65.199436 -51.085757 -51.830160 42.316176 97.906906 -99.220353 -49.001120 -41.179110 
67.049272 88.363415 53.619854 66.199436 -6.928579 -31.686823 78.010015 -93.497375 -38.050910 -20.116954 -12.548113 
92.584186 98.046985 38.911661 78.398832 43.538864 -60.631300 -47.924930 97.906906 -68.757789 -77.853121 -76.914200 
84.369081 85.296547 48.704471 76.901300 -55.624074 -80.088871 -43.035599 -75.890681 -80.794782 -99.736426 -22.094693 
67.751363 97.046985 63.257551 77.398832 -7.928579 -51.830160 -10.955241 -88.894589 -80.794782 -98.736426 -41.179110 
67.049272 84.343031 47.212688 70.481538 -51.085757 -60.631300 69.906606 -93.497375 -98.521962 -28.194536 -97.430717 
68.751363 89.129224 56.246423 76.901300 46.315059 -84.317114 77.102820 94.418900 -16.327704 -49.001120 -59.757747 
67.333019 85.296547 55.246423 76.901300 -7.928579 -85.317114 4.695878 40.424142 -38.685683 -49.001120 -27.095717 
83.354220 97.046985 48.825141 78.398832 47.315059 -51.830160 -43.035599 -88.894589 -14.153238 -77.853121 -76.914200 
66.333019 89.129224 27.831118 99.721008 -18.888994 -60.631300 -47.924930 -93.497375 -17.327704 -54.226514 -59.757747 
66.733579 97.046985 53.619854 64.199436 63.125042 -31.686823 44.019020 -16.314521 -15.327704 -54.226514 -41.179110 
66.733579 89.804577 48.704471 62.659805 -1.442464 -51.830160 42.316176 -11.724301 -38.685683 -39.745526 -44.537342 
66.049272 53.671256 48.825141 63.659805 46.315059 -74.322694 -17.988766 -88.894589 -80.794782 -28.194536 -85.635194 
67.751363 87.363415 49.825141 65.199436 -54.380680 -74.322694 -43.035599 -76.890681 -38.685683 -32.438620 -41.179110 
66.733579 89.129224 53.619854 93.560449 63.125042 -51.830160 -47.924930 66.520312 -68.757789 -48.001120 -41.179110 
67.049272 30.669345 47.704471 98.721008 -2.442464 -31.686823 78.010015 -76.890681 -99.220353 -54.226514 -42.179110 
68.751363 89.129224 47.212688 76.901300 -2.442464 -74.322694 -47.924930 97.906906 -16.327704 -28.194536 -41.179110 
66.333019 89.129224 27.831118 86.725543 -51.085757 -32.300481 -43.035599 -75.890681 -16.327704 -49.001120 -97.430717 
82.461522 88.363415 53.619854 70.481538 -7.928579 -30.970056 13.642883 -30.680556 -100.220353 -77.853121 -58.207353 
66.049272 97.046985 53.619854 93.560449 -2.442464 -33.300481 45.019020 95.418900 -4.169117 -54.226514 -53.900430 
92.584186 99.081123 63.257551 98.721008 -54.380680 -51.830160 28.210587 -88.894589 -63.104317 -11.858068 -85.635194 
93.280373 97.046985 39.597629 65.199436 -2.442464 -33.300481 77.102820 83.846349 -99.220353 -20.116954 -76.914200 
68.751363 99.081123 63.989996 70.481538 -51.085757 -85.317114 77.102820 -11.724301 -38.050910 -60.014564 -53.900430 
93.280373 97.046985 47.212688 78.398832 -2.442464 -85.317114 77.102820 -17.425938 -13.153238 -27.194536 -41.179110 
68.751363 97.046985 48.825141 65.199436 -55.624074 -33.300481 -10.955241 -11.724301 -63.104317 -28.194536 -41.179110 
67.049272 87.363415 27.831118 65.199436 -50.085757 -80.088871 -43.035599 66.520312 -76.644502 -28.194536 -41.179110 
67.751363 88.129224 61.638941 64.659805 92.983381 -85.317114 69.906606 65.520312 -13.153238 -77.853121 -59.757747 
67.049272 87.363415 32.232377 63.659805 -7.928579 -31.686823 29.210587 -79.451754 -40.894942 -39.745526 -41.179110 
65.616505 87.363415 52.381967 86.725543 92.983381 -42.395279 28.210587 -88.894589 -4.169117 -54.226514 -59.757747 
63.573938 88.804577 47.212688 93.560449 -51.085757 -50.830160 -43.035599 -74.890681 -76.644502 -65.688758 -55.841260 
68.751363 99.081123 47.212688 42.861080 21.769838 -51.830160 -10.955241 -10.724301 -17.327704 -20.116954 -97.430717 
68.751363 97.046985 35.985604 98.721008 -51.085757 -31.686823 21.604655 -10.724301 -100.220353 -77.853121 -97.430717 
68.751363 87.363415 47.212688 65.199436 -7.928579 -17.529422 13.642883 79.461307 -40.894942 -77.853121 -54.841260 
93.280373 94.749399 48.704471 93.560449 46.315059 -51.830160 -47.924930 40.424142 -80.794782 -10.858068 -55.841260 
66.733579 30.669345 48.704471 98.721008 21.769838 -51.830160 76.102820 -93.497375 -38.050910 -27.194536 -59.757747 
67.049272 87.363415 49.704471 76.901300 -2.442464 -50.830160 76.102820 -75.890681 -38.050910 -28.194536 -12.548113 
66.751363 30.669345 56.246423 98.721008 47.315059 -42.395279 -43.035599 -17.425938 -13.153238 -69.171801 -85.635194 
93.280373 97.046985 56.246423 65.199436 -53.380680 -25.642062 -47.924930 -93.497375 -80.794782 -98.736426 -83.635194 
67.751363 87.363415 48.704471 99.721008 -7.928579 -60.631300 44.019020 -10.724301 -17.327704 -39.745526 -41.179110 
68.751363 85.296547 47.212688 78.398832 -55.624074 -41.899713 42.316176 95.418900 -99.220353 -60.014564 -44.537342 
67.049272 89.804577 72.195579 93.560449 46.315059 -51.830160 -47.924930 -75.890681 -38.685683 -77.853121 -97.430717 
68.751363 87.363415 63.989996 98.721008 21.769838 -33.300481 -71.987213 -76.890681 -38.050910 -39.771936 -53.900430 
67.751363 97.046985 63.989996 63.659805 43.538864 -86.317114 -43.035599 -12.724301 -4.169117 -27.194536 -75.914200 
67.751363 97.046985 52.381967 65.199436 -0.442464 -51.830160 42.316176 -47.056100 -13.153238 -28.194536 -55.841260 
82.461522 87.363415 53.619854 63.659805 43.538864 -31.686823 -17.988766 83.846349 -63.104317 -16.899737 -14.548113 
67.049272 57.173916 56.246423 78.398832 -2.442464 -25.642062 -47.924930 -10.724301 -8.167056 -20.116954 -41.179110 
68.751363 87.363415 48.704471 94.560449 -52.085757 -85.317114 42.316176 -17.425938 -76.644502 -10.858068 -12.548113 
68.751363 97.046985 52.381967 78.398832 45.315059 -25.642062 -18.988766 -88.894589 -99.220353 -27.194536 -27.095717 
67.751363 97.046985 61.638941 63.659805 19.933236 -51.830160 5.695878 65.520312 -33.817080 -98.736426 -41.179110 
92.584186 87.363415 56.246423 74.253283 -18.888994 -90.157116 -17.988766 -76.890681 -7.167056 -39.745526 -22.094693 
65.616505 99.081123 53.619854 78.398832 -55.624074 -25.642062 -17.988766 33.355099 -38.050910 -49.001120 -52.393544 
66.733579 97.046985 38.911661 76.901300 -55.624074 -90.157116 -43.035599 65.520312 -99.220353 -28.194536 -50.911255 
92.584186 89.129224 48.825141 65.199436 -51.085757 -33.300481 45.019020 65.520312 -80.794782 -10.858068 -41.179110 
79.406737 97.046985 48.704471 98.721008 -2.442464 -85.317114 -18.988766 57.849688 -80.794782 -20.116954 -52.393544 
67.751363 89.129224 48.704471 65.199436 -55.624074 -80.088871 28.210587 -17.425938 -17.327704 -98.736426 -51.812096 
84.369081 97.046985 48.825141 78.398832 -51.085757 -31.686823 78.010015 66.520312 -7.167056 -60.014564 -41.179110 
67.049272 97.046985 63.989996 62.659805 19.933236 -50.830160 21.604655 -16.314521 -13.153238 -28.194536 -54.841260 
93.280373 88.129224 38.911661 93.560449 -7.928579 -40.745788 28.210587 -88.894589 -76.644502 -77.853121 -59.757747 
92.584186 89.129224 31.232377 65.199436 -55.624074 -30.970056 -17.988766 -16.314521 -80.794782 -11.858068 -54.841260 
13.283115 97.046985 48.212688 63.659805 -55.624074 -51.830160 42.316176 -17.425938 -17.327704 -49.001120 -12.548113 
68.751363 89.129224 31.232377 98.721008 21.769838 -31.686823 42.316176 66.520312 -99.220353 -28.599731 -55.841260 
89.758970 97.046985 38.911661 70.481538 63.994913 -33.300481 28.210587 -76.890681 -38.050910 -77.853121 -40.387249 
68.751363 83.343031 32.232377 78.398832 46.315059 -50.830160 28.210587 -16.314521 -16.327704 -49.001120 -41.179110 
67.751363 97.046985 52.381967 78.398832 -52.085757 -25.642062 42.316176 65.520312 -16.327704 -11.858068 -37.860872 
66.733579 98.046985 48.704471 65.199436 -7.928579 -30.686823 69.906606 94.418900 -6.723707 -54.226514 -13.548113 
66.333019 88.363415 72.195579 78.398832 -56.624074 -30.970056 77.102820 -11.724301 -38.050910 -98.736426 -44.537342 
67.751363 87.363415 47.212688 70.481538 45.315059 -33.300481 -17.988766 33.355099 -33.817080 -11.858068 -44.537342 
67.049272 88.129224 63.257551 63.659805 -52.085757 -74.322694 -18.988766 -76.890681 -40.894942 -28.194536 -41.179110 
13.283115 97.046985 61.638941 98.721008 -7.928579 -29.970056 77.102820 -76.890681 -7.723707 -65.688758 -58.207353 
66.733579 83.343031 48.704471 46.000418 -18.888994 -31.686823 -47.924930 -30.680556 -63.104317 -41.332233 -76.914200 
67.751363 87.363415 53.619854 65.199436 21.769838 -31.686823 -17.988766 65.520312 -80.794782 -69.171801 -27.095717 
93.280373 53.671256 47.212688 65.199436 -2.442464 -80.088871 42.316176 65.520312 -63.104317 -49.001120 -41.179110 
81570 40 32864
