score =  473080 13.283115 85.129224 65.989996 75.901300 -5.928579 -52.830160 14.642883 65.520312 -62.104317 -50.001120 -37.387249 
score =  362500 13.283115 90.363415 63.989996 81.398832 -5.928579 -52.830160 11.642883 65.520312 -61.104317 -51.001120 -37.387249 
score =  352680 14.283115 86.129224 64.989996 81.398832 -5.928579 -53.830160 11.642883 65.520312 -65.104317 -51.001120 -37.387249 
score =  346690 13.283115 90.363415 64.989996 81.398832 -4.928579 -53.830160 11.642883 65.520312 -61.104317 -49.001120 -39.387249 
score =  326420 15.283115 90.363415 64.989996 80.398832 -5.928579 -52.830160 11.642883 65.520312 -62.104317 -51.001120 -38.387249 
score =  304200 15.283115 90.363415 64.989996 81.398832 -1.442464 -52.830160 13.642883 64.520312 -60.104317 -48.001120 -37.387249 
score =  303130 14.283115 88.363415 65.989996 81.398832 -1.442464 -53.830160 14.642883 64.520312 -60.104317 -49.001120 -37.387249 
score =  302910 14.283115 90.363415 64.989996 81.398832 -4.928579 -52.830160 11.642883 65.520312 -60.104317 -49.001120 -37.387249 
score =  302170 14.283115 90.363415 65.989996 81.398832 1.557536 -52.830160 10.642883 66.520312 -62.104317 -51.001120 -38.387249 
score =  286180 13.283115 85.129224 65.989996 77.901300 -5.928579 -52.830160 11.642883 64.520312 -65.104317 -48.001120 -40.387249 
score =  281180 13.283115 90.363415 64.989996 81.398832 0.557536 -52.830160 10.642883 65.520312 -61.104317 -49.001120 -37.387249 
score =  276320 16.283115 86.129224 65.989996 81.398832 0.557536 -52.830160 14.642883 66.520312 -62.104317 -49.001120 -38.387249 
score =  244870 15.283115 86.129224 64.989996 75.901300 -5.928579 -52.830160 11.642883 65.520312 -62.104317 -51.001120 -36.387249 
score =  236530 13.283115 86.129224 65.989996 81.398832 0.557536 -53.830160 11.642883 66.520312 -62.104317 -49.001120 -38.387249 
score =  223930 15.283115 90.363415 64.989996 81.398832 -4.928579 -54.830160 14.642883 65.520312 -60.104317 -51.001120 -37.387249 
score =  209330 15.283115 90.363415 65.989996 81.398832 0.557536 -53.830160 14.642883 65.520312 -61.104317 -49.001120 -37.387249 
score =  190820 16.283115 86.129224 65.989996 81.398832 -4.928579 -54.830160 11.642883 64.520312 -65.104317 -49.001120 -40.387249 
score =  190150 13.283115 85.129224 64.989996 81.398832 -5.928579 -53.830160 14.642883 65.520312 -62.104317 -49.001120 -37.387249 
score =  182700 15.283115 90.363415 64.989996 81.398832 -5.928579 -52.830160 10.642883 64.520312 -61.104317 -49.001120 -38.387249 
score =  177590 13.283115 85.129224 65.989996 81.398832 -5.928579 -52.830160 11.642883 65.520312 -62.104317 -49.001120 -39.387249 
score =  174690 14.283115 86.129224 66.989996 80.398832 0.557536 -52.830160 10.642883 65.520312 -65.104317 -49.001120 -37.387249 
score =  174380 14.283115 90.363415 63.989996 77.901300 -3.442464 -52.830160 11.642883 64.520312 -65.104317 -49.001120 -37.387249 
score =  173930 12.283115 90.363415 65.989996 75.901300 -3.442464 -52.830160 14.642883 66.520312 -62.104317 -49.001120 -37.387249 
score =  173800 12.283115 87.129224 63.989996 81.398832 -5.928579 -52.830160 11.642883 65.520312 -65.104317 -51.001120 -38.387249 
score =  169920 13.283115 85.129224 64.989996 75.901300 1.557536 -54.830160 10.642883 65.520312 -62.104317 -48.001120 -37.387249 
score =  165790 15.283115 87.129224 64.989996 81.398832 -4.928579 -53.830160 11.642883 64.520312 -62.104317 -51.001120 -37.387249 
score =  163400 15.283115 91.363415 63.989996 81.398832 -1.442464 -52.830160 11.642883 65.520312 -62.104317 -48.001120 -37.387249 
score =  158340 14.283115 89.363415 64.989996 81.398832 -5.928579 -54.830160 14.642883 65.520312 -61.104317 -49.001120 -37.387249 
score =  150980 16.283115 87.129224 64.989996 81.398832 1.557536 -53.830160 11.642883 64.520312 -60.104317 -49.001120 -38.387249 
score =  139750 13.283115 90.363415 63.989996 80.398832 -6.928579 -54.830160 11.642883 65.520312 -65.104317 -49.001120 -38.387249 
score =  134980 14.283115 87.129224 64.989996 81.398832 -4.928579 -54.830160 14.642883 65.520312 -61.104317 -51.001120 -38.387249 
score =  134860 12.283115 89.363415 63.989996 81.398832 0.557536 -52.830160 10.642883 65.520312 -65.104317 -51.001120 -37.387249 
score =  134270 14.283115 90.363415 65.989996 81.398832 -5.928579 -53.830160 11.642883 64.520312 -62.104317 -48.001120 -37.387249 
score =  129090 12.283115 87.129224 64.989996 81.398832 -5.928579 -53.830160 11.642883 65.520312 -62.104317 -51.001120 -37.387249 
score =  124720 13.283115 90.363415 65.989996 82.398832 0.557536 -53.830160 11.642883 65.520312 -60.104317 -49.001120 -38.387249 
score =  124340 13.283115 86.129224 64.989996 81.398832 -5.928579 -52.830160 10.642883 66.520312 -63.104317 -51.001120 -38.387249 
score =  121000 14.283115 89.363415 64.989996 81.398832 -5.928579 -52.830160 11.642883 65.520312 -61.104317 -49.001120 -40.387249 
score =  118860 15.283115 88.363415 65.989996 81.398832 -1.442464 -54.830160 11.642883 65.520312 -62.104317 -51.001120 -37.387249 
score =  117340 14.283115 87.129224 65.989996 81.398832 -5.928579 -52.830160 10.642883 64.520312 -61.104317 -48.001120 -38.387249 
score =  112230 15.283115 86.129224 65.989996 81.398832 1.557536 -54.830160 10.642883 65.520312 -61.104317 -51.001120 -38.387249 
score =  111420 15.283115 90.363415 63.989996 81.398832 1.557536 -52.830160 13.642883 65.520312 -65.104317 -49.001120 -40.387249 
score =  107090 13.283115 86.129224 64.989996 81.398832 -3.442464 -53.830160 14.642883 65.520312 -61.104317 -51.001120 -37.387249 
score =  106740 12.283115 85.129224 64.989996 81.398832 0.557536 -52.830160 14.642883 65.520312 -62.104317 -50.001120 -39.387249 
score =  103330 13.283115 86.129224 64.989996 81.398832 -5.928579 -53.830160 11.642883 65.520312 -62.104317 -48.001120 -38.387249 
score =   94030 13.283115 90.363415 65.989996 81.398832 0.557536 -52.830160 11.642883 65.520312 -62.104317 -48.001120 -37.387249 
score =   86620 15.283115 87.129224 65.989996 82.398832 -5.928579 -52.830160 10.642883 64.520312 -61.104317 -49.001120 -37.387249 
score =   85140 13.283115 86.129224 64.989996 82.398832 0.557536 -54.830160 11.642883 65.520312 -60.104317 -51.001120 -38.387249 
score =   82200 12.283115 89.363415 64.989996 81.398832 -3.442464 -52.830160 11.642883 65.520312 -62.104317 -51.001120 -37.387249 
score =   80620 13.283115 89.363415 64.989996 81.398832 0.557536 -53.830160 10.642883 64.520312 -65.104317 -49.001120 -40.387249 
score =   79530 13.283115 89.363415 64.989996 81.398832 -5.928579 -53.830160 14.642883 64.520312 -60.104317 -49.001120 -38.387249 
score =   74630 16.283115 90.363415 64.989996 81.398832 1.557536 -53.830160 11.642883 65.520312 -62.104317 -49.001120 -38.387249 
score =   72480 17.283115 86.129224 65.989996 81.398832 0.557536 -53.830160 11.642883 65.520312 -61.104317 -49.001120 -39.387249 
score =   72330 13.283115 87.129224 64.989996 75.901300 1.557536 -53.830160 11.642883 65.520312 -61.104317 -49.001120 -38.387249 
score =   67500 13.283115 86.129224 64.989996 81.398832 0.557536 -52.830160 10.642883 65.520312 -65.104317 -51.001120 -37.387249 
score =   65310 14.283115 87.129224 64.989996 75.901300 0.557536 -52.830160 14.642883 65.520312 -61.104317 -49.001120 -37.387249 
score =   62520 16.283115 89.363415 63.989996 80.398832 0.557536 -52.830160 14.642883 64.520312 -65.104317 -48.001120 -38.387249 
score =   62180 16.283115 89.363415 64.989996 83.398832 0.557536 -53.830160 10.642883 65.520312 -62.104317 -49.001120 -40.387249 
score =   60720 13.283115 90.363415 65.989996 79.398832 0.557536 -52.830160 11.642883 65.520312 -60.104317 -49.001120 -37.387249 
score =   57790 14.283115 90.363415 64.989996 81.398832 1.557536 -53.830160 11.642883 66.520312 -65.104317 -49.001120 -37.387249 
score =   55960 13.283115 86.129224 63.989996 80.398832 -5.928579 -52.830160 10.642883 66.520312 -62.104317 -49.001120 -37.387249 
score =   52970 14.283115 89.363415 65.989996 81.398832 -4.928579 -53.830160 10.642883 65.520312 -65.104317 -49.001120 -38.387249 
score =   52940 13.283115 90.363415 64.989996 75.901300 -5.928579 -52.830160 11.642883 65.520312 -62.104317 -51.001120 -39.387249 
score =   51520 13.283115 85.129224 64.989996 80.398832 -5.928579 -53.830160 10.642883 65.520312 -61.104317 -50.001120 -37.387249 
score =   47250 13.283115 90.363415 64.989996 81.398832 1.557536 -52.830160 11.642883 64.520312 -62.104317 -49.001120 -38.387249 
score =   46700 15.283115 90.363415 64.989996 81.398832 0.557536 -52.830160 10.642883 65.520312 -61.104317 -49.001120 -38.387249 
score =   41230 14.283115 86.129224 64.989996 81.398832 0.557536 -52.830160 11.642883 65.520312 -62.104317 -48.001120 -37.387249 
score =   39960 11.283115 87.129224 64.989996 81.398832 1.557536 -52.830160 10.642883 65.520312 -62.104317 -49.001120 -38.387249 
score =   39370 14.283115 86.129224 64.989996 80.398832 -5.928579 -52.830160 10.642883 66.520312 -63.104317 -51.001120 -38.387249 
score =   38080 13.283115 87.129224 64.989996 81.398832 0.557536 -52.830160 11.642883 65.520312 -61.104317 -52.001120 -38.387249 
score =   37190 14.283115 86.129224 65.989996 81.398832 -4.928579 -52.830160 11.642883 64.520312 -62.104317 -51.001120 -37.387249 
score =   36840 14.283115 87.129224 64.989996 75.901300 0.557536 -52.830160 11.642883 65.520312 -62.104317 -51.001120 -37.387249 
score =   35030 13.283115 86.129224 64.989996 81.398832 -5.928579 -52.830160 10.642883 65.520312 -62.104317 -49.001120 -37.387249 
score =   33710 13.283115 86.129224 63.989996 81.398832 1.557536 -52.830160 11.642883 65.520312 -65.104317 -48.001120 -38.387249 
score =   33580 14.283115 86.129224 63.989996 81.398832 -5.928579 -54.830160 14.642883 66.520312 -62.104317 -49.001120 -40.387249 
score =   32460 12.283115 90.363415 64.989996 81.398832 0.557536 -53.830160 11.642883 65.520312 -62.104317 -51.001120 -38.387249 
score =   32360 13.283115 86.129224 64.989996 81.398832 -3.442464 -53.830160 14.642883 64.520312 -65.104317 -51.001120 -37.387249 
score =   31440 16.283115 85.129224 64.989996 81.398832 1.557536 -52.830160 14.642883 65.520312 -65.104317 -49.001120 -38.387249 
score =   30500 14.283115 89.363415 64.989996 76.901300 1.557536 -53.830160 10.642883 65.520312 -60.104317 -49.001120 -40.387249 
score =   26530 13.283115 90.363415 64.989996 75.901300 -1.442464 -52.830160 14.642883 64.520312 -62.104317 -51.001120 -39.387249 
score =   26500 13.283115 86.129224 64.989996 81.398832 -3.442464 -54.830160 14.642883 65.520312 -62.104317 -49.001120 -37.387249 
score =   24680 13.283115 90.363415 65.989996 80.398832 -5.928579 -52.830160 11.642883 64.520312 -62.104317 -51.001120 -37.387249 
score =   24620 15.283115 86.129224 65.989996 81.398832 -0.442464 -52.830160 10.642883 66.520312 -62.104317 -51.001120 -37.387249 
score =   23700 15.283115 89.363415 64.989996 76.901300 1.557536 -52.830160 14.642883 65.520312 -60.104317 -49.001120 -37.387249 
score =   20900 15.283115 86.129224 63.989996 80.398832 1.557536 -52.830160 10.642883 65.520312 -62.104317 -49.001120 -37.387249 
score =   20410 13.283115 90.363415 64.989996 81.398832 -1.442464 -53.830160 11.642883 65.520312 -60.104317 -48.001120 -37.387249 
score =   20190 13.283115 87.129224 65.989996 81.398832 -1.442464 -54.830160 10.642883 66.520312 -61.104317 -49.001120 -37.387249 
score =   19880 14.283115 86.129224 64.989996 81.398832 1.557536 -53.830160 11.642883 64.520312 -65.104317 -49.001120 -37.387249 
score =   19560 14.283115 86.129224 64.989996 76.901300 1.557536 -52.830160 11.642883 64.520312 -65.104317 -49.001120 -37.387249 
score =   19220 13.283115 88.363415 64.989996 82.398832 -5.928579 -53.830160 10.642883 65.520312 -62.104317 -49.001120 -37.387249 
score =   18240 14.283115 90.363415 64.989996 81.398832 -5.928579 -54.830160 11.642883 65.520312 -60.104317 -49.001120 -38.387249 
score =   11550 16.283115 90.363415 63.989996 81.398832 -5.928579 -53.830160 11.642883 64.520312 -65.104317 -49.001120 -37.387249 
score =   11060 13.283115 86.129224 64.989996 81.398832 -4.928579 -52.830160 10.642883 65.520312 -62.104317 -51.001120 -37.387249 
score =   10600 13.283115 89.363415 64.989996 81.398832 -5.928579 -54.830160 11.642883 65.520312 -62.104317 -51.001120 -38.387249 
score =   10230 16.283115 87.129224 63.989996 81.398832 0.557536 -52.830160 11.642883 65.520312 -65.104317 -51.001120 -40.387249 
score =    9660 15.283115 90.363415 65.989996 81.398832 0.557536 -53.830160 13.642883 65.520312 -60.104317 -49.001120 -39.387249 
score =    6780 15.283115 89.363415 64.989996 81.398832 -4.928579 -52.830160 12.642883 65.520312 -61.104317 -49.001120 -37.387249 
score =    5550 13.283115 90.363415 64.989996 76.901300 -4.928579 -52.830160 10.642883 65.520312 -66.104317 -51.001120 -37.387249 
score =    4910 13.283115 86.129224 64.989996 76.901300 -5.928579 -53.830160 10.642883 65.520312 -60.104317 -49.001120 -38.387249 
score =    4790 16.283115 85.129224 62.989996 81.398832 0.557536 -52.830160 11.642883 65.520312 -61.104317 -49.001120 -37.387249 
score =    2370 14.283115 89.363415 65.989996 74.901300 1.557536 -53.830160 10.642883 64.520312 -65.104317 -49.001120 -36.387249 
473080 2370 111132
