67.751363 42.524726 25.504929 59.806802 62.067219 -85.268996 13.642883 -62.701080 -69.227157 -61.567938 -76.595642 
6.114298 1.441401 44.030083 56.309037 69.441345 -42.395279 -2.391904 -29.680556 -17.803113 -42.565249 -50.911255 
75.476798 99.081123 47.212688 84.215477 -7.928579 -58.878373 77.102820 -38.806835 -99.220353 -54.226514 -41.476022 
14.563249 44.579467 9.229714 88.942821 -78.222561 -30.970056 -57.127039 -69.210477 -78.749954 -0.623934 -41.476022 
73.587973 59.735572 18.917863 77.901300 63.994913 -60.631300 -57.127039 -47.056100 -82.366401 -45.626790 -85.635194 
88.758970 15.730242 63.638941 17.451956 -78.222561 -63.967706 44.019020 -83.501335 -13.398505 -7.034338 -50.911255 
13.112712 94.749399 65.133818 66.662046 12.735142 -10.647469 -57.127039 -50.632020 -13.153238 -55.172815 -10.715524 
15.897967 60.724545 52.381967 29.300725 -84.801188 -60.631300 -98.914578 -47.056100 -63.104317 -26.817730 -54.841260 
92.584186 88.804577 34.037681 99.721008 87.712232 -91.157116 48.224301 -23.673113 -35.792574 -49.001120 -25.893187 
67.751363 96.882326 47.212688 63.659805 -60.497669 -31.686823 72.182280 57.849688 -82.814202 -61.567938 -35.457308 
13.398831 7.238840 4.503177 66.662046 -18.775320 -9.017641 -4.114316 -44.704934 -32.947540 -98.333510 -47.954691 
83.610485 24.167839 18.917863 70.481538 19.933236 -95.268120 -44.534429 83.846349 -40.894942 -97.360613 -41.179110 
67.751363 99.081123 39.597629 78.398832 74.400451 -84.317114 -98.914578 -42.188165 -68.439003 -95.530999 -73.485384 
83.354220 76.841739 38.911661 91.865228 19.933236 -39.334452 -10.955241 79.461307 -80.794782 -31.088604 -47.018269 
82.461522 30.669345 27.831118 74.253283 78.650365 -26.642062 -10.955241 -69.210477 -41.996391 -26.817730 -52.393544 
90.375281 11.715436 47.212688 56.070932 67.813403 -37.155169 -56.146999 -69.210477 -80.794782 -64.441906 -99.994309 
67.049272 9.792829 47.212688 60.094783 69.871504 -51.830160 81.238738 65.520312 -7.723707 -7.034338 -41.476022 
92.584186 97.046985 31.865478 33.658617 -26.786073 -60.631300 69.906606 94.418900 -32.947540 -41.771936 -96.151198 
65.616505 96.882326 63.989996 46.000418 -7.928579 -31.686823 51.290965 -89.698398 -67.678912 -15.988350 -58.207353 
8.853950 0.797586 65.133818 8.502414 -51.085757 -80.088871 48.224301 -22.067014 -80.794782 -49.001120 -52.393544 
22.183836 83.343031 7.613507 54.587529 -51.085757 -9.017641 -98.583741 -79.451754 -38.050910 -55.172815 -87.206836 
63.899195 83.617310 32.126748 58.946893 -78.222561 -81.588951 4.784547 -10.724301 -65.652758 -42.565249 -73.485384 
84.369081 59.249207 63.989996 99.721008 -54.380680 -51.495806 42.316176 57.849688 -68.757789 -28.194536 -12.156186 
13.283115 12.715436 18.917863 37.838972 93.983381 -88.019573 -71.987213 20.420348 -17.327704 -0.623934 -25.893187 
59.672750 97.046985 63.989996 66.662046 44.538864 -33.300481 44.019020 -30.680556 -24.953005 -40.771936 -59.757747 
89.758970 60.724545 11.378621 58.891365 63.125042 -74.890405 88.281888 -83.501335 -35.792574 -10.858068 -41.179110 
67.049272 87.363415 1.253246 59.209209 -54.380680 -10.647469 -4.114316 83.846349 -7.723707 -40.720585 -47.701503 
34.391969 0.441401 0.975438 29.141057 92.983381 -21.262549 -94.820961 83.846349 -87.659624 -61.567938 -53.900430 
15.897967 19.247719 35.985604 99.721008 63.994913 -63.967706 47.624004 55.056910 -53.205727 -40.045581 -1.180904 
66.146881 87.363415 28.592719 86.725543 -26.786073 -51.830160 -6.434610 52.265380 -13.153238 -88.919394 -50.911255 
92.584186 89.129224 47.212688 84.215477 -7.928579 -85.317114 78.010015 -16.314521 -26.626022 -49.001120 -85.635194 
92.584186 89.804577 28.592719 98.420402 -99.551463 -74.322694 -17.988766 -83.501335 -48.798721 -31.438620 -10.715524 
90.016046 60.724545 71.969576 63.659805 -55.624074 -76.429843 -56.146999 48.164258 -4.545500 -98.736426 -50.911255 
83.610485 26.486577 71.969576 77.901300 14.805291 -63.967706 -34.488607 -6.014741 -77.679646 -2.599913 -58.684516 
88.758970 66.177016 40.205734 33.658617 -53.380680 -59.064867 21.604655 -24.673113 -41.996391 -49.001120 -53.603992 
13.398831 74.250956 28.592719 85.468657 -7.928579 -74.322694 68.906606 -23.673113 -79.818857 -20.116954 -87.206836 
95.008411 60.724545 48.009106 63.659805 70.871504 -70.076887 -43.035599 -17.425938 -48.959865 -41.332233 -44.537342 
34.499072 85.296547 52.381967 33.658617 -69.601563 -67.255286 48.224301 -88.782633 -7.723707 -60.014564 -50.911255 
84.369081 12.715436 71.195579 33.658617 -84.801188 -58.878373 -10.955241 -23.673113 -97.858191 -19.243772 -12.156186 
13.398831 53.671256 9.229714 33.658617 33.720838 -91.157116 -10.955241 -54.962291 -82.366401 -60.567938 -73.485384 
93.280373 94.749399 63.257551 93.560449 92.983381 -51.830160 46.624004 -47.056100 -98.521962 -97.360613 -28.784926 
66.733579 87.363415 7.613507 16.033682 59.419363 -41.518451 45.333158 -34.274552 -28.725287 -60.014564 -76.914200 
22.439276 60.724545 27.270691 32.883660 92.983381 -85.317114 -50.046402 -10.724301 -48.959865 -55.636646 -96.151198 
63.573938 96.882326 98.640759 56.309037 -29.602328 -11.009011 20.182066 -93.497375 -77.679646 -46.626790 -44.176605 
14.563249 28.028250 65.133818 84.215477 -84.801188 -76.429843 -43.035599 -79.451754 -35.405110 -25.541797 -25.893187 
36.227004 35.623905 48.825141 44.405398 -54.380680 -91.157116 -17.988766 -17.425938 -16.754118 -61.567938 -58.684516 
66.733579 61.279341 56.246423 33.658617 44.538864 -85.317114 69.906606 1.117975 -7.723707 -42.332233 -63.795277 
65.616505 87.363415 63.989996 64.199436 73.280822 -41.745788 28.210587 14.087706 -5.272847 -29.599731 -35.457308 
82.461522 3.405331 26.881046 97.420402 -26.786073 -10.647469 -57.127039 27.435906 -53.205727 -2.599913 -52.393544 
84.369081 7.238840 18.917863 84.215477 63.125042 -82.594619 -38.933227 -47.056100 -8.167056 -4.025402 -28.095717 
22.439276 53.671256 48.825141 8.502414 -18.888994 -57.237020 -12.309088 -89.803336 -16.754118 -21.316560 -41.179110 
79.406737 76.841739 48.704471 86.725543 46.315059 -85.317114 43.019020 -79.451754 -4.169117 -65.688758 -12.548113 
75.476798 97.046985 63.257551 77.398832 46.315059 -60.631300 -71.987213 -62.701080 -53.075179 -25.362090 -27.868397 
6.695033 39.815417 56.246423 77.901300 -2.442464 -88.431993 -57.953580 65.520312 -80.794782 -65.688899 -44.537342 
15.897967 96.772125 53.619854 54.587529 -69.601563 -16.529422 -10.955241 -10.724301 -98.521962 -89.674068 -12.548113 
94.280373 85.796323 63.989996 32.883660 -78.222561 -44.505528 72.182280 -62.701080 -38.050910 -16.899737 -5.021458 
8.853950 66.177016 27.831118 4.030409 -28.822109 -91.157116 -2.391904 -88.894589 -4.169117 -10.858068 -5.021458 
13.283115 56.173916 38.911661 71.856575 41.282477 -42.395279 5.695878 97.477180 -13.153238 -97.360613 -76.914200 
83.354220 53.671256 32.232377 86.485809 63.994913 -35.803523 -47.924930 -88.894589 -97.858191 -20.116954 -41.179110 
29.470996 89.231406 87.835016 65.199436 -28.991720 -84.364065 -78.895158 -69.210477 -66.653472 -0.623934 -4.021458 
92.584186 99.081123 24.098394 58.891365 64.893726 -67.662671 -57.127039 -6.014741 -8.167056 -77.853121 -44.537342 
93.483876 30.669345 28.592719 65.199436 59.419363 -91.157116 -88.655731 -62.701080 -65.652758 -80.674618 -98.161886 
52.913672 60.724545 56.246423 37.241139 66.912785 -61.741925 72.182280 65.520312 -76.644502 -65.688899 -37.418213 
22.127705 99.081123 36.347007 33.658617 66.912785 -58.878373 27.516954 77.927084 -98.521962 -40.045581 -28.784926 
14.563249 44.579467 48.827876 74.253283 -12.359113 -51.830160 44.019020 55.056910 -81.583259 -45.899101 -52.393544 
11.652389 46.506398 0.975438 74.253283 -29.602328 -63.718678 -56.146999 55.056910 -67.678912 -40.045581 -37.418213 
55.007364 44.579467 11.378621 74.253283 53.071895 -41.899713 28.210587 -54.962291 -40.894942 -31.438620 -0.038777 
65.333019 26.486577 63.257551 65.199436 -82.943896 -25.642062 -44.534429 97.906906 -38.685683 -77.853121 -55.893547 
84.354220 68.165035 48.009106 8.592199 -62.380650 -10.647469 12.642883 19.232894 -87.908709 -3.900469 -53.900430 
65.616505 83.617310 32.232377 46.938003 -78.222561 -42.395279 30.276839 40.424142 -65.652758 -60.014564 -58.684516 
65.616505 85.796323 48.825141 42.861080 53.259045 -16.529422 -6.434610 57.849688 -28.725287 -2.599913 -12.548113 
90.016046 44.579467 63.989996 46.583596 63.994913 -57.571345 45.333158 75.365588 -82.814202 -89.558322 -41.441007 
22.127705 96.882326 62.638941 40.680717 -26.505161 -57.571345 51.290965 -18.372225 -28.002403 -25.541797 -53.900430 
79.406737 22.698177 63.989996 64.942872 14.452853 -60.631300 -98.914578 -75.890681 -28.725287 -20.116954 -50.911255 
98.745714 89.129224 35.985604 96.685102 92.983381 -75.967261 -72.121408 -57.458897 -53.205727 -40.045581 -35.457308 
95.008411 60.724545 71.195579 78.398832 98.315925 -44.505528 -17.988766 33.355099 -16.754118 -16.899737 -52.393544 
67.751363 59.735572 72.195579 74.253283 -54.380680 -73.322694 -35.802383 -39.908464 -82.366401 -39.745526 -40.387249 
25.976010 68.165035 49.305174 40.680717 -94.372895 -71.724757 -94.539105 -88.782633 -40.894942 -0.623934 -47.018269 
82.461522 61.809121 65.133818 99.411513 63.125042 -21.262549 88.281888 27.435906 -40.894942 -92.553011 -72.320716 
82.461522 53.671256 63.257551 71.856575 -51.351950 -78.652313 4.695878 -55.962291 -48.959865 -3.900469 -77.787203 
13.398831 46.506398 28.592719 91.865228 -82.943896 -42.395279 72.182280 -23.673113 -73.365489 -98.736426 -55.893547 
36.227004 19.247719 48.704471 73.623671 33.720838 -21.262549 -4.947969 64.520312 -76.644502 -70.884691 -53.603992 
99.944331 61.279341 63.638941 58.946893 12.735142 -16.057293 -6.434610 40.424142 -17.327704 -69.171801 -41.476022 
34.499072 30.669345 8.684220 39.546068 -17.888994 -51.495806 -56.146999 53.064561 -79.818857 -57.336258 -77.787203 
6.695033 11.064747 59.906985 65.199436 -11.398367 -51.495806 77.102820 -76.407950 -35.792574 -3.900469 -97.430717 
66.733579 66.177016 97.042417 63.659805 -84.801188 -11.009011 -34.488607 54.056910 -6.405567 -54.226514 -76.914200 
34.499072 66.177016 52.381967 58.488057 -51.085757 -30.970056 -88.655731 -94.497375 -38.685683 -98.736426 -37.860872 
13.283115 12.715436 24.098394 84.215477 70.441345 -83.364065 -17.988766 -89.698398 -47.798721 -0.623934 -10.715524 
34.391969 68.165035 26.881046 58.891365 67.912785 -11.009011 -57.127039 -23.673113 -40.894942 -54.226514 -25.893187 
67.751363 56.173916 35.985604 93.560449 -62.380650 -63.967706 77.102820 20.420348 -28.725287 -15.988350 -52.812096 
84.369081 83.343031 4.503177 33.658617 46.315059 -59.064867 -4.114316 57.849688 -14.642356 -54.226514 -63.283724 
13.398831 39.815417 38.911661 99.721008 63.125042 -10.647469 -72.121408 70.402198 -13.153238 -65.688899 -44.537342 
84.369081 11.064747 65.133818 37.241139 -18.775320 -88.431993 44.019020 -10.724301 -40.894942 -21.316560 -13.548113 
93.280373 48.053747 63.257551 33.658617 -26.786073 -40.518451 88.281888 -88.894589 -32.947540 -53.226514 -96.151198 
11.652389 87.363415 14.817844 58.488057 46.538544 -23.772101 51.290965 -10.724301 -16.754118 -54.226514 -22.094693 
67.751363 35.211586 56.246423 56.070932 21.769838 -11.009011 -72.987213 -22.067014 -87.908709 -3.900469 -47.701503 
34.499072 99.081123 29.009195 65.199436 14.805291 -31.686823 69.906606 66.520312 -33.817080 -80.674618 -52.393544 
28.166184 60.724545 53.619854 99.721008 63.994913 -80.088871 78.010015 40.424142 -63.104317 -3.900469 -52.393544 
84.369081 25.171922 71.195579 56.070932 14.805291 -58.878373 88.281888 -62.701080 -24.953005 -10.858068 -44.537342 
6.561766 91.294808 48.009106 4.030409 -29.743079 -64.571483 72.182280 -47.056100 -8.167056 -0.623934 -41.476022 
71830 20 9218
