11.283115 100.046985 62.989996 78.398832 -1.442464 -51.830160 13.642883 -75.890681 -65.104317 -28.194536 -40.179110 
13.283115 87.363415 53.381967 75.901300 48.315059 -91.157116 15.642883 63.520312 -6.167056 -29.194536 -40.179110 
80.461522 88.363415 53.381967 79.398832 -5.928579 -51.830160 12.642883 -12.724301 -80.794782 -49.001120 -38.387249 
11.283115 89.129224 57.246423 79.398832 -6.928579 -51.830160 45.019020 -74.890681 -64.104317 -49.001120 -42.179110 
13.283115 86.363415 63.989996 79.398832 -1.442464 -53.830160 12.642883 64.520312 -64.104317 -65.688758 -51.393544 
13.283115 100.046985 63.989996 76.901300 -0.442464 -90.157116 43.019020 -74.890681 -64.104317 -47.001120 -40.179110 
12.283115 87.129224 62.989996 80.398832 -5.928579 -51.830160 43.019020 -75.890681 -64.104317 -47.001120 -43.537342 
13.283115 88.129224 53.381967 79.398832 -1.442464 -51.830160 11.642883 -74.890681 -6.167056 -49.001120 -39.387249 
80.461522 87.363415 63.989996 80.398832 -3.442464 -51.830160 45.019020 -74.890681 -64.104317 -48.001120 -52.841260 
67.049272 87.129224 63.989996 79.398832 -2.442464 -51.830160 43.316176 65.520312 -79.794782 -66.688758 -35.387249 
67.751363 87.363415 62.989996 75.901300 -5.928579 -51.830160 12.642883 64.520312 -81.794782 -65.688758 -53.841260 
12.283115 87.129224 64.989996 78.398832 -2.442464 -51.830160 14.642883 65.520312 -64.104317 -28.194536 -39.387249 
13.283115 87.363415 65.989996 79.398832 -2.442464 -51.830160 14.642883 -75.890681 -65.104317 -49.001120 -52.841260 
12.283115 88.129224 63.989996 78.398832 18.933236 -51.830160 11.642883 -75.890681 -65.104317 -66.688758 -52.841260 
67.049272 98.046985 62.989996 76.901300 -2.442464 -52.830160 44.019020 -7.724301 -64.104317 -50.001120 -39.179110 
67.049272 98.046985 63.989996 78.398832 -5.928579 -91.157116 44.019020 64.520312 -65.104317 -49.001120 -41.179110 
11.283115 87.129224 64.989996 79.398832 -2.442464 -51.830160 12.642883 63.520312 -81.794782 -28.194536 -53.841260 
12.283115 87.129224 63.989996 65.199436 -2.442464 -52.830160 13.642883 65.520312 -65.104317 -67.688758 -52.393544 
93.584186 87.129224 63.989996 80.398832 -2.442464 -52.830160 11.642883 64.520312 -65.104317 -65.688758 -45.537342 
12.283115 98.046985 64.989996 76.901300 0.557536 -51.830160 12.642883 66.520312 -80.794782 -49.001120 -41.179110 
13.283115 98.046985 63.989996 78.398832 -0.442464 -51.830160 11.642883 -11.724301 -63.104317 -49.001120 -39.387249 
80.461522 87.129224 64.989996 79.398832 -1.442464 -51.830160 12.642883 -11.724301 -65.104317 -47.001120 -39.387249 
91.584186 87.129224 63.989996 80.398832 -6.928579 -51.830160 43.019020 65.520312 -64.104317 -66.688758 -52.841260 
11.283115 87.129224 53.381967 79.398832 -2.442464 -51.830160 12.642883 94.418900 -64.104317 -48.001120 -39.387249 
67.751363 87.363415 62.989996 76.901300 -1.442464 -52.830160 44.019020 -14.724301 -6.167056 -49.001120 -43.537342 
13.283115 88.129224 64.989996 65.199436 -2.442464 -51.830160 44.019020 94.418900 -65.104317 -49.001120 -52.841260 
14.283115 100.046985 63.989996 79.398832 -2.442464 -52.830160 42.316176 -11.724301 -80.794782 -48.001120 -38.387249 
66.049272 85.129224 66.989996 78.398832 -2.442464 -51.830160 13.642883 65.520312 -65.104317 -29.194536 -44.537342 
93.584186 87.129224 63.989996 79.398832 -2.442464 -51.830160 45.019020 -74.890681 -65.104317 -65.688758 -53.841260 
11.283115 88.363415 53.381967 78.398832 -2.442464 -90.157116 13.642883 65.520312 -63.104317 -69.688758 -54.393544 
13.283115 97.046985 64.989996 79.398832 -1.442464 -50.830160 45.019020 65.520312 -65.104317 -67.688758 -52.393544 
13.283115 86.363415 62.989996 79.398832 0.557536 -51.830160 45.019020 94.418900 -6.167056 -65.688758 -15.548113 
13.283115 87.129224 63.989996 79.398832 -2.442464 -51.830160 42.019020 -75.890681 -64.104317 -65.688758 -39.387249 
66.049272 88.129224 63.989996 76.901300 -2.442464 -52.830160 43.316176 64.520312 -64.104317 -28.194536 -37.387249 
12.283115 88.129224 63.989996 76.901300 -2.442464 -51.830160 45.316176 -74.890681 -81.794782 -65.688758 -45.537342 
66.049272 88.129224 62.989996 76.901300 -1.442464 -51.830160 44.019020 62.520312 -81.794782 -49.001120 -52.841260 
66.049272 88.129224 63.989996 76.901300 -1.442464 -51.830160 14.642883 64.520312 -64.104317 -48.001120 -38.387249 
13.283115 87.129224 63.989996 79.398832 -2.442464 -51.830160 45.019020 -74.890681 -64.104317 -48.001120 -53.393544 
12.283115 89.129224 65.989996 78.398832 -1.442464 -51.830160 12.642883 -74.890681 -4.167056 -48.001120 -52.841260 
67.049272 100.046985 63.989996 79.398832 -1.442464 -51.830160 12.642883 -74.890681 -64.104317 -47.001120 -45.537342 
66.049272 87.129224 54.381967 78.398832 -5.928579 -50.830160 45.019020 65.520312 -64.104317 -50.001120 -39.387249 
11.283115 87.129224 64.989996 78.398832 -2.442464 -51.830160 45.019020 64.520312 -81.794782 -29.194536 -39.387249 
93.584186 100.046985 63.989996 77.398832 -0.442464 -51.830160 44.019020 64.520312 -6.167056 -50.001120 -41.179110 
13.283115 87.363415 64.989996 76.901300 -1.442464 -51.830160 12.642883 64.520312 -64.104317 -68.688758 -52.393544 
11.283115 88.129224 63.989996 76.901300 -1.442464 -92.157116 44.019020 65.520312 -65.104317 -28.194536 -39.179110 
65.049272 88.129224 63.989996 79.398832 -5.928579 -51.830160 12.642883 65.520312 -65.104317 -67.688758 -52.841260 
92.584186 86.129224 62.989996 79.398832 -5.928579 -51.830160 43.316176 65.520312 -64.104317 -29.194536 -39.387249 
93.584186 88.129224 64.989996 79.398832 -3.442464 -51.830160 12.642883 -75.890681 -65.104317 -65.688758 -39.387249 
66.049272 87.363415 64.989996 78.398832 -1.442464 -52.830160 11.642883 -75.890681 -79.794782 -49.001120 -52.841260 
13.283115 86.129224 62.989996 77.398832 -1.442464 -48.830160 15.642883 65.520312 -65.104317 -29.194536 -52.841260 
11.283115 87.129224 63.989996 80.398832 -1.442464 -51.830160 43.019020 65.520312 -65.104317 -48.001120 -52.393544 
67.049272 86.129224 63.989996 79.398832 0.557536 -51.830160 13.642883 63.520312 -4.167056 -28.194536 -38.387249 
80.461522 89.129224 63.989996 76.901300 0.557536 -52.830160 13.642883 94.418900 -79.794782 -68.688758 -41.179110 
91.584186 88.129224 65.989996 79.398832 -6.928579 -51.830160 43.019020 -75.890681 -64.104317 -48.001120 -43.537342 
66.049272 87.129224 63.989996 75.901300 -5.928579 -52.830160 14.642883 -13.724301 -81.794782 -49.001120 -39.387249 
11.283115 87.363415 63.989996 80.398832 -2.442464 -51.830160 14.642883 -74.890681 -81.794782 -49.001120 -42.537342 
13.283115 88.129224 53.381967 78.398832 18.933236 -51.830160 14.642883 -14.724301 -64.104317 -49.001120 -39.387249 
13.283115 87.363415 63.989996 76.901300 -2.442464 -51.830160 44.019020 -11.724301 -80.794782 -50.001120 -39.387249 
66.049272 88.129224 63.989996 76.901300 -0.442464 -51.830160 15.642883 64.520312 -64.104317 -49.001120 -43.537342 
13.283115 87.129224 62.989996 78.398832 -1.442464 -51.830160 13.642883 64.520312 -80.794782 -67.688758 -40.179110 
67.049272 87.363415 63.989996 77.398832 -5.928579 -52.830160 45.019020 63.520312 -80.794782 -47.001120 -41.179110 
65.049272 87.363415 64.989996 79.398832 -2.442464 -51.830160 13.642883 65.520312 -65.104317 -29.194536 -39.387249 
80.461522 89.129224 63.989996 79.398832 -2.442464 -51.830160 43.019020 65.520312 -65.104317 -65.688758 -52.393544 
67.049272 87.129224 63.989996 79.398832 -2.442464 -51.830160 44.019020 -6.724301 -64.104317 -48.001120 -40.179110 
91.584186 87.129224 64.989996 78.398832 -2.442464 -51.830160 14.642883 -74.890681 -80.794782 -49.001120 -53.841260 
11.283115 88.129224 63.989996 79.398832 -5.928579 -51.830160 14.642883 65.520312 -80.794782 -47.001120 -52.841260 
11.283115 87.363415 63.989996 78.398832 -1.442464 -50.830160 11.642883 65.520312 -81.794782 -49.001120 -41.179110 
65.049272 87.363415 66.989996 76.901300 48.315059 -52.830160 11.642883 65.520312 -6.167056 -49.001120 -35.387249 
67.049272 87.129224 63.989996 80.398832 -2.442464 -91.157116 44.019020 64.520312 -81.794782 -47.001120 -51.841260 
11.283115 87.129224 63.989996 79.398832 -1.442464 -51.830160 14.642883 65.520312 -65.104317 -49.001120 -44.537342 
65.049272 86.363415 64.989996 80.398832 -2.442464 -51.830160 43.019020 -11.724301 -80.794782 -47.001120 -40.179110 
13.283115 87.129224 63.989996 78.398832 -0.442464 -52.830160 44.019020 -74.890681 -64.104317 -50.001120 -52.841260 
12.283115 87.363415 65.989996 81.398832 -2.442464 -50.830160 42.316176 -75.890681 -80.794782 -49.001120 -52.393544 
91.584186 87.363415 62.989996 76.901300 -2.442464 -51.830160 44.019020 -13.724301 -80.794782 -50.001120 -40.179110 
67.751363 88.129224 63.989996 76.901300 0.557536 -91.157116 12.642883 65.520312 -81.794782 -48.001120 -52.393544 
67.049272 88.129224 62.989996 79.398832 -2.442464 -51.830160 45.019020 -11.724301 -65.104317 -68.688758 -52.393544 
93.584186 86.363415 65.989996 76.901300 -0.442464 -51.830160 44.019020 65.520312 -6.167056 -28.194536 -39.387249 
13.283115 88.363415 64.989996 76.901300 -1.442464 -51.830160 13.642883 64.520312 -81.794782 -65.688758 -37.387249 
12.283115 87.129224 63.989996 75.901300 -6.928579 -53.830160 12.642883 -11.724301 -64.104317 -69.688758 -45.537342 
13.283115 86.129224 62.989996 78.398832 -2.442464 -51.830160 12.642883 -7.724301 -79.794782 -47.001120 -41.179110 
12.283115 86.129224 63.989996 79.398832 18.933236 -51.830160 44.019020 65.520312 -80.794782 -49.001120 -52.393544 
91.584186 87.363415 63.989996 79.398832 -6.928579 -52.830160 14.642883 -75.890681 -81.794782 -49.001120 -53.393544 
92.584186 89.129224 53.381967 76.901300 -2.442464 -51.830160 45.019020 64.520312 -64.104317 -49.001120 -52.841260 
67.049272 87.129224 65.989996 80.398832 18.933236 -52.830160 12.642883 64.520312 -79.794782 -48.001120 -39.387249 
80.461522 88.129224 62.989996 78.398832 48.315059 -50.830160 44.019020 64.520312 -64.104317 -47.001120 -52.841260 
66.049272 86.129224 62.989996 76.901300 -2.442464 -51.830160 44.019020 -74.890681 -65.104317 -48.001120 -43.537342 
11.283115 87.363415 54.381967 78.398832 -5.928579 -51.830160 14.642883 -13.724301 -65.104317 -49.001120 -43.537342 
14.283115 87.363415 64.989996 78.398832 -2.442464 -52.830160 43.019020 66.520312 -64.104317 -68.688758 -40.179110 
14.283115 87.363415 57.246423 78.398832 -2.442464 -49.830160 45.019020 -11.724301 -81.794782 -48.001120 -40.387249 
67.049272 100.046985 63.989996 79.398832 -3.442464 -51.830160 42.316176 66.520312 -65.104317 -65.688758 -39.179110 
13.283115 87.363415 63.989996 79.398832 -5.928579 -51.830160 12.642883 -74.890681 -80.794782 -48.001120 -37.387249 
11.283115 87.363415 64.989996 76.901300 -0.442464 -51.830160 14.642883 64.520312 -65.104317 -68.688758 -38.387249 
12.283115 88.363415 63.989996 76.901300 -2.442464 -52.830160 12.642883 -74.890681 -80.794782 -48.001120 -40.179110 
66.049272 87.363415 64.989996 79.398832 -2.442464 -51.830160 13.642883 64.520312 -81.794782 -49.001120 -43.537342 
12.283115 88.129224 63.989996 79.398832 -2.442464 -52.830160 12.642883 94.418900 -80.794782 -47.001120 -40.179110 
67.049272 89.129224 63.989996 76.901300 -1.442464 -51.830160 11.642883 64.520312 -81.794782 -65.688758 -43.537342 
66.049272 88.129224 63.989996 78.398832 -2.442464 -51.830160 13.642883 64.520312 -64.104317 -49.001120 -52.393544 
66.049272 85.129224 64.989996 79.398832 -2.442464 -51.830160 14.642883 -73.890681 -63.104317 -28.194536 -40.179110 
67.751363 88.129224 63.989996 79.398832 -0.442464 -52.830160 43.019020 -75.890681 -6.167056 -49.001120 -39.387249 
11.283115 87.363415 64.989996 78.398832 -1.442464 -92.157116 5.695878 65.520312 -81.794782 -65.688758 -41.179110 
444240 2130 95757
