66.049272 88.129224 64.989996 76.901300 -1.442464 -51.830160 12.642883 -74.890681 -80.794782 -49.001120 -52.841260 
13.283115 86.363415 64.989996 79.398832 -3.442464 -51.830160 13.642883 63.520312 -79.794782 -49.001120 -39.387249 
66.049272 100.046985 63.989996 77.901300 -2.442464 -51.830160 11.642883 -74.890681 -80.794782 -28.194536 -52.393544 
67.049272 86.363415 62.989996 77.398832 -3.442464 -51.830160 10.642883 -74.890681 -65.104317 -29.194536 -53.841260 
13.283115 100.046985 64.989996 78.398832 -2.442464 -50.830160 42.019020 -73.890681 -63.104317 -67.688758 -52.841260 
13.283115 87.363415 64.989996 76.901300 -2.442464 -50.830160 12.642883 -74.890681 -80.794782 -49.001120 -38.387249 
13.283115 86.129224 53.381967 77.901300 -4.442464 -51.830160 12.642883 65.520312 -80.794782 -67.688758 -40.179110 
66.049272 89.129224 64.989996 76.901300 -2.442464 -52.830160 11.642883 -74.890681 -65.104317 -47.001120 -52.393544 
10.283115 87.129224 52.381967 79.398832 -5.928579 -51.830160 45.019020 61.520312 -64.104317 -49.001120 -40.387249 
66.049272 86.363415 63.989996 79.398832 -3.442464 -52.830160 13.642883 -11.724301 -80.794782 -67.688758 -39.387249 
13.283115 85.129224 62.989996 79.398832 -2.442464 -50.830160 44.019020 -74.890681 -82.794782 -67.688758 -39.387249 
66.049272 89.129224 62.989996 76.901300 -3.442464 -51.830160 43.019020 63.520312 -83.794782 -67.688758 -40.179110 
13.283115 87.363415 61.989996 78.398832 -2.442464 -51.830160 45.019020 64.520312 -80.794782 -47.001120 -37.387249 
66.049272 87.129224 64.989996 79.398832 -3.442464 -51.830160 12.642883 -11.724301 -80.794782 -67.688758 -52.393544 
10.283115 88.129224 63.989996 79.398832 -3.442464 -51.830160 43.316176 -74.890681 -80.794782 -51.001120 -37.387249 
66.049272 87.129224 63.989996 76.901300 -5.928579 -51.830160 11.642883 -74.890681 -66.104317 -49.001120 -52.841260 
11.283115 87.129224 53.381967 79.398832 -2.442464 -51.830160 11.642883 -74.890681 -80.794782 -48.001120 -52.841260 
11.283115 100.046985 65.989996 78.398832 -5.928579 -53.830160 11.642883 -75.890681 -81.794782 -67.688758 -39.387249 
11.283115 87.129224 64.989996 79.398832 -1.442464 -50.830160 12.642883 -74.890681 -80.794782 -48.001120 -34.387249 
80.461522 87.363415 62.989996 76.901300 -5.928579 -51.830160 13.642883 -11.724301 -82.794782 -47.001120 -39.387249 
13.283115 88.129224 53.381967 79.398832 -4.442464 -51.830160 11.642883 64.520312 -79.794782 -50.001120 -38.387249 
11.283115 100.046985 62.989996 78.398832 -3.442464 -51.830160 15.642883 -73.890681 -61.104317 -47.001120 -38.387249 
65.049272 87.363415 64.989996 79.398832 -2.442464 -51.830160 13.642883 62.520312 -65.104317 -67.688758 -39.387249 
79.461522 89.129224 62.989996 79.398832 -3.442464 -51.830160 13.642883 -74.890681 -80.794782 -50.001120 -40.387249 
12.283115 86.129224 62.989996 76.901300 -2.442464 -51.830160 42.019020 -73.890681 -82.794782 -66.688758 -40.387249 
66.049272 87.363415 63.989996 80.398832 -4.928579 -51.830160 12.642883 -74.890681 -65.104317 -48.001120 -39.387249 
12.283115 100.046985 64.989996 78.398832 -4.442464 -51.830160 11.642883 -74.890681 -65.104317 -29.194536 -52.841260 
13.283115 87.129224 63.989996 76.901300 -2.442464 -51.830160 12.642883 -73.890681 -81.794782 -50.001120 -39.179110 
79.461522 86.129224 63.989996 78.398832 -1.442464 -51.830160 45.019020 -74.890681 -65.104317 -49.001120 -39.387249 
12.283115 86.363415 64.989996 76.901300 -3.442464 -50.830160 11.642883 63.520312 -65.104317 -50.001120 -40.179110 
10.283115 87.363415 63.989996 79.398832 -3.442464 -52.830160 45.019020 -11.724301 -65.104317 -67.688758 -40.179110 
11.283115 87.129224 65.989996 77.901300 -3.442464 -51.830160 44.316176 -72.890681 -80.794782 -67.688758 -52.841260 
13.283115 89.129224 65.989996 79.398832 -5.928579 -51.830160 12.642883 65.520312 -65.104317 -47.001120 -39.387249 
65.049272 87.129224 53.381967 78.398832 -2.442464 -51.830160 13.642883 -74.890681 -81.794782 -49.001120 -39.387249 
11.283115 87.363415 52.381967 76.901300 -2.442464 -52.830160 13.642883 63.520312 -80.794782 -49.001120 -39.179110 
11.283115 87.129224 63.989996 78.398832 -4.442464 -51.830160 12.642883 63.520312 -80.794782 -67.688758 -52.393544 
66.049272 87.129224 53.381967 78.398832 -1.442464 -51.830160 11.642883 -11.724301 -81.794782 -47.001120 -39.387249 
12.283115 87.363415 63.989996 76.901300 -4.928579 -52.830160 44.019020 65.520312 -80.794782 -66.688758 -40.179110 
12.283115 86.363415 63.989996 78.398832 -2.442464 -50.830160 11.642883 63.520312 -80.794782 -50.001120 -39.387249 
13.283115 87.129224 64.989996 77.901300 -2.442464 -52.830160 12.642883 -73.890681 -79.794782 -67.688758 -39.387249 
12.283115 89.129224 64.989996 79.398832 -2.442464 -51.830160 12.642883 -75.890681 -80.794782 -47.001120 -35.387249 
11.283115 88.129224 53.381967 77.901300 -5.928579 -51.830160 13.642883 -74.890681 -63.104317 -49.001120 -52.393544 
66.049272 90.129224 64.989996 76.901300 -5.928579 -51.830160 12.642883 -75.890681 -81.794782 -50.001120 -40.179110 
11.283115 89.129224 53.381967 76.901300 -2.442464 -50.830160 11.642883 64.520312 -64.104317 -49.001120 -36.387249 
79.461522 86.129224 64.989996 76.901300 -5.928579 -50.830160 11.642883 64.520312 -82.794782 -50.001120 -39.387249 
13.283115 88.129224 64.989996 78.398832 -1.442464 -51.830160 11.642883 -74.890681 -65.104317 -67.688758 -37.387249 
65.049272 87.129224 63.989996 78.398832 -2.442464 -53.830160 10.642883 62.520312 -82.794782 -67.688758 -40.179110 
12.283115 86.129224 63.989996 75.901300 -3.442464 -53.830160 44.019020 -74.890681 -63.104317 -49.001120 -39.387249 
13.283115 87.363415 62.989996 78.398832 -2.442464 -51.830160 45.019020 -11.724301 -65.104317 -28.194536 -52.841260 
12.283115 100.046985 64.989996 76.901300 -3.442464 -50.830160 12.642883 -73.890681 -80.794782 -67.688758 -39.179110 
80.461522 86.363415 63.989996 77.398832 -3.442464 -51.830160 45.019020 -74.890681 -64.104317 -67.688758 -39.179110 
68.049272 86.363415 63.989996 76.901300 -3.442464 -50.830160 13.642883 -74.890681 -65.104317 -49.001120 -39.179110 
12.283115 89.129224 53.381967 80.398832 -2.442464 -50.830160 45.019020 -74.890681 -81.794782 -48.001120 -39.387249 
13.283115 87.129224 63.989996 78.398832 -1.442464 -51.830160 14.642883 65.520312 -80.794782 -49.001120 -40.179110 
11.283115 89.129224 63.989996 79.398832 -4.442464 -51.830160 12.642883 62.520312 -65.104317 -68.688758 -38.387249 
68.049272 87.363415 63.989996 76.901300 -1.442464 -50.830160 11.642883 63.520312 -65.104317 -47.001120 -39.387249 
13.283115 86.363415 62.989996 79.398832 -2.442464 -50.830160 12.642883 -10.724301 -64.104317 -49.001120 -52.841260 
65.049272 88.129224 63.989996 76.901300 -1.442464 -53.830160 11.642883 -11.724301 -65.104317 -47.001120 -52.841260 
13.283115 88.129224 52.381967 77.398832 -2.442464 -50.830160 13.642883 -74.890681 -81.794782 -49.001120 -52.393544 
12.283115 88.363415 62.989996 79.398832 -2.442464 -51.830160 45.019020 -74.890681 -80.794782 -67.688758 -43.179110 
13.283115 87.129224 63.989996 78.398832 -2.442464 -52.830160 12.642883 -11.724301 -65.104317 -49.001120 -38.387249 
10.283115 85.129224 62.989996 79.398832 -4.928579 -51.830160 12.642883 65.520312 -65.104317 -50.001120 -38.387249 
12.283115 100.046985 63.989996 77.901300 -3.442464 -52.830160 44.019020 65.520312 -80.794782 -49.001120 -52.393544 
14.283115 87.129224 63.989996 79.398832 -2.442464 -50.830160 15.642883 -74.890681 -65.104317 -47.001120 -38.387249 
12.283115 85.129224 64.989996 78.398832 -3.442464 -51.830160 43.316176 -11.724301 -64.104317 -28.194536 -51.841260 
11.283115 100.046985 64.989996 80.398832 -2.442464 -53.830160 43.316176 -74.890681 -65.104317 -67.688758 -52.841260 
11.283115 87.129224 63.989996 79.398832 -3.442464 -52.830160 12.642883 -75.890681 -80.794782 -50.001120 -40.179110 
66.049272 87.129224 64.989996 78.398832 -4.928579 -53.830160 12.642883 65.520312 -80.794782 -67.688758 -40.179110 
11.283115 86.363415 63.989996 79.398832 -2.442464 -50.830160 10.642883 -11.724301 -82.794782 -67.688758 -38.387249 
12.283115 86.129224 63.989996 79.398832 -6.928579 -51.830160 13.642883 64.520312 -65.104317 -47.001120 -51.841260 
14.283115 87.129224 64.989996 79.398832 -3.442464 -51.830160 43.316176 -74.890681 -64.104317 -47.001120 -34.387249 
66.049272 88.129224 63.989996 75.901300 -5.928579 -51.830160 44.019020 -75.890681 -65.104317 -67.688758 -39.387249 
10.283115 85.129224 52.381967 79.398832 -1.442464 -51.830160 11.642883 64.520312 -82.794782 -67.688758 -40.179110 
68.049272 89.129224 63.989996 81.398832 -2.442464 -51.830160 44.019020 -73.890681 -62.104317 -49.001120 -43.179110 
68.049272 89.129224 64.989996 81.398832 -2.442464 -52.830160 12.642883 62.520312 -80.794782 -49.001120 -39.387249 
13.283115 89.129224 63.989996 77.398832 -3.442464 -50.830160 11.642883 -75.890681 -65.104317 -47.001120 -51.841260 
66.049272 86.363415 63.989996 76.901300 -2.442464 -51.830160 44.019020 -72.890681 -65.104317 -67.688758 -39.387249 
12.283115 86.363415 62.989996 78.398832 -3.442464 -52.830160 13.642883 -74.890681 -65.104317 -47.001120 -37.387249 
11.283115 89.129224 64.989996 76.901300 -2.442464 -51.830160 11.642883 -74.890681 -65.104317 -48.001120 -35.387249 
78.461522 86.129224 64.989996 76.901300 -4.928579 -50.830160 44.019020 63.520312 -80.794782 -47.001120 -38.387249 
65.049272 87.363415 64.989996 76.901300 -2.442464 -51.830160 43.019020 -76.890681 -65.104317 -49.001120 -39.387249 
12.283115 90.129224 63.989996 79.398832 -1.442464 -51.830160 12.642883 -11.724301 -81.794782 -47.001120 -39.387249 
65.049272 100.046985 63.989996 79.398832 -3.442464 -50.830160 44.019020 61.520312 -63.104317 -29.194536 -40.179110 
13.283115 86.363415 62.989996 79.398832 -3.442464 -50.830160 12.642883 65.520312 -65.104317 -67.688758 -52.841260 
66.049272 87.129224 64.989996 79.398832 -4.928579 -51.830160 14.642883 64.520312 -81.794782 -50.001120 -40.387249 
65.049272 88.129224 65.989996 79.398832 -2.442464 -52.830160 12.642883 -74.890681 -81.794782 -47.001120 -39.387249 
13.283115 86.129224 63.989996 78.398832 -3.442464 -51.830160 11.642883 -75.890681 -80.794782 -67.688758 -38.387249 
12.283115 86.129224 62.989996 78.398832 -5.928579 -51.830160 12.642883 -74.890681 -65.104317 -49.001120 -52.841260 
13.283115 86.129224 64.989996 78.398832 -4.442464 -51.830160 12.642883 -74.890681 -65.104317 -29.194536 -39.387249 
67.049272 89.129224 63.989996 80.398832 -2.442464 -50.830160 43.316176 -73.890681 -65.104317 -64.688758 -40.387249 
13.283115 87.129224 64.989996 78.398832 -2.442464 -51.830160 46.019020 -74.890681 -65.104317 -47.001120 -51.841260 
11.283115 89.129224 63.989996 79.398832 -2.442464 -50.830160 44.019020 -74.890681 -82.794782 -65.688758 -40.387249 
64.049272 87.129224 66.989996 76.901300 -4.928579 -54.830160 43.316176 -11.724301 -81.794782 -49.001120 -40.179110 
79.461522 100.046985 63.989996 78.398832 -2.442464 -51.830160 11.642883 -74.890681 -65.104317 -67.688758 -53.841260 
13.283115 89.129224 65.989996 78.398832 -2.442464 -51.830160 45.019020 -73.890681 -65.104317 -67.688758 -37.387249 
13.283115 86.129224 53.381967 80.398832 -2.442464 -51.830160 12.642883 -73.890681 -81.794782 -67.688758 -52.841260 
13.283115 87.129224 52.381967 79.398832 -3.442464 -51.830160 13.642883 63.520312 -80.794782 -67.688758 -40.387249 
65.049272 87.363415 64.989996 79.398832 -0.442464 -51.830160 11.642883 -73.890681 -64.104317 -67.688758 -40.179110 
66.049272 86.129224 64.989996 76.901300 -5.928579 -52.830160 45.019020 -75.890681 -82.794782 -47.001120 -43.179110 
79.461522 89.129224 64.989996 76.901300 -4.442464 -51.830160 11.642883 -73.890681 -82.794782 -67.688758 -39.387249 
534810 1830 129402
