66.751363 89.129224 37.911661 76.901300 19.933236 -91.157116 45.019020 -17.314521 -38.050910 -78.853121 -14.548113 
69.049272 53.671256 56.246423 66.199436 20.933236 -30.686823 5.695878 -11.724301 -16.327704 -49.001120 -22.094693 
68.751363 57.173916 56.246423 79.398832 42.538864 -80.088871 77.102820 -75.890681 -38.050910 -64.688899 -53.900430 
92.584186 90.129224 47.212688 78.398832 45.315059 -30.686823 13.642883 65.520312 -99.220353 -49.001120 -22.094693 
93.280373 89.129224 63.989996 78.398832 -2.442464 -51.830160 13.642883 -11.724301 -16.327704 -11.858068 -41.179110 
13.283115 87.363415 56.246423 66.199436 -5.928579 -91.157116 28.210587 65.520312 -82.794782 -49.001120 -14.548113 
67.751363 87.363415 56.246423 79.398832 19.933236 -85.317114 13.642883 65.520312 -38.050910 -78.853121 -41.179110 
92.584186 57.173916 63.989996 93.560449 19.933236 -51.830160 13.642883 65.520312 -99.220353 -64.688899 -85.635194 
68.751363 97.046985 38.911661 98.721008 -2.442464 -80.088871 77.102820 65.520312 -64.104317 -20.116954 -59.757747 
67.751363 89.129224 38.911661 63.659805 43.538864 -31.686823 -47.924930 97.906906 -16.754118 -98.736426 -55.841260 
92.584186 83.343031 56.246423 66.199436 43.538864 -84.317114 77.102820 -16.314521 -63.104317 -65.688758 -55.841260 
93.280373 57.173916 56.246423 70.481538 -18.888994 -31.686823 45.019020 -29.680556 -37.050910 -98.736426 -55.841260 
93.280373 57.173916 56.246423 78.398832 -2.442464 -75.322694 13.642883 -76.890681 -64.104317 -49.001120 -40.387249 
82.461522 97.046985 63.989996 76.901300 19.933236 -51.830160 77.102820 -76.890681 -99.220353 -64.688899 -54.841260 
68.049272 89.129224 52.619854 79.398832 19.933236 -84.317114 21.604655 65.520312 -99.220353 -64.688899 -43.537342 
65.751363 53.671256 63.989996 65.199436 42.538864 -91.157116 13.642883 -47.056100 -7.167056 -66.688758 -75.914200 
93.280373 87.363415 56.246423 65.199436 -2.442464 -51.830160 12.642883 65.520312 -99.220353 -49.001120 -22.094693 
82.461522 97.046985 56.246423 78.398832 0.557536 -80.088871 12.642883 -30.680556 -80.794782 -49.001120 -22.094693 
12.283115 88.129224 47.704471 76.901300 19.933236 -51.830160 -43.035599 79.461307 -39.050910 -98.736426 -14.548113 
67.751363 91.129224 47.212688 98.721008 -7.928579 -31.686823 42.316176 -16.314521 -17.327704 -49.001120 -41.179110 
93.280373 99.046985 63.989996 78.398832 -18.888994 -84.317114 45.019020 -47.056100 -16.754118 -9.858068 -42.179110 
67.751363 87.363415 63.989996 65.199436 -7.928579 -51.830160 77.102820 -11.724301 -63.104317 -49.001120 -53.900430 
82.461522 53.671256 63.989996 66.199436 -2.442464 -29.970056 42.316176 65.520312 -80.794782 -10.858068 -42.179110 
66.049272 89.129224 53.619854 65.199436 46.315059 -31.686823 21.604655 -47.056100 -16.327704 -65.688758 -22.094693 
67.751363 87.363415 62.989996 65.199436 19.933236 -74.322694 13.642883 -47.056100 -63.104317 -49.001120 -41.179110 
67.751363 89.129224 39.911661 64.659805 -7.928579 -91.157116 42.316176 -88.894589 -100.220353 -49.001120 -55.841260 
66.049272 97.046985 56.246423 64.199436 19.933236 -91.157116 12.642883 97.906906 -16.754118 -9.858068 -44.537342 
69.049272 89.129224 53.619854 79.398832 -78.222561 -85.317114 29.210587 65.520312 -16.327704 -64.688758 -14.548113 
93.280373 97.046985 38.911661 65.199436 19.933236 -85.317114 44.019020 -93.497375 -16.327704 -98.736426 -41.179110 
13.283115 30.669345 53.619854 93.560449 -78.222561 -91.157116 28.210587 -16.314521 -100.220353 -49.001120 -55.841260 
82.461522 89.129224 47.212688 79.398832 46.315059 -51.830160 45.019020 -10.724301 -16.327704 -65.688758 -52.393544 
92.584186 89.129224 63.257551 98.721008 19.933236 -75.322694 13.642883 65.520312 -63.104317 -65.688758 -22.094693 
67.751363 99.046985 47.212688 70.481538 19.933236 -51.830160 77.102820 65.520312 -64.104317 -49.001120 -59.757747 
92.584186 83.343031 63.989996 78.398832 46.315059 -85.317114 5.695878 65.520312 -99.220353 -65.688758 -44.537342 
81.461522 87.363415 53.619854 79.398832 -7.928579 -29.970056 42.316176 -16.314521 -13.153238 -65.688758 -59.757747 
92.584186 87.363415 48.825141 78.398832 -7.928579 -51.830160 29.210587 -75.890681 -99.220353 -16.899737 -59.757747 
67.751363 89.129224 48.825141 65.199436 0.557536 -91.157116 13.642883 65.520312 -16.327704 -78.853121 -22.094693 
67.751363 90.129224 38.911661 78.398832 43.538864 -51.830160 -10.955241 97.906906 -37.050910 -10.858068 -40.387249 
82.461522 89.129224 56.246423 78.398832 19.933236 -85.317114 -47.924930 -16.314521 -63.104317 -49.001120 -74.914200 
92.584186 89.804577 53.619854 65.199436 -6.928579 -51.830160 42.316176 -74.890681 -16.327704 -12.858068 -75.914200 
66.049272 53.671256 38.911661 74.253283 19.933236 -75.322694 13.642883 94.418900 -63.104317 -98.736426 -40.387249 
68.751363 89.129224 63.989996 65.199436 46.315059 -51.830160 77.102820 -88.894589 -80.794782 -20.116954 -14.548113 
92.584186 99.046985 63.989996 78.398832 19.933236 -31.686823 42.316176 97.906906 -80.794782 -77.853121 -54.841260 
82.461522 97.046985 63.989996 66.199436 19.933236 -84.317114 21.604655 -17.314521 -64.104317 -78.853121 -14.548113 
93.280373 54.671256 38.911661 63.659805 19.933236 -51.830160 -47.924930 65.520312 -63.104317 -98.736426 -41.179110 
82.461522 99.046985 35.985604 79.398832 -6.928579 -80.088871 42.316176 -17.314521 -80.794782 -10.858068 -41.179110 
93.280373 57.173916 47.212688 65.199436 -2.442464 -80.088871 42.316176 57.849688 -37.050910 -77.853121 -53.900430 
82.461522 97.046985 38.911661 78.398832 -78.222561 -31.686823 5.695878 -47.056100 -99.220353 -97.736426 -55.841260 
68.751363 97.046985 56.246423 76.398832 42.538864 -85.317114 77.102820 97.906906 -16.327704 -10.858068 -59.757747 
67.049272 87.363415 53.619854 78.398832 45.315059 -50.830160 13.642883 65.520312 -99.220353 -64.688899 -59.757747 
93.584186 88.129224 53.619854 66.199436 -7.928579 -51.830160 13.642883 -76.890681 -100.220353 -65.688758 -53.900430 
13.283115 87.363415 56.246423 63.659805 -2.442464 -75.322694 13.642883 -74.890681 -7.167056 -64.688899 -59.757747 
82.461522 97.046985 54.619854 63.659805 -6.928579 -84.317114 42.316176 -10.724301 -80.794782 -49.001120 -22.094693 
67.751363 89.129224 63.989996 65.199436 -6.928579 -75.322694 42.316176 -16.314521 -99.220353 -49.001120 -52.393544 
69.751363 87.363415 47.212688 65.199436 -52.085757 -51.830160 44.019020 97.906906 -80.794782 -98.736426 -22.094693 
82.461522 89.804577 56.246423 74.253283 -78.222561 -51.830160 -46.924930 79.461307 -80.794782 -28.194536 -55.841260 
93.280373 99.046985 38.911661 65.199436 -7.928579 -29.970056 45.019020 -11.724301 -100.220353 -64.688758 -76.914200 
69.049272 89.129224 52.619854 76.901300 -2.442464 -31.686823 42.316176 -10.724301 -99.220353 -49.001120 -14.548113 
69.049272 89.129224 53.619854 78.398832 -52.085757 -91.157116 42.316176 -76.890681 -37.050910 -10.858068 -52.900430 
68.751363 89.129224 38.911661 63.659805 0.557536 -51.830160 5.695878 -76.890681 -100.220353 -10.858068 -76.914200 
93.280373 83.343031 55.246423 78.398832 19.933236 -80.088871 77.102820 57.849688 -99.220353 -11.858068 -85.635194 
93.280373 83.343031 56.246423 65.199436 -18.888994 -91.157116 69.906606 97.906906 -33.817080 -20.116954 -41.179110 
13.283115 88.129224 60.638941 76.901300 -6.928579 -51.830160 13.642883 65.520312 -80.794782 -65.688758 -41.179110 
13.283115 90.804577 63.257551 76.901300 19.933236 -84.317114 68.906606 -75.890681 -63.104317 -65.688758 -54.841260 
93.280373 89.129224 52.381967 63.659805 -6.928579 -80.088871 13.642883 65.520312 -16.327704 -66.688758 -43.537342 
68.751363 97.046985 63.989996 74.253283 19.933236 -85.317114 -47.924930 -11.724301 -7.167056 -49.001120 -40.387249 
92.584186 87.363415 56.246423 79.398832 -7.928579 -91.157116 29.210587 57.849688 -33.817080 -20.116954 -22.094693 
92.584186 97.046985 63.989996 64.199436 -2.442464 -84.317114 5.695878 -11.724301 -99.220353 -66.688758 -40.387249 
93.280373 87.363415 38.911661 76.901300 -6.928579 -33.300481 22.604655 -16.314521 -38.050910 -65.688758 -59.757747 
93.280373 89.129224 53.619854 78.398832 19.933236 -80.088871 45.019020 64.520312 -38.050910 -65.688758 -43.537342 
67.751363 89.804577 38.911661 79.398832 19.933236 -80.088871 -43.035599 -75.890681 -63.104317 -64.688899 -59.757747 
66.049272 90.129224 64.257551 74.253283 19.933236 -32.686823 28.210587 57.849688 -37.050910 -98.736426 -44.537342 
68.049272 53.671256 27.831118 77.398832 19.933236 -31.686823 13.642883 -30.680556 -13.153238 -98.736426 -53.900430 
65.616505 88.129224 47.212688 77.398832 -2.442464 -91.157116 42.316176 65.520312 -63.104317 -65.688758 -14.548113 
92.584186 87.363415 47.212688 78.398832 47.315059 -51.830160 43.316176 65.520312 -64.104317 -65.688758 -74.914200 
92.280373 87.363415 63.989996 65.199436 46.315059 -51.830160 42.316176 -16.314521 -98.521962 -99.736426 -53.900430 
68.751363 97.046985 53.619854 66.199436 -7.928579 -51.830160 42.316176 65.520312 -99.220353 -77.853121 -85.635194 
67.751363 89.129224 52.381967 65.199436 19.933236 -51.830160 42.316176 -76.890681 -99.220353 -20.116954 -53.900430 
92.584186 89.129224 63.989996 93.560449 -7.928579 -80.088871 21.604655 -16.314521 -80.794782 -9.858068 -44.537342 
69.049272 99.081123 48.704471 93.560449 0.557536 -80.088871 42.316176 -76.890681 -16.754118 -28.194536 -53.900430 
68.751363 97.046985 53.619854 66.199436 -2.442464 -80.088871 28.210587 65.520312 -16.327704 -28.194536 -53.900430 
65.616505 87.363415 64.257551 76.901300 -78.222561 -85.317114 13.642883 -76.890681 -16.754118 -20.116954 -51.812096 
93.280373 87.363415 63.989996 78.398832 -2.442464 -50.830160 42.316176 -76.890681 -33.817080 -64.688758 -59.757747 
93.280373 99.046985 38.911661 66.199436 -7.928579 -84.317114 21.604655 79.461307 -33.817080 -49.001120 -14.548113 
82.461522 53.671256 63.989996 65.199436 -7.928579 -31.686823 77.102820 65.520312 -79.794782 -20.116954 -41.179110 
92.584186 97.046985 52.619854 79.398832 19.933236 -84.317114 77.102820 65.520312 -99.220353 -11.858068 -74.914200 
68.751363 87.363415 56.246423 65.199436 -55.624074 -50.830160 77.102820 65.520312 -100.220353 -28.194536 -14.548113 
68.751363 97.046985 48.825141 78.398832 19.933236 -84.317114 -47.924930 -16.314521 -80.794782 -65.688758 -41.179110 
82.461522 88.129224 63.989996 62.659805 19.933236 -31.686823 28.210587 -88.894589 -99.220353 -20.116954 -55.841260 
69.751363 57.173916 63.989996 64.199436 -2.442464 -84.317114 13.642883 65.520312 -99.220353 -97.736426 -22.094693 
82.461522 90.804577 63.989996 76.901300 19.933236 -51.830160 77.102820 -47.056100 -38.050910 -77.853121 -85.635194 
67.751363 30.669345 63.989996 63.659805 42.538864 -51.830160 28.210587 -75.890681 -64.104317 -49.001120 -53.900430 
66.049272 90.129224 38.911661 99.721008 45.315059 -74.322694 13.642883 65.520312 -37.050910 -28.194536 -53.900430 
13.283115 87.363415 63.989996 77.398832 -7.928579 -91.157116 42.316176 65.520312 -99.220353 -98.736426 -14.548113 
92.584186 99.046985 53.619854 79.398832 19.933236 -80.088871 -47.924930 65.520312 -100.220353 -49.001120 -55.841260 
68.751363 89.129224 63.257551 64.199436 19.933236 -31.686823 45.019020 65.520312 -38.050910 -12.858068 -59.757747 
67.751363 87.363415 47.212688 93.560449 -51.085757 -31.686823 41.316176 83.846349 -99.220353 -49.001120 -75.914200 
92.584186 99.046985 52.381967 63.659805 -5.928579 -84.317114 5.695878 -29.680556 -99.220353 -78.853121 -55.841260 
67.049272 57.173916 60.638941 93.560449 43.538864 -84.317114 14.642883 -93.497375 -99.220353 -78.853121 -14.548113 
67.751363 89.129224 38.911661 65.199436 -2.442464 -80.088871 21.604655 -47.056100 -80.794782 -20.116954 -44.537342 
72800 2760 41077
