83.354220 87.363415 56.246423 33.658617 64.893726 -30.970056 -35.802383 55.056910 -40.894942 -20.116954 -34.457308 
28.166184 61.724545 47.212688 77.901300 69.871504 -60.631300 46.624004 65.520312 -33.817080 -66.688899 -85.635194 
34.391969 26.486577 47.212688 93.560449 46.315059 -31.686823 -17.988766 95.418900 -53.205727 -89.674068 -52.393544 
82.610485 83.343031 48.704471 64.942872 19.933236 -43.395279 21.604655 83.846349 -98.521962 -49.001120 -13.548113 
68.751363 97.046985 47.212688 65.662046 19.933236 -31.686823 -72.987213 48.164258 -40.894942 -28.194536 -12.548113 
34.391969 89.129224 27.592719 58.946893 -78.222561 -60.631300 -98.583741 66.520312 -16.754118 -2.599913 -52.393544 
89.758970 89.129224 56.246423 78.398832 63.994913 -41.899713 -43.035599 79.461307 -65.652758 -42.332233 -52.393544 
67.751363 89.129224 47.212688 41.861080 -62.380650 -84.317114 46.624004 -93.497375 -33.817080 -2.599913 -85.635194 
93.280373 30.669345 39.597629 46.000418 46.315059 -51.830160 42.316176 33.355099 -38.050910 -6.034338 -41.179110 
89.758970 61.279341 53.619854 76.901300 92.983381 -33.300481 77.102820 -76.890681 -63.104317 -41.332233 -85.635194 
93.280373 99.081123 52.381967 37.241139 -18.888994 -44.505528 -17.988766 -79.451754 -26.626022 -49.001120 -54.841260 
92.584186 44.579467 47.212688 74.253283 -84.801188 -30.970056 5.695878 66.520312 -28.725287 -46.626790 -41.179110 
83.354220 85.796323 32.232377 74.253283 -51.085757 -74.322694 -43.035599 -39.908464 -17.327704 -77.853121 -59.757747 
93.280373 87.363415 63.989996 44.405398 -7.928579 -74.322694 -71.987213 48.164258 -98.521962 -29.599731 -44.537342 
13.283115 85.796323 63.989996 93.560449 -2.442464 -25.642062 46.624004 -58.458897 -16.754118 -97.360613 -12.548113 
13.283115 76.841739 47.212688 78.398832 -7.928579 -85.317114 44.019020 -10.724301 -80.794782 -50.001120 -41.179110 
63.573938 26.486577 32.232377 84.215477 -82.943896 -42.395279 44.019020 -47.056100 -53.205727 -60.014564 -41.179110 
28.166184 24.167839 63.989996 37.241139 -62.380650 -60.631300 42.316176 -10.724301 -7.723707 -49.001120 -97.430717 
83.354220 87.363415 63.989996 42.861080 -51.085757 -58.878373 -43.035599 -89.803336 -16.754118 -60.014564 -12.548113 
95.008411 97.046985 35.985604 59.806802 -51.085757 -74.322694 77.102820 66.520312 -4.169117 -28.194536 -41.179110 
6.695033 85.796323 72.195579 98.721008 46.315059 -51.830160 -17.988766 40.424142 -68.757789 -98.736426 -85.635194 
75.476798 88.129224 18.917863 94.560449 33.720838 -80.088871 77.010015 65.520312 -33.817080 -28.194536 -50.911255 
28.166184 26.486577 48.704471 91.865228 -2.442464 -32.300481 -57.953580 -88.894589 -68.757789 -97.360613 -11.715524 
93.280373 87.363415 56.246423 98.721008 -51.085757 -51.830160 -98.583741 -88.894589 -7.723707 -20.116954 -58.207353 
13.283115 76.841739 39.597629 99.721008 -51.085757 -85.317114 77.102820 14.087706 -53.075179 -60.014564 -85.635194 
83.354220 88.129224 35.985604 63.659805 21.769838 -40.334452 -17.988766 -76.890681 -17.327704 -26.362090 -22.094693 
63.573938 44.579467 47.212688 99.721008 46.315059 -51.830160 -43.035599 66.520312 -97.858191 -65.688899 -52.393544 
11.652389 56.173916 29.009195 86.485809 63.125042 -75.429843 77.102820 -75.890681 -33.817080 -28.194536 -58.757747 
93.280373 85.796323 48.825141 63.659805 14.805291 -51.830160 78.010015 -38.806835 -63.104317 -77.853121 -52.393544 
83.354220 26.486577 35.985604 63.659805 46.315059 -41.745788 28.210587 83.846349 -53.205727 -50.001120 -44.537342 
28.166184 83.343031 63.257551 65.199436 -53.380680 -51.830160 13.642883 -75.890681 -33.817080 -69.171801 -12.548113 
66.733579 89.129224 48.704471 91.865228 -7.928579 -51.830160 -47.924930 66.520312 -80.794782 -65.688758 -85.635194 
92.584186 87.363415 26.881046 93.560449 46.315059 -91.157116 -88.655731 66.520312 -8.167056 -28.194536 -50.911255 
67.049272 89.129224 31.232377 42.861080 -18.888994 -60.631300 -17.988766 65.520312 -13.153238 -29.599731 -41.179110 
67.751363 83.343031 52.381967 98.721008 -55.624074 -33.300481 44.019020 -88.894589 -63.104317 -28.194536 -59.757747 
98.745714 30.669345 63.989996 64.199436 14.805291 -30.970056 -88.655731 -16.314521 -38.685683 -10.858068 -27.095717 
92.584186 26.486577 53.619854 74.253283 -84.801188 -51.830160 44.019020 66.520312 -99.220353 -7.034338 -77.787203 
83.354220 61.724545 47.212688 58.946893 63.994913 -31.686823 77.010015 40.424142 -98.521962 -96.360613 -37.418213 
67.751363 24.167839 27.831118 78.398832 -2.442464 -25.642062 45.019020 -16.314521 -16.754118 -65.688899 -41.179110 
63.573938 61.279341 29.009195 63.659805 46.315059 -42.395279 77.102820 -59.458897 -6.723707 -28.194536 -84.635194 
82.461522 99.081123 61.638941 65.199436 73.280822 -33.300481 -56.146999 48.164258 -40.894942 -65.688758 -40.387249 
65.333019 89.129224 48.704471 99.721008 63.125042 -30.970056 44.019020 33.355099 -38.685683 -49.001120 -13.548113 
65.616505 85.796323 35.985604 63.659805 45.315059 -25.642062 -42.035599 -10.724301 -16.327704 -41.332233 -12.548113 
11.652389 85.296547 63.989996 42.861080 -51.085757 -30.970056 -35.802383 -39.908464 -76.644502 -39.771936 -12.548113 
67.049272 61.279341 35.985604 99.721008 41.282477 -51.830160 28.210587 -57.458897 -16.754118 -54.226514 -13.548113 
25.976010 89.129224 63.989996 40.680717 -78.222561 -31.686823 4.695878 -17.425938 -80.794782 -49.001120 -59.207353 
67.751363 89.129224 38.911661 63.659805 46.315059 -51.830160 46.624004 -88.894589 -33.817080 -60.014564 -37.418213 
92.584186 97.046985 29.009195 77.901300 -2.442464 -51.830160 46.624004 -47.056100 -4.169117 -28.194536 -36.457308 
34.499072 89.129224 47.212688 33.658617 46.315059 -51.830160 -72.121408 -10.724301 -16.754118 -77.853121 -41.179110 
12.283115 89.129224 47.212688 99.721008 46.315059 -73.322694 -56.146999 -93.497375 -34.817080 -49.001120 -54.841260 
75.476798 26.486577 32.232377 63.659805 -2.442464 -82.594619 -43.035599 65.520312 -38.050910 -65.688899 -27.095717 
65.616505 85.796323 38.911661 33.658617 -78.222561 -42.395279 5.695878 -17.425938 -53.075179 -76.853121 -52.393544 
98.745714 85.296547 48.704471 63.659805 44.538864 -76.429843 44.019020 -39.908464 -16.754118 -39.771936 -37.860872 
7.695033 53.671256 27.831118 78.398832 -12.359113 -40.745788 -88.655731 66.520312 -4.169117 -25.362090 -12.548113 
13.283115 97.046985 63.989996 77.901300 -26.786073 -31.686823 -35.802383 -75.890681 -99.220353 -39.745526 -52.393544 
28.166184 88.129224 35.985604 86.725543 64.893726 -74.322694 77.102820 -62.701080 -80.794782 -49.001120 -76.914200 
67.049272 89.129224 52.381967 58.488057 43.538864 -60.631300 77.102820 -79.451754 -63.104317 -39.745526 -22.094693 
92.584186 87.363415 29.009195 84.215477 -7.928579 -51.830160 46.624004 14.087706 -63.104317 -16.899737 -85.635194 
68.751363 56.173916 52.381967 37.241139 -94.372895 -11.009011 -43.035599 -10.724301 -6.723707 -66.688899 -27.095717 
67.751363 89.129224 47.212688 78.398832 -7.928579 -51.830160 -17.988766 -17.425938 -99.220353 -49.001120 -54.841260 
68.751363 87.363415 35.985604 70.481538 69.871504 -31.686823 28.210587 -74.890681 -16.327704 -20.116954 -41.179110 
95.008411 39.815417 38.911661 42.861080 -7.928579 -42.395279 -17.988766 57.849688 -33.817080 -77.853121 -41.179110 
83.354220 87.363415 31.232377 65.199436 46.315059 -41.745788 69.906606 40.424142 -63.104317 -95.530999 -59.757747 
95.008411 99.081123 53.619854 63.659805 46.315059 -85.317114 -17.988766 40.424142 -76.644502 -77.853121 -59.757747 
67.049272 88.129224 52.381967 84.215477 -55.624074 -30.970056 78.010015 65.520312 -16.754118 -54.226514 -54.841260 
11.652389 87.363415 47.212688 93.560449 -2.442464 -26.642062 28.210587 -17.425938 -4.169117 -54.226514 -37.860872 
82.461522 61.279341 63.257551 65.199436 -51.085757 -44.505528 -10.955241 -47.056100 -7.723707 -97.360613 -37.860872 
82.461522 61.279341 63.989996 63.659805 -54.380680 -80.088871 -17.988766 -10.724301 -33.817080 -95.530999 -50.911255 
89.758970 96.772125 38.911661 91.865228 -54.380680 -30.970056 -88.655731 97.906906 -68.757789 -39.771936 -52.812096 
92.584186 94.749399 28.592719 46.000418 14.805291 -42.395279 72.182280 -47.056100 -28.725287 -2.599913 -41.179110 
98.745714 76.841739 47.212688 78.398832 -51.085757 -30.970056 43.316176 -47.056100 -7.723707 -54.226514 -22.094693 
11.652389 87.363415 31.232377 93.560449 -7.928579 -85.317114 -17.988766 -88.894589 -80.794782 -29.599731 -44.537342 
11.652389 30.669345 56.246423 66.662046 64.893726 -33.300481 77.102820 40.424142 -80.794782 -28.194536 -59.757747 
67.751363 89.129224 71.195579 86.485809 -18.888994 -30.970056 5.695878 40.424142 -38.050910 -31.438620 -85.635194 
83.461522 89.804577 48.825141 74.253283 -51.085757 -31.686823 -57.953580 40.424142 -16.754118 -54.226514 -85.635194 
95.008411 26.486577 47.212688 65.199436 70.871504 -51.830160 -43.035599 -16.314521 -13.153238 -77.853121 -52.393544 
90.016046 85.796323 49.704471 84.215477 -2.442464 -30.970056 -57.127039 -79.451754 -99.220353 -20.116954 -12.548113 
93.280373 97.046985 39.597629 94.560449 -55.624074 -10.647469 44.019020 -75.890681 -28.725287 -2.599913 -44.537342 
79.406737 83.343031 27.831118 37.241139 -7.928579 -90.157116 -43.035599 97.906906 -38.050910 -60.014564 -13.548113 
67.751363 56.173916 48.212688 44.405398 -2.442464 -10.647469 -57.127039 96.418900 -80.794782 -42.332233 -27.095717 
13.283115 60.724545 47.212688 44.405398 -51.085757 -74.322694 47.624004 -39.908464 -40.894942 -28.194536 -50.911255 
6.695033 83.343031 71.195579 33.658617 -2.442464 -31.686823 78.010015 -62.701080 -13.153238 -95.530999 -38.860872 
75.476798 39.815417 56.246423 63.659805 44.538864 -60.631300 -35.802383 83.846349 -5.272847 -54.226514 -76.914200 
65.616505 94.749399 32.232377 66.662046 -18.888994 -51.830160 13.642883 -30.680556 -40.894942 -31.438620 -51.812096 
66.049272 99.081123 47.212688 62.659805 -2.442464 -85.317114 77.102820 83.846349 -38.685683 -32.438620 -76.914200 
83.610485 87.363415 48.825141 77.398832 63.125042 -91.157116 -47.924930 40.424142 -63.104317 -28.194536 -37.418213 
11.652389 61.724545 48.704471 99.721008 64.893726 -44.505528 77.010015 -39.908464 -8.723707 -42.332233 -55.893547 
11.652389 3.405331 39.597629 78.398832 -55.624074 -16.529422 77.010015 -62.701080 -63.104317 -65.688899 -47.018269 
67.751363 99.081123 32.232377 72.856575 -7.928579 -30.970056 -38.933227 65.520312 -7.723707 -20.116954 -22.094693 
67.751363 97.046985 47.212688 78.398832 -2.442464 -51.830160 77.102820 -93.497375 -38.685683 -10.858068 -44.537342 
75.476798 97.046985 47.212688 99.721008 64.893726 -31.686823 -57.127039 -94.497375 -64.104317 -54.226514 -76.914200 
34.391969 39.815417 27.831118 63.659805 -51.085757 -80.088871 -10.955241 -93.497375 -28.725287 -20.116954 -41.476022 
67.751363 99.081123 35.985604 63.659805 -51.085757 -31.686823 42.316176 -93.497375 -63.104317 -54.226514 -28.784926 
92.584186 24.167839 32.232377 84.215477 46.315059 -60.631300 78.102820 -75.890681 -53.075179 -65.688899 -41.179110 
34.499072 87.363415 71.969576 74.253283 -51.085757 -42.395279 78.010015 -17.425938 -17.327704 -20.116954 -52.393544 
66.333019 89.129224 63.989996 65.199436 -51.085757 -74.322694 21.604655 66.520312 -13.153238 -49.001120 -53.900430 
95.008411 87.363415 72.195579 91.865228 69.871504 -51.830160 -43.035599 -16.314521 -99.220353 -29.599731 -85.635194 
84.369081 30.669345 63.989996 78.398832 -18.888994 -41.899713 5.695878 95.418900 -37.050910 -97.360613 -50.911255 
92.584186 87.363415 48.825141 58.891365 14.452853 -85.317114 46.624004 -88.894589 -16.754118 -77.853121 -52.393544 
82.461522 97.046985 48.827876 66.662046 -28.822109 -82.594619 21.604655 -75.890681 -98.521962 -54.226514 -12.156186 
83870 40 25041
