82.461522 89.129224 56.246423 78.398832 18.933236 -85.317114 42.316176 -16.314521 -80.794782 -66.688758 -14.548113 
92.584186 97.046985 47.212688 65.199436 19.933236 -51.830160 42.316176 -10.724301 -63.104317 -99.736426 -54.841260 
82.461522 90.804577 63.989996 76.901300 19.933236 -50.830160 77.102820 65.520312 -101.220353 -66.688758 -14.548113 
13.283115 87.363415 52.381967 65.199436 46.315059 -51.830160 42.316176 -10.724301 -16.327704 -67.688758 -41.179110 
67.049272 90.804577 56.246423 78.398832 42.538864 -91.157116 13.642883 -16.314521 -99.220353 -66.688758 -41.179110 
65.616505 97.046985 56.246423 79.398832 -8.928579 -51.830160 5.695878 -10.724301 -99.220353 -66.688758 -54.841260 
69.049272 97.046985 52.381967 79.398832 -6.928579 -91.157116 13.642883 -76.890681 -37.050910 -78.853121 -40.387249 
13.283115 88.129224 63.989996 77.398832 19.933236 -91.157116 21.604655 65.520312 -79.794782 -28.194536 -75.914200 
92.584186 53.671256 47.212688 78.398832 19.933236 -91.157116 13.642883 66.520312 -80.794782 -20.116954 -41.179110 
67.751363 97.046985 63.989996 65.199436 46.315059 -75.322694 5.695878 -75.890681 -38.050910 -77.853121 -41.179110 
92.584186 97.046985 63.989996 93.560449 19.933236 -29.970056 -47.924930 67.520312 -16.327704 -10.858068 -14.548113 
13.283115 89.129224 52.381967 76.901300 42.538864 -29.970056 -47.924930 -47.056100 -101.220353 -64.688758 -76.914200 
82.461522 87.363415 63.989996 79.398832 47.315059 -51.830160 42.316176 -46.056100 -99.220353 -48.001120 -58.757747 
66.049272 87.363415 48.212688 94.560449 -6.928579 -80.088871 45.019020 94.418900 -100.220353 -21.116954 -22.094693 
65.616505 90.804577 53.619854 78.398832 46.315059 -91.157116 -47.924930 65.520312 -16.327704 -10.858068 -55.841260 
66.049272 99.046985 52.619854 78.398832 42.538864 -29.970056 12.642883 -16.314521 -80.794782 -66.688758 -41.179110 
93.280373 89.129224 38.911661 65.199436 -2.442464 -91.157116 41.316176 -16.314521 -100.220353 -78.853121 -14.548113 
82.461522 100.046985 56.246423 79.398832 42.538864 -80.088871 41.316176 94.418900 -63.104317 -65.688758 -14.548113 
13.283115 89.129224 47.212688 62.659805 -2.442464 -51.830160 45.019020 65.520312 -80.794782 -98.736426 -53.900430 
93.280373 88.129224 56.246423 66.199436 -6.928579 -91.157116 5.695878 -16.314521 -101.220353 -66.688758 -22.094693 
93.280373 87.363415 63.989996 76.901300 -55.624074 -91.157116 13.642883 65.520312 -100.220353 -66.688758 -55.841260 
82.461522 87.363415 56.246423 65.199436 46.315059 -50.830160 77.102820 -16.314521 -64.104317 -49.001120 -41.179110 
67.751363 88.129224 53.619854 65.199436 -7.928579 -80.088871 45.019020 65.520312 -99.220353 -49.001120 -14.548113 
82.461522 90.804577 63.989996 79.398832 -2.442464 -91.157116 42.316176 -76.890681 -63.104317 -64.688899 -14.548113 
13.283115 99.046985 56.246423 65.199436 47.315059 -80.088871 41.316176 -75.890681 -99.220353 -65.688758 -40.387249 
82.461522 83.343031 52.381967 65.199436 19.933236 -51.830160 12.642883 65.520312 -80.794782 -28.194536 -52.393544 
92.584186 97.046985 63.989996 66.199436 -2.442464 -85.317114 13.642883 -11.724301 -16.327704 -78.853121 -14.548113 
13.283115 89.804577 38.911661 64.199436 -6.928579 -84.317114 21.604655 -10.724301 -8.167056 -77.853121 -40.387249 
82.461522 83.343031 52.381967 70.481538 19.933236 -80.088871 21.604655 65.520312 -64.104317 -65.688758 -59.757747 
67.751363 86.363415 52.381967 78.398832 -6.928579 -51.830160 14.642883 65.520312 -37.050910 -65.688758 -51.812096 
92.584186 87.363415 64.989996 78.398832 -6.928579 -91.157116 13.642883 -47.056100 -80.794782 -65.688758 -44.537342 
67.751363 97.046985 47.212688 78.398832 -2.442464 -74.322694 69.906606 65.520312 -16.327704 -28.194536 -14.548113 
93.280373 83.343031 63.989996 76.901300 -78.222561 -51.830160 5.695878 65.520312 -39.050910 -98.736426 -59.757747 
82.461522 99.046985 27.831118 76.901300 0.557536 -31.686823 5.695878 -11.724301 -39.050910 -64.688758 -75.914200 
82.461522 97.046985 53.619854 65.199436 47.315059 -51.830160 12.642883 -16.314521 -80.794782 -66.688758 -41.179110 
83.461522 99.046985 63.989996 79.398832 19.933236 -84.317114 22.604655 -30.680556 -16.327704 -10.858068 -53.900430 
92.584186 89.129224 52.381967 99.721008 19.933236 -91.157116 45.019020 -16.314521 -64.104317 -28.194536 -86.635194 
69.049272 89.129224 47.704471 76.901300 45.315059 -30.686823 12.642883 -74.890681 -80.794782 -65.688758 -51.812096 
68.751363 99.081123 56.246423 77.398832 42.538864 -29.970056 42.316176 -47.056100 -99.220353 -65.688758 -55.841260 
68.751363 89.804577 63.989996 65.199436 -7.928579 -80.088871 42.316176 -16.314521 -80.794782 -64.688899 -44.537342 
82.461522 89.129224 56.246423 70.481538 41.538864 -80.088871 42.316176 -10.724301 -80.794782 -49.001120 -41.179110 
82.461522 89.129224 63.989996 65.199436 42.538864 -51.830160 13.642883 -10.724301 -80.794782 -65.688758 -22.094693 
92.584186 87.363415 52.381967 67.199436 19.933236 -91.157116 28.210587 -47.056100 -100.220353 -65.688758 -41.179110 
68.751363 97.046985 52.619854 78.398832 -2.442464 -51.830160 77.102820 -10.724301 -100.220353 -20.116954 -41.179110 
93.280373 53.671256 64.989996 78.398832 19.933236 -52.830160 21.604655 -46.056100 -80.794782 -66.688758 -41.179110 
66.049272 89.129224 47.212688 76.901300 -6.928579 -51.830160 5.695878 -11.724301 -63.104317 -65.688758 -55.841260 
68.751363 87.363415 63.989996 76.901300 19.933236 -84.317114 42.316176 -76.890681 -16.327704 -49.001120 -51.812096 
68.751363 89.129224 57.246423 66.199436 18.933236 -50.830160 -47.924930 -74.890681 -99.220353 -66.688758 -55.841260 
67.049272 97.046985 56.246423 74.253283 20.933236 -84.317114 45.019020 64.520312 -38.050910 -77.853121 -53.393544 
65.616505 97.046985 63.989996 78.398832 42.538864 -85.317114 12.642883 -76.890681 -39.050910 -65.688758 -51.812096 
65.616505 89.129224 38.911661 63.659805 19.933236 -51.830160 12.642883 65.520312 -100.220353 -98.736426 -22.094693 
69.049272 99.081123 52.381967 63.659805 -55.624074 -85.317114 13.642883 65.520312 -38.050910 -49.001120 -41.179110 
93.280373 87.363415 63.257551 93.560449 -6.928579 -51.830160 -43.035599 79.461307 -16.327704 -66.688758 -52.393544 
68.751363 97.046985 53.619854 63.659805 -2.442464 -91.157116 45.019020 -16.314521 -16.327704 -98.736426 -40.387249 
66.049272 87.363415 63.989996 74.253283 -7.928579 -51.830160 42.316176 -11.724301 -63.104317 -49.001120 -40.387249 
92.584186 89.129224 56.246423 66.199436 0.557536 -30.686823 42.316176 79.461307 -63.104317 -66.688758 -76.914200 
93.280373 90.804577 52.381967 66.199436 -5.928579 -51.830160 28.210587 -29.680556 -101.220353 -20.116954 -41.179110 
93.280373 87.363415 64.257551 66.199436 -3.442464 -52.830160 41.316176 65.520312 -99.220353 -65.688758 -52.393544 
13.283115 89.129224 56.246423 93.560449 20.933236 -91.157116 -47.924930 -76.890681 -64.104317 -65.688758 -41.179110 
92.584186 90.804577 63.989996 65.199436 19.933236 -80.088871 21.604655 -74.890681 -63.104317 -20.116954 -59.757747 
65.616505 98.046985 47.704471 76.901300 19.933236 -85.317114 5.695878 -16.314521 -100.220353 -10.858068 -55.841260 
92.584186 88.129224 52.381967 65.199436 -5.928579 -85.317114 5.695878 65.520312 -100.220353 -10.858068 -44.537342 
82.461522 90.804577 53.619854 79.398832 47.315059 -51.830160 45.019020 -75.890681 -64.104317 -77.853121 -14.548113 
67.751363 97.046985 38.911661 76.901300 -5.928579 -52.830160 42.316176 65.520312 -80.794782 -64.688899 -55.841260 
92.584186 89.129224 62.989996 70.481538 -6.928579 -91.157116 13.642883 79.461307 -16.327704 -49.001120 -55.841260 
82.461522 87.363415 53.619854 76.901300 42.538864 -84.317114 13.642883 -76.890681 -65.104317 -10.858068 -22.094693 
82.461522 99.046985 56.246423 70.481538 42.538864 -91.157116 42.316176 66.520312 -64.104317 -66.688758 -55.841260 
82.461522 88.129224 56.246423 77.398832 -6.928579 -80.088871 28.210587 -76.890681 -16.327704 -66.688758 -55.841260 
13.283115 97.046985 52.381967 79.398832 19.933236 -84.317114 12.642883 66.520312 -80.794782 -19.116954 -75.914200 
65.616505 87.363415 47.212688 78.398832 45.315059 -91.157116 28.210587 -74.890681 -80.794782 -77.853121 -53.900430 
68.751363 99.046985 56.246423 93.560449 -7.928579 -51.830160 13.642883 65.520312 -64.104317 -64.688758 -44.537342 
67.049272 99.046985 52.381967 76.901300 47.315059 -91.157116 42.316176 65.520312 -7.167056 -66.688758 -52.393544 
82.461522 89.129224 63.989996 76.901300 -2.442464 -51.830160 13.642883 65.520312 -16.327704 -98.736426 -44.537342 
69.049272 87.363415 47.704471 65.199436 20.933236 -91.157116 45.019020 65.520312 -16.327704 -65.688758 -52.393544 
11.283115 89.129224 56.246423 66.199436 46.315059 -51.830160 42.316176 -29.680556 -7.167056 -49.001120 -40.387249 
68.751363 89.129224 63.989996 76.901300 0.557536 -80.088871 13.642883 65.520312 -7.167056 -65.688758 -41.179110 
68.751363 87.363415 63.989996 65.199436 -55.624074 -51.830160 -47.924930 65.520312 -80.794782 -49.001120 -58.757747 
13.283115 90.804577 38.911661 78.398832 -7.928579 -52.830160 45.019020 -11.724301 -100.220353 -49.001120 -75.914200 
68.751363 91.804577 64.989996 62.659805 19.933236 -91.157116 45.019020 -29.680556 -63.104317 -65.688758 -53.900430 
68.751363 89.129224 63.257551 93.560449 19.933236 -84.317114 41.316176 -11.724301 -80.794782 -10.858068 -86.635194 
82.461522 88.129224 63.989996 76.901300 42.538864 -91.157116 -46.924930 65.520312 -64.104317 -64.688899 -41.179110 
82.461522 88.129224 63.989996 78.398832 -2.442464 -51.830160 12.642883 65.520312 -38.050910 -66.688758 -52.393544 
92.584186 83.343031 63.989996 79.398832 19.933236 -51.830160 41.316176 65.520312 -16.327704 -66.688758 -44.537342 
12.283115 53.671256 56.246423 93.560449 45.315059 -51.830160 42.316176 65.520312 -16.327704 -66.688758 -86.635194 
64.616505 53.671256 47.212688 65.199436 19.933236 -80.088871 42.316176 -75.890681 -100.220353 -65.688758 -40.387249 
12.283115 90.804577 56.246423 76.901300 19.933236 -91.157116 28.210587 65.520312 -63.104317 -65.688758 -14.548113 
12.283115 97.046985 47.212688 76.901300 19.933236 -84.317114 44.019020 97.906906 -80.794782 -20.116954 -44.537342 
82.461522 87.363415 47.704471 77.398832 19.933236 -85.317114 13.642883 -10.724301 -39.050910 -28.194536 -55.841260 
82.461522 97.046985 52.619854 74.253283 42.538864 -80.088871 -47.924930 64.520312 -63.104317 -77.853121 -41.179110 
82.461522 88.804577 63.989996 65.199436 -6.928579 -51.830160 12.642883 -75.890681 -80.794782 -65.688758 -54.841260 
93.280373 89.129224 63.989996 66.199436 -6.928579 -91.157116 69.906606 65.520312 -80.794782 -49.001120 -76.914200 
82.461522 90.804577 38.911661 65.199436 -2.442464 -80.088871 12.642883 -76.890681 -100.220353 -20.116954 -41.179110 
92.584186 97.046985 63.989996 93.560449 19.933236 -80.088871 13.642883 65.520312 -16.327704 -21.116954 -52.393544 
68.751363 57.173916 53.619854 66.199436 -5.928579 -29.970056 12.642883 65.520312 -64.104317 -77.853121 -59.757747 
68.751363 87.363415 63.989996 76.901300 42.538864 -51.830160 -47.924930 79.461307 -38.050910 -49.001120 -59.757747 
13.283115 90.129224 52.381967 76.901300 19.933236 -91.157116 13.642883 -76.890681 -99.220353 -78.853121 -14.548113 
13.283115 87.363415 56.246423 74.253283 45.315059 -30.686823 13.642883 -10.724301 -64.104317 -66.688758 -85.635194 
82.461522 88.129224 47.212688 78.398832 47.315059 -50.830160 77.102820 65.520312 -63.104317 -66.688758 -22.094693 
13.283115 87.363415 56.246423 64.199436 -6.928579 -50.830160 13.642883 -10.724301 -99.220353 -66.688758 -41.179110 
92.584186 97.046985 52.381967 77.398832 20.933236 -50.830160 12.642883 65.520312 -38.050910 -65.688758 -41.179110 
257570 1880 61372
