68.751363 99.081123 28.592719 65.199436 46.315059 -33.300481 -10.955241 66.520312 -4.169117 -28.194536 -12.548113 
67.751363 83.343031 63.989996 78.398832 -84.801188 -42.395279 -10.955241 -88.894589 -63.104317 -10.858068 -44.537342 
93.280373 97.046985 63.257551 42.861080 -78.222561 -30.970056 -43.035599 83.846349 -13.153238 -49.001120 -13.548113 
63.573938 87.363415 52.381967 62.659805 -2.442464 -41.899713 45.019020 66.520312 -64.104317 -33.438620 -22.094693 
34.391969 86.363415 53.619854 42.861080 45.315059 -33.300481 -72.987213 -16.314521 -62.104317 -98.736426 -85.635194 
14.283115 87.363415 38.597629 98.721008 -51.085757 -42.395279 -17.988766 -76.890681 -6.723707 -32.438620 -84.635194 
66.049272 87.363415 38.911661 98.721008 63.125042 -91.157116 -98.583741 65.520312 -63.104317 -25.362090 -14.548113 
68.751363 30.669345 32.232377 63.659805 43.538864 -50.830160 -18.988766 -88.894589 -76.644502 -20.116954 -97.430717 
66.049272 97.046985 27.831118 70.481538 69.871504 -84.317114 13.642883 57.849688 -80.794782 -26.362090 -12.548113 
79.406737 99.081123 56.246423 76.901300 -54.380680 -51.830160 28.210587 -17.425938 -80.794782 -54.226514 -41.179110 
13.283115 87.363415 63.257551 63.659805 73.280822 -74.322694 -17.988766 -62.701080 -63.104317 -41.332233 -54.841260 
95.008411 87.363415 47.212688 93.560449 21.769838 -74.322694 -17.988766 -88.894589 -38.685683 -54.226514 -37.418213 
92.584186 89.129224 33.232377 78.398832 -55.624074 -91.157116 77.102820 66.520312 -80.794782 -39.745526 -40.387249 
83.354220 30.669345 35.985604 94.560449 -6.928579 -42.395279 -57.127039 -79.451754 -64.104317 -28.194536 -85.635194 
84.610485 97.046985 53.619854 42.861080 92.983381 -84.317114 77.102820 -88.894589 -6.723707 -10.858068 -40.387249 
66.733579 89.804577 47.212688 86.725543 -55.624074 -60.631300 -47.924930 97.906906 -38.685683 -10.858068 -44.537342 
89.758970 83.343031 56.246423 77.901300 14.452853 -85.317114 -47.924930 -47.056100 -13.153238 -29.599731 -53.900430 
67.049272 89.129224 47.212688 37.241139 63.125042 -51.830160 -42.035599 40.424142 -40.894942 -77.853121 -27.095717 
66.333019 100.081123 53.619854 65.199436 -51.085757 -74.322694 5.695878 -17.425938 -17.327704 -28.194536 -44.537342 
67.049272 97.046985 48.704471 98.721008 -54.380680 -33.300481 13.642883 -10.724301 -13.153238 -49.001120 -76.914200 
65.616505 83.343031 38.911661 64.659805 -7.928579 -91.157116 -17.988766 -74.890681 -40.894942 -27.194536 -51.812096 
7.695033 88.129224 63.989996 41.861080 -2.442464 -42.395279 -43.035599 -10.724301 -7.723707 -20.116954 -27.095717 
13.283115 53.671256 48.825141 62.659805 -51.085757 -25.642062 -72.987213 -88.894589 -63.104317 -65.688899 -37.860872 
67.751363 30.669345 53.619854 66.662046 -55.624074 -25.642062 44.019020 -10.724301 -15.327704 -10.858068 -58.207353 
83.354220 3.405331 53.619854 63.659805 -51.085757 -50.830160 44.019020 83.846349 -16.754118 -28.194536 -41.179110 
67.049272 57.173916 47.212688 63.659805 46.315059 -74.322694 77.102820 96.418900 -99.220353 -49.001120 -85.635194 
66.333019 83.343031 48.704471 93.560449 -18.888994 -30.970056 77.102820 -16.314521 -100.220353 -60.014564 -55.841260 
68.751363 89.129224 47.212688 78.398832 63.125042 -31.686823 -72.987213 -79.451754 -6.723707 -49.001120 -12.548113 
68.751363 97.046985 26.881046 93.560449 -50.085757 -91.157116 -43.035599 66.520312 -99.220353 -28.194536 -42.179110 
82.461522 97.046985 72.195579 94.560449 -18.888994 -51.830160 -43.035599 -11.724301 -4.169117 -54.226514 -76.914200 
67.049272 87.363415 47.212688 42.861080 64.893726 -51.830160 28.210587 -75.890681 -5.272847 -27.362090 -41.179110 
13.283115 87.363415 27.831118 59.806802 -2.442464 -51.830160 13.642883 -75.890681 -16.327704 -39.745526 -22.094693 
68.751363 94.749399 53.619854 65.199436 46.315059 -30.970056 29.210587 40.424142 -76.644502 -49.001120 -54.841260 
67.751363 30.669345 53.619854 64.199436 -7.928579 -41.395279 -43.035599 -88.894589 -99.220353 -7.034338 -59.757747 
67.751363 89.129224 63.257551 65.199436 -2.442464 -51.830160 -42.035599 -76.890681 -38.050910 -54.226514 -97.430717 
93.280373 97.046985 39.597629 78.398832 -7.928579 -50.830160 -47.924930 -93.497375 -33.817080 -77.853121 -37.860872 
90.016046 61.724545 32.232377 79.398832 -51.085757 -90.157116 42.316176 83.846349 -38.050910 -10.858068 -12.548113 
66.733579 85.796323 47.212688 84.215477 -53.380680 -41.899713 44.019020 33.355099 -7.723707 -10.858068 -38.860872 
66.049272 87.363415 35.985604 98.721008 -94.372895 -51.830160 -88.655731 57.849688 -76.644502 -20.116954 -85.635194 
95.008411 87.363415 52.381967 63.659805 -83.801188 -85.317114 78.010015 -75.890681 -28.725287 -16.899737 -41.179110 
68.751363 85.796323 53.619854 44.405398 -54.624074 -85.317114 77.102820 -93.497375 -38.685683 -65.688758 -41.179110 
92.584186 97.046985 47.212688 78.398832 92.983381 -51.830160 77.102820 -17.425938 -63.104317 -20.116954 -59.757747 
66.049272 97.046985 31.232377 74.253283 -51.085757 -85.317114 77.102820 -75.890681 -13.153238 -97.360613 -44.537342 
67.049272 89.129224 48.825141 78.398832 -53.380680 -90.157116 77.102820 97.906906 -8.167056 -29.599731 -97.430717 
68.751363 97.046985 52.381967 76.901300 69.871504 -25.642062 28.210587 95.418900 -63.104317 -49.001120 -13.548113 
68.751363 61.279341 61.638941 78.398832 46.315059 -31.686823 -43.035599 83.846349 -80.794782 -98.736426 -85.635194 
93.280373 89.129224 63.257551 65.199436 -51.085757 -51.830160 -47.924930 -30.680556 -13.153238 -54.226514 -50.911255 
68.751363 89.129224 27.831118 98.721008 -2.442464 -30.970056 -17.988766 -88.894589 -68.757789 -95.530999 -53.900430 
83.354220 97.046985 56.246423 90.865228 -2.442464 -30.970056 -71.987213 -76.890681 -16.327704 -77.853121 -13.548113 
93.280373 89.129224 53.619854 78.398832 -7.928579 -42.395279 77.102820 65.520312 -7.723707 -28.194536 -59.757747 
66.333019 87.363415 53.619854 63.659805 -7.928579 -51.830160 -17.988766 -17.425938 -16.327704 -28.194536 -41.179110 
66.733579 89.129224 63.989996 65.199436 -55.624074 -51.830160 -17.988766 -93.497375 -80.794782 -65.688758 -58.207353 
92.584186 83.343031 28.592719 76.901300 43.538864 -60.631300 -17.988766 -88.894589 -97.521962 -54.226514 -44.537342 
67.751363 88.129224 63.989996 78.398832 92.983381 -60.631300 -43.035599 -88.894589 -16.754118 -76.853121 -12.548113 
83.610485 97.046985 35.985604 91.865228 63.125042 -40.334452 -17.988766 97.906906 -33.817080 -6.034338 -85.635194 
65.333019 99.081123 63.989996 46.000418 19.933236 -51.830160 5.695878 -93.497375 -80.794782 -39.745526 -26.095717 
34.391969 97.046985 48.704471 98.721008 46.315059 -51.830160 -43.035599 79.461307 -13.153238 -49.001120 -58.207353 
13.283115 30.669345 31.232377 37.241139 46.315059 -42.395279 21.604655 -76.890681 -13.153238 -28.194536 -22.094693 
66.333019 99.081123 63.989996 46.000418 -7.928579 -85.317114 77.102820 -93.497375 -13.153238 -49.001120 -44.537342 
66.333019 30.669345 47.212688 37.241139 45.315059 -51.830160 -47.924930 40.424142 -99.220353 -41.332233 -53.900430 
90.016046 84.343031 47.212688 63.659805 21.769838 -86.317114 45.019020 65.520312 -38.050910 -28.599731 -41.179110 
67.751363 97.046985 47.212688 98.721008 -1.442464 -85.317114 -17.988766 -10.724301 -38.685683 -20.116954 -22.094693 
67.049272 99.081123 63.989996 91.865228 63.994913 -60.631300 42.316176 -30.680556 -98.521962 -39.745526 -41.179110 
68.751363 89.129224 27.592719 42.861080 -51.085757 -91.157116 -17.988766 14.087706 -63.104317 -28.194536 -54.841260 
93.280373 89.129224 28.592719 42.861080 -51.085757 -51.830160 -43.035599 -93.497375 -99.220353 -39.745526 -59.757747 
93.280373 85.296547 48.825141 93.560449 45.315059 -31.686823 -10.955241 65.520312 -16.327704 -20.116954 -85.635194 
93.280373 89.129224 52.381967 78.398832 -7.928579 -41.745788 -17.988766 65.520312 -38.050910 -29.599731 -22.094693 
93.280373 87.363415 35.985604 65.199436 -18.888994 -51.830160 -47.924930 65.520312 -80.794782 -28.194536 -84.635194 
67.049272 87.363415 48.704471 77.398832 19.933236 -31.686823 42.316176 66.520312 -63.104317 -77.853121 -76.914200 
66.733579 89.804577 48.825141 42.861080 69.871504 -51.830160 28.210587 83.846349 -17.327704 -76.853121 -41.179110 
84.369081 89.129224 47.212688 78.398832 47.315059 -51.830160 -43.035599 -93.497375 -63.104317 -11.858068 -12.548113 
89.758970 97.046985 31.232377 58.488057 -51.085757 -80.088871 42.316176 65.520312 -7.167056 -69.171801 -44.537342 
93.280373 87.363415 53.619854 74.253283 -52.085757 -60.631300 77.102820 40.424142 -33.817080 -98.736426 -85.635194 
67.751363 56.173916 48.704471 74.253283 45.315059 -90.157116 -17.988766 -76.890681 -7.723707 -49.001120 -85.635194 
12.283115 89.129224 63.989996 59.806802 45.315059 -25.642062 13.642883 14.087706 -8.167056 -60.014564 -44.537342 
75.476798 87.363415 72.195579 63.659805 -18.888994 -51.830160 -47.924930 -93.497375 -40.894942 -26.362090 -13.548113 
29.166184 97.046985 32.232377 65.199436 92.983381 -91.157116 -43.035599 -59.458897 -4.169117 -39.745526 -54.841260 
68.751363 88.129224 46.212688 70.481538 -51.085757 -51.830160 28.210587 95.418900 -17.327704 -60.014564 -97.430717 
67.049272 85.796323 39.597629 93.560449 -78.222561 -91.157116 5.695878 65.520312 -38.050910 -60.014564 -41.179110 
92.584186 75.841739 35.985604 77.398832 69.871504 -86.317114 21.604655 66.520312 -16.327704 -77.853121 -52.393544 
68.751363 86.363415 47.212688 99.721008 -7.928579 -43.395279 -43.035599 -93.497375 -80.794782 -32.438620 -85.635194 
67.751363 87.363415 47.212688 44.405398 -51.085757 -51.830160 78.010015 83.846349 -28.725287 -97.360613 -59.757747 
67.049272 99.081123 63.989996 86.725543 -7.928579 -91.157116 -43.035599 66.520312 -38.050910 -10.858068 -37.860872 
95.008411 76.841739 39.597629 65.199436 14.805291 -84.317114 21.604655 -76.890681 -38.685683 -98.360613 -27.095717 
92.584186 97.046985 38.911661 78.398832 -51.085757 -85.317114 69.906606 66.520312 -63.104317 -16.899737 -41.179110 
67.333019 89.129224 35.985604 86.725543 19.933236 -40.745788 21.604655 40.424142 -99.220353 -20.116954 -27.095717 
67.049272 97.046985 48.704471 65.199436 46.315059 -33.300481 -17.988766 57.849688 -99.220353 -28.194536 -22.094693 
66.733579 88.363415 56.246423 65.199436 -55.624074 -74.322694 78.010015 -17.425938 -38.685683 -28.194536 -83.635194 
95.008411 87.363415 27.831118 65.199436 -55.624074 -80.088871 21.604655 -16.314521 -4.169117 -42.332233 -85.635194 
13.283115 76.841739 63.989996 46.000418 92.983381 -31.686823 -47.924930 -47.056100 -53.075179 -2.599913 -85.635194 
75.476798 96.772125 52.381967 65.199436 -2.442464 -17.529422 46.624004 -88.894589 -40.894942 -77.853121 -27.095717 
83.354220 87.363415 49.704471 62.659805 -7.928579 -51.830160 5.695878 -16.314521 -16.327704 -76.853121 -85.635194 
28.166184 53.671256 56.246423 46.000418 -51.085757 -51.830160 27.210587 66.520312 -4.169117 -41.332233 -54.841260 
67.049272 87.363415 48.212688 59.806802 -51.085757 -31.686823 77.102820 14.087706 -99.220353 -28.194536 -76.914200 
67.751363 85.796323 72.195579 65.199436 63.125042 -41.899713 42.316176 97.906906 -28.725287 -2.599913 -36.457308 
67.049272 89.129224 31.232377 91.865228 64.893726 -40.745788 28.210587 65.520312 -16.327704 -39.771936 -13.548113 
75.476798 94.749399 63.989996 78.398832 14.805291 -10.647469 44.019020 33.355099 -28.725287 -39.745526 -85.635194 
89.758970 89.129224 38.911661 63.659805 -7.928579 -26.642062 42.316176 -10.724301 -99.220353 -49.001120 -12.548113 
67.751363 89.129224 48.212688 63.659805 92.983381 -31.686823 77.102820 66.520312 -40.894942 -77.853121 -41.179110 
67.049272 89.129224 38.911661 99.721008 -7.928579 -91.157116 -17.988766 -93.497375 -99.220353 -49.001120 -76.914200 
83190 60 31008
