69.751363 97.046985 48.825141 76.901300 -18.888994 -33.300481 -47.924930 97.906906 -99.220353 -77.853121 -59.757747 
93.280373 99.081123 56.246423 78.398832 -52.085757 -30.970056 45.019020 65.520312 -80.794782 -20.116954 -44.537342 
67.049272 89.804577 47.212688 98.721008 45.315059 -74.322694 13.642883 -17.425938 -100.220353 -48.001120 -41.179110 
93.280373 89.129224 47.212688 98.721008 46.315059 -51.830160 42.316176 65.520312 -4.169117 -65.688758 -53.900430 
92.584186 88.129224 38.911661 65.199436 -7.928579 -51.830160 78.010015 83.846349 -63.104317 -10.858068 -44.537342 
62.573938 99.081123 53.619854 93.560449 19.933236 -33.300481 76.102820 40.424142 -15.327704 -26.194536 -85.635194 
67.049272 53.671256 48.704471 76.901300 -56.624074 -33.300481 -11.955241 65.520312 -38.050910 -65.688758 -40.387249 
68.049272 87.363415 47.212688 65.199436 -2.442464 -30.686823 77.102820 -30.680556 -16.327704 -98.736426 -58.207353 
82.461522 89.129224 48.704471 78.398832 63.125042 -85.317114 42.316176 79.461307 -38.050910 -66.688758 -53.900430 
65.616505 87.363415 39.597629 84.215477 -0.442464 -29.970056 42.316176 40.424142 -38.050910 -65.688758 -85.635194 
67.049272 89.804577 63.257551 65.199436 -55.624074 -84.317114 28.210587 94.418900 -99.220353 -54.226514 -53.900430 
67.751363 87.363415 61.638941 43.861080 45.315059 -31.686823 42.316176 33.355099 -76.644502 -20.116954 -53.900430 
68.751363 89.129224 38.911661 93.560449 -51.085757 -30.970056 -17.988766 57.849688 -7.167056 -98.736426 -59.757747 
67.751363 89.129224 63.257551 66.199436 -51.085757 -85.317114 13.642883 -47.056100 -99.220353 -20.116954 -41.179110 
93.280373 87.363415 39.597629 76.901300 46.315059 -42.395279 69.906606 -10.724301 -17.327704 -98.736426 -41.179110 
93.280373 97.046985 47.212688 74.253283 46.315059 -84.317114 77.102820 -17.425938 -98.521962 -48.001120 -97.430717 
13.283115 61.724545 47.212688 77.398832 -7.928579 -31.686823 -47.924930 94.418900 -16.754118 -54.226514 -55.841260 
68.751363 89.129224 47.212688 74.253283 -7.928579 -33.300481 77.102820 -47.056100 -16.754118 -27.194536 -44.537342 
68.751363 99.081123 47.212688 84.215477 46.315059 -60.631300 -47.924930 79.461307 -63.104317 -49.001120 -97.430717 
67.751363 89.804577 39.597629 98.721008 -3.442464 -85.317114 69.906606 65.520312 -38.050910 -98.736426 -55.841260 
67.049272 97.046985 53.619854 93.560449 -56.624074 -30.970056 -47.924930 -76.890681 -100.220353 -98.736426 -53.841260 
67.751363 97.046985 47.212688 65.199436 45.315059 -31.686823 13.642883 65.520312 -99.220353 -10.858068 -22.094693 
82.461522 83.343031 56.246423 78.398832 -54.380680 -85.317114 13.642883 57.849688 -80.794782 -65.688758 -59.757747 
67.049272 87.363415 63.257551 78.398832 -52.085757 -31.686823 13.642883 -16.314521 -17.327704 -77.853121 -12.548113 
93.280373 53.671256 63.989996 78.398832 -51.085757 -31.686823 -44.035599 65.520312 -8.167056 -77.853121 -41.179110 
66.049272 89.129224 64.989996 99.721008 46.315059 -85.317114 -17.988766 65.520312 -98.521962 -54.226514 -45.537342 
67.751363 30.669345 38.911661 65.199436 -7.928579 -31.686823 -10.955241 -76.890681 -63.104317 -28.194536 -55.841260 
93.280373 30.669345 53.619854 64.659805 -55.380680 -30.970056 42.316176 65.520312 -63.104317 -98.736426 -41.179110 
13.283115 97.046985 35.985604 65.199436 -54.380680 -31.686823 77.102820 65.520312 -81.794782 -65.688758 -54.841260 
66.049272 83.343031 63.989996 78.398832 -7.928579 -91.157116 28.210587 -16.314521 -80.794782 -54.226514 -14.548113 
67.049272 97.046985 39.597629 78.398832 -2.442464 -31.686823 42.316176 -88.894589 -38.050910 -49.001120 -76.914200 
66.049272 97.046985 53.619854 70.481538 -55.624074 -31.686823 45.019020 -93.497375 -33.817080 -10.858068 -22.094693 
93.280373 89.129224 48.704471 42.861080 43.538864 -85.317114 -47.924930 95.418900 -98.220353 -28.194536 -86.635194 
68.751363 99.081123 52.381967 65.199436 45.315059 -33.300481 77.102820 97.906906 -99.220353 -27.194536 -44.537342 
13.283115 83.343031 63.257551 78.398832 63.125042 -32.300481 29.210587 97.906906 -38.050910 -98.736426 -55.841260 
92.584186 87.363415 47.212688 74.253283 -55.624074 -25.642062 77.102820 94.418900 -63.104317 -77.853121 -59.757747 
82.461522 89.129224 63.257551 70.481538 -18.888994 -29.970056 5.695878 95.418900 -38.050910 -98.736426 -41.179110 
13.283115 57.173916 56.246423 99.721008 -52.085757 -33.300481 77.102820 65.520312 -99.220353 -65.688758 -37.860872 
92.584186 88.129224 52.381967 78.398832 -55.624074 -84.317114 -47.924930 97.906906 -38.050910 -65.688758 -51.812096 
67.751363 87.363415 47.212688 65.199436 -2.442464 -31.686823 -47.924930 65.520312 -38.050910 -54.226514 -76.914200 
82.461522 87.363415 47.704471 76.901300 43.538864 -85.317114 28.210587 83.846349 -100.220353 -49.001120 -75.914200 
66.333019 97.046985 53.619854 98.721008 -7.928579 -85.317114 45.019020 65.520312 -38.050910 -98.736426 -41.179110 
68.751363 57.173916 47.212688 93.560449 63.125042 -85.317114 45.019020 83.846349 -63.104317 -54.226514 -59.757747 
13.283115 87.363415 63.257551 77.398832 -2.442464 -33.300481 28.210587 -76.890681 -13.153238 -11.858068 -44.537342 
67.049272 98.046985 47.212688 65.199436 63.994913 -80.088871 68.906606 95.418900 -100.220353 -98.736426 -41.179110 
13.283115 89.129224 48.704471 66.199436 46.315059 -51.830160 -17.988766 65.520312 -16.754118 -98.736426 -41.179110 
68.751363 97.046985 62.989996 93.560449 -7.928579 -51.830160 42.316176 65.520312 -63.104317 -65.688758 -41.179110 
67.049272 89.129224 39.597629 78.398832 45.315059 -80.088871 76.102820 -11.724301 -80.794782 -20.116954 -22.094693 
66.733579 89.129224 55.246423 65.199436 19.933236 -84.317114 78.010015 -46.056100 -99.220353 -20.116954 -40.387249 
89.758970 87.363415 61.638941 65.199436 45.315059 -74.322694 42.316176 57.849688 -16.754118 -28.194536 -41.179110 
13.283115 97.046985 63.989996 65.199436 19.933236 -80.088871 5.695878 -47.056100 -40.894942 -49.001120 -44.537342 
67.049272 89.804577 61.638941 65.199436 46.315059 -33.300481 42.316176 40.424142 -63.104317 -10.858068 -41.179110 
92.584186 94.749399 56.246423 65.199436 -78.222561 -31.686823 -47.924930 -16.314521 -63.104317 -54.226514 -52.393544 
93.280373 97.046985 53.619854 74.253283 -2.442464 -25.642062 -47.924930 40.424142 -63.104317 -20.116954 -58.207353 
84.369081 99.081123 48.212688 74.253283 63.125042 -74.322694 -43.035599 -88.894589 -38.050910 -54.226514 -55.841260 
66.733579 83.343031 47.212688 65.199436 -2.442464 -91.157116 69.906606 -88.894589 -17.327704 -28.194536 -55.841260 
65.616505 89.129224 52.381967 65.199436 -78.222561 -44.395279 44.019020 -16.314521 -16.327704 -10.858068 -41.179110 
92.584186 97.046985 56.246423 63.659805 -52.085757 -29.970056 -47.924930 65.520312 -80.794782 -54.226514 -40.387249 
67.751363 97.046985 49.704471 98.721008 -7.928579 -29.970056 45.019020 -76.890681 -64.104317 -16.899737 -55.841260 
66.733579 87.363415 53.619854 93.560449 -7.928579 -25.642062 77.102820 65.520312 -99.220353 -28.194536 -41.179110 
92.584186 30.669345 47.212688 78.398832 -7.928579 -33.300481 42.316176 97.906906 -16.327704 -28.194536 -41.179110 
93.280373 87.363415 63.257551 65.199436 -2.442464 -31.686823 28.210587 94.418900 -99.220353 -96.530999 -41.179110 
67.751363 57.173916 56.246423 65.199436 -2.442464 -50.830160 21.604655 -11.724301 -100.220353 -20.116954 -41.179110 
67.049272 87.363415 63.257551 78.398832 -2.442464 -51.830160 -47.924930 -10.724301 -63.104317 -11.858068 -59.757747 
67.049272 97.046985 47.212688 65.199436 -2.442464 -79.088871 42.316176 -88.894589 -15.327704 -28.194536 -41.179110 
67.751363 89.129224 63.989996 86.725543 19.933236 -29.970056 29.210587 65.520312 -16.327704 -65.688758 -58.207353 
93.280373 89.129224 47.212688 93.560449 -2.442464 -30.970056 -11.955241 94.418900 -17.327704 -49.001120 -76.914200 
84.369081 99.081123 49.704471 42.861080 45.315059 -91.157116 -47.924930 -88.894589 -4.169117 -54.226514 -41.179110 
68.751363 97.046985 63.257551 76.901300 42.538864 -51.830160 -18.988766 65.520312 -64.104317 -64.688899 -53.900430 
93.280373 89.129224 38.911661 65.199436 -52.085757 -80.088871 28.210587 -11.724301 -99.220353 -54.226514 -44.537342 
67.751363 89.129224 48.704471 74.253283 -78.222561 -30.970056 45.019020 -17.425938 -80.794782 -98.736426 -85.635194 
13.283115 97.046985 53.619854 65.199436 -51.085757 -86.317114 78.102820 94.418900 -80.794782 -65.688758 -12.548113 
79.406737 83.343031 38.911661 78.398832 -2.442464 -51.830160 77.102820 97.906906 -80.794782 -28.194536 -75.914200 
66.733579 86.363415 53.619854 65.199436 46.315059 -29.970056 44.019020 -10.724301 -38.050910 -16.899737 -85.635194 
13.283115 97.046985 56.246423 78.398832 -51.085757 -29.970056 42.316176 -16.314521 -98.521962 -11.858068 -41.179110 
92.584186 97.046985 56.246423 65.199436 -2.442464 -51.830160 21.604655 -76.890681 -38.050910 -98.736426 -40.387249 
93.280373 83.343031 56.246423 65.199436 45.315059 -32.300481 -47.924930 -10.724301 -16.327704 -27.194536 -97.430717 
67.751363 94.749399 56.246423 62.659805 -18.888994 -31.686823 44.019020 65.520312 -100.220353 -77.853121 -40.387249 
93.280373 89.129224 56.246423 74.253283 -7.928579 -85.317114 45.019020 65.520312 -63.104317 -11.858068 -53.900430 
68.751363 99.081123 48.704471 86.725543 -56.624074 -31.686823 77.102820 65.520312 -4.169117 -54.226514 -22.094693 
82.461522 87.363415 53.619854 78.398832 63.125042 -31.686823 43.316176 -10.724301 -7.167056 -39.745526 -38.860872 
67.751363 87.363415 47.212688 42.861080 21.769838 -31.686823 13.642883 -47.056100 -99.220353 -20.116954 -41.179110 
67.751363 99.081123 27.831118 65.199436 -0.442464 -31.686823 13.642883 -75.890681 -98.521962 -99.736426 -53.900430 
93.280373 57.173916 47.212688 78.398832 21.769838 -85.317114 13.642883 40.424142 -63.104317 -54.226514 -41.179110 
67.751363 97.046985 47.212688 86.725543 -2.442464 -75.322694 42.316176 97.906906 -80.794782 -54.226514 -51.812096 
93.280373 97.046985 38.911661 70.481538 43.538864 -51.830160 28.210587 -88.894589 -99.220353 -98.736426 -41.179110 
66.733579 89.129224 61.638941 76.901300 -7.928579 -33.300481 -43.035599 -76.890681 -38.050910 -49.001120 -41.179110 
92.584186 89.129224 63.989996 98.721008 -51.085757 -51.830160 78.010015 97.906906 -13.153238 -10.858068 -41.179110 
68.751363 99.081123 61.638941 79.398832 -6.928579 -85.317114 -47.924930 -76.890681 -38.050910 -49.001120 -85.635194 
83.354220 89.129224 61.638941 63.659805 46.315059 -80.088871 78.010015 97.906906 -7.167056 -77.853121 -76.914200 
92.584186 99.081123 53.619854 65.199436 -2.442464 -86.317114 -47.924930 -93.497375 -16.327704 -98.736426 -41.179110 
67.049272 97.046985 52.381967 78.398832 -2.442464 -31.686823 -47.924930 -16.314521 -100.220353 -11.858068 -76.914200 
89.758970 89.129224 53.619854 65.199436 19.933236 -31.686823 77.102820 -76.890681 -17.327704 -96.530999 -41.179110 
67.049272 99.046985 47.704471 98.721008 -2.442464 -84.317114 42.316176 -74.890681 -33.817080 -77.853121 -41.179110 
68.049272 89.129224 27.831118 78.398832 -56.624074 -25.642062 -47.924930 -76.890681 -33.817080 -28.194536 -55.841260 
93.280373 99.081123 47.212688 65.199436 -2.442464 -74.322694 -17.988766 65.520312 -15.327704 -54.226514 -50.911255 
82.461522 99.081123 63.257551 46.000418 -50.085757 -33.300481 -47.924930 57.849688 -7.167056 -16.899737 -76.914200 
93.280373 53.671256 47.212688 74.253283 46.315059 -90.157116 42.316176 83.846349 -63.104317 -53.226514 -56.841260 
67.751363 97.046985 48.825141 63.659805 -2.442464 -51.830160 -10.955241 -10.724301 -63.104317 -39.771936 -54.841260 
66.049272 88.363415 56.246423 78.398832 -54.380680 -51.830160 45.019020 65.520312 -64.104317 -16.899737 -41.179110 
75880 1410 35423
