82.461522 97.046985 56.246423 79.398832 -2.442464 -31.686823 77.102820 -17.314521 -99.220353 -20.116954 -59.757747 
67.049272 53.671256 63.257551 78.398832 -6.928579 -51.830160 29.210587 -88.894589 -64.104317 -64.688899 -44.537342 
93.280373 89.129224 60.638941 78.398832 42.538864 -84.317114 45.019020 -16.314521 -7.167056 -64.688899 -53.900430 
68.751363 89.129224 56.246423 64.199436 45.315059 -85.317114 77.102820 65.520312 -99.220353 -20.116954 -41.179110 
13.283115 57.173916 47.212688 78.398832 19.933236 -80.088871 21.604655 65.520312 -37.050910 -16.899737 -53.900430 
67.049272 89.129224 47.704471 93.560449 -6.928579 -30.970056 13.642883 -10.724301 -100.220353 -20.116954 -58.207353 
69.049272 57.173916 56.246423 78.398832 -7.928579 -85.317114 -47.924930 -75.890681 -16.327704 -28.194536 -22.094693 
66.751363 87.363415 38.911661 93.560449 19.933236 -51.830160 14.642883 -47.056100 -99.220353 -16.899737 -22.094693 
67.751363 89.129224 48.704471 78.398832 -18.888994 -91.157116 -43.035599 -47.056100 -99.220353 -99.736426 -44.537342 
92.584186 99.046985 56.246423 98.721008 -18.888994 -51.830160 13.642883 65.520312 -16.754118 -77.853121 -55.841260 
13.283115 87.363415 63.989996 63.659805 -78.222561 -80.088871 13.642883 65.520312 -64.104317 -77.853121 -53.900430 
67.751363 87.363415 53.619854 93.560449 -2.442464 -75.322694 -47.924930 65.520312 -99.220353 -76.853121 -85.635194 
66.333019 30.669345 56.246423 76.901300 -78.222561 -33.300481 13.642883 -74.890681 -37.050910 -27.194536 -59.757747 
68.751363 88.129224 53.619854 78.398832 42.538864 -85.317114 78.010015 -75.890681 -98.521962 -28.194536 -55.841260 
67.751363 87.363415 53.619854 65.199436 -2.442464 -51.830160 28.210587 65.520312 -99.220353 -64.688899 -44.537342 
69.049272 99.046985 52.381967 77.398832 -2.442464 -80.088871 42.316176 -76.890681 -80.794782 -49.001120 -53.900430 
13.283115 89.804577 48.704471 78.398832 -7.928579 -75.322694 42.316176 -75.890681 -16.327704 -27.194536 -22.094693 
69.751363 89.129224 63.989996 65.199436 42.538864 -30.970056 -47.924930 -16.314521 -63.104317 -49.001120 -54.841260 
82.461522 87.363415 38.911661 74.253283 19.933236 -91.157116 5.695878 65.520312 -17.327704 -98.736426 -40.387249 
13.283115 88.129224 63.989996 79.398832 19.933236 -31.686823 69.906606 -16.314521 -98.521962 -64.688899 -14.548113 
81.461522 97.046985 64.989996 65.199436 -7.928579 -31.686823 -47.924930 -11.724301 -38.050910 -77.853121 -59.757747 
93.280373 99.081123 47.704471 99.721008 -54.380680 -25.642062 77.102820 97.906906 -99.220353 -11.858068 -43.537342 
67.049272 99.081123 56.246423 78.398832 42.538864 -85.317114 21.604655 -16.314521 -100.220353 -65.688758 -55.841260 
68.751363 87.363415 39.597629 99.721008 19.933236 -30.686823 77.102820 -88.894589 -99.220353 -20.116954 -44.537342 
82.461522 89.804577 38.911661 78.398832 43.538864 -51.830160 13.642883 65.520312 -16.754118 -16.899737 -53.900430 
67.751363 57.173916 56.246423 78.398832 -51.085757 -51.830160 5.695878 -76.890681 -81.794782 -16.899737 -41.179110 
67.751363 88.129224 48.704471 79.398832 -5.928579 -91.157116 29.210587 -47.056100 -16.327704 -11.858068 -55.841260 
82.461522 89.804577 38.911661 65.199436 -7.928579 -85.317114 77.102820 65.520312 -99.220353 -78.853121 -76.914200 
66.049272 89.804577 56.246423 66.199436 -78.222561 -51.830160 13.642883 -17.314521 -63.104317 -10.858068 -54.841260 
67.751363 89.129224 56.246423 63.659805 -78.222561 -80.088871 45.019020 98.906906 -99.220353 -16.899737 -76.914200 
68.751363 57.173916 61.638941 78.398832 42.538864 -29.970056 42.316176 65.520312 -100.220353 -16.899737 -53.900430 
68.751363 94.749399 39.597629 78.398832 -6.928579 -91.157116 13.642883 83.846349 -16.327704 -49.001120 -14.548113 
67.751363 90.129224 38.911661 65.199436 -7.928579 -31.686823 78.102820 97.906906 -80.794782 -20.116954 -55.841260 
93.280373 89.129224 63.257551 78.398832 19.933236 -51.830160 -47.924930 -47.056100 -100.220353 -27.194536 -52.900430 
69.751363 87.363415 56.246423 65.199436 -7.928579 -51.830160 21.604655 -11.724301 -63.104317 -20.116954 -14.548113 
68.751363 83.343031 47.212688 74.253283 43.538864 -84.317114 29.210587 64.520312 -63.104317 -12.858068 -44.537342 
68.751363 99.046985 63.989996 78.398832 43.538864 -75.322694 12.642883 65.520312 -99.220353 -78.853121 -44.537342 
13.283115 89.129224 52.381967 70.481538 -6.928579 -80.088871 29.210587 -17.425938 -80.794782 -49.001120 -41.179110 
67.751363 89.129224 38.911661 66.199436 -8.928579 -75.322694 28.210587 66.520312 -99.220353 -16.899737 -14.548113 
82.461522 57.173916 47.212688 79.398832 -2.442464 -34.300481 77.102820 -30.680556 -64.104317 -65.688758 -59.757747 
13.283115 87.363415 56.246423 65.199436 -55.624074 -51.830160 29.210587 -30.680556 -99.220353 -49.001120 -53.900430 
92.584186 57.173916 63.989996 93.560449 -78.222561 -80.088871 13.642883 -10.724301 -99.220353 -54.226514 -59.757747 
82.461522 83.343031 63.989996 65.199436 19.933236 -84.317114 77.102820 -93.497375 -99.220353 -9.858068 -75.914200 
67.751363 89.129224 63.989996 65.199436 -51.085757 -30.970056 77.102820 65.520312 -38.050910 -77.853121 -52.393544 
68.751363 97.046985 63.989996 70.481538 -6.928579 -51.830160 45.019020 65.520312 -99.220353 -64.688899 -59.757747 
70.751363 89.129224 63.989996 99.721008 -7.928579 -84.317114 13.642883 -88.894589 -63.104317 -65.688758 -53.900430 
67.751363 90.129224 35.985604 78.398832 -7.928579 -91.157116 -18.988766 65.520312 -7.167056 -20.116954 -41.179110 
68.751363 89.129224 38.911661 66.199436 -2.442464 -91.157116 45.019020 83.846349 -100.220353 -54.226514 -53.900430 
69.049272 89.804577 54.619854 78.398832 -7.928579 -91.157116 21.604655 -16.314521 -100.220353 -49.001120 -42.179110 
68.751363 97.046985 56.246423 93.560449 -52.085757 -50.830160 77.102820 57.849688 -63.104317 -49.001120 -85.635194 
67.751363 89.129224 56.246423 99.721008 46.315059 -30.686823 77.102820 -30.680556 -80.794782 -64.688899 -41.179110 
67.049272 89.129224 48.825141 86.725543 -7.928579 -30.686823 -47.924930 65.520312 -16.327704 -78.853121 -53.900430 
68.049272 89.129224 53.619854 63.659805 45.315059 -31.686823 -47.924930 -16.314521 -16.327704 -10.858068 -44.537342 
66.049272 91.129224 63.257551 65.199436 21.769838 -51.830160 28.210587 -11.724301 -100.220353 -77.853121 -14.548113 
68.751363 89.129224 47.704471 65.199436 -1.442464 -86.317114 13.642883 65.520312 -63.104317 -49.001120 -41.179110 
13.283115 89.804577 48.704471 65.199436 -51.085757 -32.686823 -43.035599 65.520312 -63.104317 -98.736426 -40.179110 
93.280373 87.363415 52.619854 66.199436 19.933236 -91.157116 13.642883 -10.724301 -16.327704 -99.736426 -59.757747 
67.049272 30.669345 52.381967 65.199436 -2.442464 -85.317114 13.642883 66.520312 -98.521962 -65.688758 -41.179110 
68.751363 57.173916 56.246423 93.560449 -2.442464 -51.830160 13.642883 65.520312 -80.794782 -98.736426 -59.757747 
67.049272 87.363415 63.989996 77.398832 46.315059 -34.300481 -10.955241 65.520312 -99.220353 -77.853121 -22.094693 
68.751363 87.363415 56.246423 93.560449 -0.442464 -29.970056 79.010015 -75.890681 -7.167056 -98.736426 -53.900430 
67.751363 88.129224 35.985604 78.398832 19.933236 -91.157116 77.102820 65.520312 -99.220353 -20.116954 -14.548113 
67.049272 97.046985 38.911661 63.659805 45.315059 -31.686823 28.210587 79.461307 -33.817080 -64.688899 -55.841260 
67.751363 87.363415 38.911661 78.398832 43.538864 -85.317114 -47.924930 -10.724301 -99.220353 -98.736426 -40.387249 
66.049272 89.804577 47.212688 65.199436 46.315059 -84.317114 77.102820 57.849688 -37.050910 -12.858068 -53.900430 
92.584186 57.173916 61.638941 76.901300 -6.928579 -51.830160 77.102820 83.846349 -63.104317 -65.688758 -53.900430 
82.461522 87.363415 39.597629 78.398832 -7.928579 -74.322694 42.316176 -10.724301 -63.104317 -20.116954 -53.900430 
67.751363 87.363415 48.704471 92.560449 -6.928579 -84.317114 42.316176 65.520312 -99.220353 -16.899737 -22.094693 
92.280373 90.129224 53.619854 65.199436 -6.928579 -84.317114 13.642883 65.520312 -7.167056 -49.001120 -44.537342 
67.751363 100.081123 38.911661 65.199436 19.933236 -74.322694 42.316176 -16.314521 -99.220353 -10.858068 -41.179110 
13.283115 89.129224 63.257551 78.398832 -2.442464 -51.830160 -47.924930 97.906906 -99.220353 -98.736426 -74.914200 
92.584186 53.671256 38.911661 78.398832 -54.380680 -51.830160 42.316176 -76.890681 -16.754118 -28.194536 -22.094693 
13.283115 97.046985 56.246423 74.253283 -78.222561 -51.830160 13.642883 97.906906 -38.050910 -10.858068 -41.179110 
67.751363 87.363415 47.212688 63.659805 -7.928579 -51.830160 69.906606 65.520312 -63.104317 -65.688758 -55.841260 
67.049272 89.129224 53.619854 63.659805 -7.928579 -51.830160 29.210587 -75.890681 -100.220353 -77.853121 -40.179110 
92.584186 89.129224 53.619854 64.659805 19.933236 -85.317114 45.019020 65.520312 -80.794782 -11.858068 -41.179110 
66.049272 90.129224 47.212688 64.199436 -52.085757 -84.317114 45.019020 94.418900 -38.050910 -64.688899 -85.635194 
92.584186 87.363415 38.911661 66.199436 19.933236 -51.830160 77.102820 65.520312 -99.220353 -64.688758 -22.094693 
68.751363 53.671256 53.619854 78.398832 -6.928579 -84.317114 77.102820 -47.056100 -13.153238 -66.688758 -14.548113 
13.283115 87.363415 64.257551 79.398832 -52.085757 -51.830160 42.316176 97.906906 -98.521962 -20.116954 -76.914200 
69.751363 83.343031 38.911661 79.398832 19.933236 -85.317114 42.316176 -93.497375 -98.220353 -65.688758 -53.900430 
67.751363 90.129224 62.989996 78.398832 45.315059 -31.686823 42.316176 97.906906 -13.153238 -78.853121 -41.179110 
69.751363 83.343031 47.212688 99.721008 -7.928579 -84.317114 -47.924930 -17.314521 -13.153238 -20.116954 -85.635194 
66.733579 88.129224 56.246423 78.398832 -7.928579 -34.300481 42.316176 -16.314521 -16.754118 -65.688758 -14.548113 
65.616505 97.046985 38.911661 79.398832 19.933236 -31.686823 42.316176 65.520312 -64.104317 -49.001120 -14.548113 
65.616505 97.046985 56.246423 78.398832 -2.442464 -75.322694 13.642883 83.846349 -38.050910 -65.688758 -51.812096 
82.461522 87.363415 56.246423 76.901300 -7.928579 -91.157116 13.642883 65.520312 -38.050910 -65.688758 -44.537342 
13.283115 87.363415 63.989996 65.199436 0.557536 -91.157116 21.604655 -76.890681 -37.050910 -98.736426 -59.757747 
67.751363 97.046985 39.597629 86.725543 -7.928579 -32.686823 45.019020 -16.314521 -16.327704 -64.688899 -22.094693 
66.733579 89.129224 38.911661 63.659805 19.933236 -84.317114 29.210587 65.520312 -99.220353 -77.853121 -53.900430 
68.751363 97.046985 56.246423 93.560449 -2.442464 -85.317114 42.316176 -11.724301 -99.220353 -28.194536 -76.914200 
69.751363 89.129224 48.825141 76.901300 46.315059 -51.830160 28.210587 -11.724301 -99.220353 -65.688758 -41.179110 
67.049272 97.046985 56.246423 66.199436 -0.442464 -91.157116 29.210587 -29.680556 -99.220353 -65.688758 -41.179110 
93.280373 97.046985 63.989996 78.398832 19.933236 -50.830160 42.316176 -16.314521 -80.794782 -10.858068 -85.635194 
67.751363 88.129224 63.257551 70.481538 -7.928579 -29.970056 28.210587 -16.314521 -100.220353 -10.858068 -53.900430 
66.049272 30.669345 53.619854 78.398832 19.933236 -80.088871 44.019020 -11.724301 -38.050910 -49.001120 -41.179110 
93.280373 87.363415 63.989996 65.199436 -2.442464 -29.970056 42.316176 83.846349 -100.220353 -20.116954 -53.900430 
68.751363 83.343031 27.831118 63.659805 -8.928579 -31.686823 77.102820 -17.425938 -64.104317 -49.001120 -40.387249 
82.461522 83.343031 56.246423 65.199436 -7.928579 -30.686823 42.316176 -11.724301 -81.794782 -98.736426 -40.387249 
13.283115 97.046985 56.246423 93.560449 -7.928579 -51.830160 42.316176 -48.056100 -99.220353 -66.688758 -59.757747 
77990 1480 39893
