82.461522 99.046985 47.212688 79.398832 19.933236 -51.830160 13.642883 64.520312 -80.794782 -77.853121 -41.179110 
13.283115 90.129224 63.989996 76.901300 -6.928579 -80.088871 13.642883 -10.724301 -80.794782 -48.001120 -44.537342 
13.283115 90.804577 39.911661 70.481538 42.538864 -92.157116 42.316176 65.520312 -80.794782 -65.688758 -58.757747 
92.584186 99.046985 63.989996 78.398832 19.933236 -86.317114 12.642883 94.418900 -80.794782 -49.001120 -41.179110 
92.584186 90.129224 53.619854 65.199436 -2.442464 -91.157116 44.019020 64.520312 -99.220353 -66.688758 -22.094693 
65.616505 99.046985 52.381967 77.398832 19.933236 -50.830160 13.642883 -16.314521 -38.050910 -47.001120 -13.548113 
68.751363 88.129224 63.989996 78.398832 -8.928579 -51.830160 44.019020 65.520312 -64.104317 -28.194536 -40.387249 
82.461522 89.129224 56.246423 79.398832 -6.928579 -91.157116 44.019020 65.520312 -80.794782 -77.853121 -41.179110 
13.283115 90.804577 56.246423 65.199436 47.315059 -91.157116 5.695878 -75.890681 -38.050910 -19.116954 -52.393544 
92.584186 98.046985 63.989996 79.398832 -8.928579 -50.830160 -47.924930 -11.724301 -80.794782 -77.853121 -53.841260 
92.584186 90.129224 63.989996 74.253283 -7.928579 -51.830160 13.642883 -10.724301 -63.104317 -78.853121 -41.179110 
66.049272 90.804577 47.704471 76.901300 -8.928579 -85.317114 12.642883 -47.056100 -38.050910 -49.001120 -22.094693 
92.584186 99.046985 62.989996 79.398832 -2.442464 -50.830160 -47.924930 -74.890681 -80.794782 -49.001120 -41.179110 
13.283115 90.804577 52.381967 78.398832 19.933236 -51.830160 42.316176 65.520312 -64.104317 -28.194536 -58.757747 
92.584186 83.343031 57.246423 78.398832 47.315059 -51.830160 5.695878 -16.314521 -99.220353 -66.688758 -41.179110 
82.461522 90.804577 56.246423 66.199436 42.538864 -51.830160 45.019020 -11.724301 -80.794782 -49.001120 -53.393544 
67.751363 90.129224 56.246423 65.199436 47.315059 -50.830160 44.019020 67.520312 -64.104317 -49.001120 -58.757747 
82.461522 100.046985 47.212688 79.398832 18.933236 -51.830160 12.642883 65.520312 -101.220353 -28.194536 -52.393544 
92.584186 89.129224 63.989996 76.901300 42.538864 -50.830160 42.316176 -74.890681 -38.050910 -49.001120 -41.179110 
92.584186 89.129224 52.381967 67.199436 42.538864 -86.317114 12.642883 97.906906 -80.794782 -65.688758 -40.387249 
12.283115 87.363415 56.246423 65.199436 47.315059 -50.830160 -46.924930 65.520312 -80.794782 -77.853121 -41.179110 
12.283115 90.804577 63.989996 66.199436 -55.624074 -50.830160 42.316176 -75.890681 -64.104317 -66.688758 -41.179110 
67.049272 87.363415 63.989996 65.199436 19.933236 -51.830160 5.695878 65.520312 -38.050910 -49.001120 -58.757747 
68.751363 87.363415 63.989996 65.199436 19.933236 -91.157116 13.642883 67.520312 -99.220353 -49.001120 -40.387249 
67.049272 88.129224 52.381967 65.199436 -6.928579 -91.157116 5.695878 65.520312 -80.794782 -64.688758 -40.179110 
67.049272 97.046985 56.246423 78.398832 42.538864 -50.830160 12.642883 65.520312 -99.220353 -28.194536 -40.179110 
13.283115 90.804577 63.989996 79.398832 47.315059 -51.830160 13.642883 94.418900 -7.167056 -98.736426 -44.537342 
92.584186 97.046985 47.212688 76.901300 19.933236 -85.317114 13.642883 94.418900 -80.794782 -65.688758 -52.393544 
82.461522 88.129224 52.381967 79.398832 42.538864 -51.830160 42.316176 64.520312 -99.220353 -65.688899 -52.393544 
67.049272 98.046985 56.246423 78.398832 47.315059 -51.830160 12.642883 65.520312 -80.794782 -49.001120 -41.179110 
13.283115 89.129224 55.246423 65.199436 47.315059 -51.830160 5.695878 65.520312 -64.104317 -66.688758 -22.094693 
13.283115 87.363415 56.246423 76.901300 19.933236 -90.157116 42.316176 -75.890681 -63.104317 -65.688758 -53.393544 
68.751363 83.343031 52.381967 79.398832 47.315059 -85.317114 13.642883 -11.724301 -80.794782 -66.688758 -59.757747 
13.283115 88.129224 62.989996 78.398832 -6.928579 -92.157116 -42.035599 65.520312 -80.794782 -21.116954 -39.387249 
82.461522 88.129224 63.989996 66.199436 19.933236 -51.830160 12.642883 -76.890681 -38.050910 -66.688758 -41.179110 
12.283115 87.363415 62.989996 78.398832 19.933236 -51.830160 12.642883 -10.724301 -38.050910 -28.194536 -53.393544 
67.049272 87.363415 63.989996 78.398832 20.933236 -50.830160 12.642883 -11.724301 -16.327704 -49.001120 -41.179110 
82.461522 89.129224 56.246423 65.199436 -2.442464 -52.830160 12.642883 -11.724301 -38.050910 -66.688758 -55.841260 
65.616505 87.363415 47.704471 65.199436 19.933236 -86.317114 42.316176 -74.890681 -63.104317 -76.853121 -76.914200 
92.584186 99.046985 53.619854 77.398832 46.315059 -91.157116 77.102820 -11.724301 -101.220353 -65.688758 -22.094693 
67.049272 87.363415 53.619854 66.199436 42.538864 -85.317114 -43.035599 95.418900 -80.794782 -66.688758 -40.387249 
67.751363 90.804577 63.989996 78.398832 47.315059 -51.830160 77.102820 95.418900 -80.794782 -48.001120 -40.179110 
68.751363 88.129224 56.246423 77.398832 -8.928579 -51.830160 45.019020 94.418900 -80.794782 -66.688758 -14.548113 
82.461522 83.343031 52.381967 78.398832 19.933236 -51.830160 42.316176 -11.724301 -81.794782 -28.194536 -41.179110 
66.049272 89.129224 56.246423 65.199436 -7.928579 -51.830160 45.019020 65.520312 -101.220353 -66.688758 -44.537342 
82.461522 87.363415 52.381967 78.398832 19.933236 -51.830160 -47.924930 65.520312 -80.794782 -66.688758 -53.900430 
12.283115 90.129224 56.246423 77.398832 41.538864 -51.830160 13.642883 -75.890681 -63.104317 -49.001120 -54.841260 
92.584186 90.804577 62.989996 77.398832 0.557536 -51.830160 45.019020 -75.890681 -80.794782 -49.001120 -14.548113 
67.751363 87.363415 63.989996 65.199436 47.315059 -85.317114 28.210587 65.520312 -38.050910 -19.116954 -41.179110 
92.584186 83.343031 62.989996 65.199436 19.933236 -51.830160 12.642883 67.520312 -16.327704 -66.688758 -52.393544 
66.049272 97.046985 52.381967 78.398832 42.538864 -91.157116 11.642883 65.520312 -6.167056 -66.688758 -40.387249 
82.461522 97.046985 52.381967 79.398832 42.538864 -51.830160 45.019020 -75.890681 -6.167056 -77.853121 -41.179110 
12.283115 88.129224 56.246423 77.398832 19.933236 -50.830160 13.642883 -9.724301 -63.104317 -66.688758 -76.914200 
67.049272 99.046985 47.704471 65.199436 -2.442464 -51.830160 12.642883 -16.314521 -64.104317 -66.688758 -41.179110 
13.283115 99.046985 52.381967 65.199436 19.933236 -51.830160 12.642883 -11.724301 -63.104317 -63.688899 -14.548113 
66.049272 89.129224 63.989996 93.560449 -8.928579 -91.157116 13.642883 65.520312 -64.104317 -49.001120 -14.548113 
68.751363 83.343031 62.989996 79.398832 46.315059 -85.317114 13.642883 65.520312 -39.050910 -65.688758 -41.179110 
92.584186 97.046985 63.989996 76.901300 19.933236 -51.830160 42.316176 65.520312 -99.220353 -28.194536 -22.094693 
66.049272 87.363415 63.989996 79.398832 -8.928579 -51.830160 5.695878 65.520312 -64.104317 -49.001120 -52.393544 
92.584186 87.363415 52.381967 78.398832 47.315059 -51.830160 44.019020 -11.724301 -99.220353 -65.688758 -14.548113 
92.584186 97.046985 39.911661 65.199436 -55.624074 -51.830160 12.642883 94.418900 -38.050910 -49.001120 -55.841260 
66.049272 99.046985 63.989996 79.398832 19.933236 -51.830160 42.316176 79.461307 -80.794782 -66.688758 -41.179110 
65.616505 88.129224 47.212688 76.398832 20.933236 -51.830160 45.019020 -10.724301 -63.104317 -49.001120 -52.393544 
66.049272 87.363415 52.381967 77.398832 19.933236 -51.830160 45.019020 -11.724301 -99.220353 -28.194536 -53.900430 
66.049272 89.129224 56.246423 65.199436 19.933236 -51.830160 -43.035599 65.520312 -101.220353 -65.688758 -14.548113 
82.461522 97.046985 63.989996 74.253283 -6.928579 -51.830160 5.695878 65.520312 -80.794782 -78.853121 -41.179110 
82.461522 99.046985 52.381967 76.901300 47.315059 -84.317114 45.019020 -46.056100 -80.794782 -49.001120 -76.914200 
65.616505 89.129224 47.704471 66.199436 -7.928579 -85.317114 11.642883 65.520312 -6.167056 -49.001120 -14.548113 
92.584186 98.046985 64.257551 76.901300 42.538864 -51.830160 13.642883 -11.724301 -63.104317 -66.688758 -40.387249 
13.283115 90.804577 39.911661 65.199436 42.538864 -85.317114 43.316176 -11.724301 -64.104317 -65.688758 -40.179110 
93.280373 90.804577 56.246423 78.398832 -2.442464 -91.157116 44.019020 -11.724301 -64.104317 -49.001120 -58.757747 
92.584186 87.363415 56.246423 74.253283 19.933236 -51.830160 13.642883 94.418900 -80.794782 -78.853121 -22.094693 
82.461522 86.363415 63.989996 78.398832 47.315059 -51.830160 5.695878 65.520312 -38.050910 -48.001120 -14.548113 
65.616505 97.046985 63.989996 77.398832 19.933236 -50.830160 44.019020 64.520312 -38.050910 -29.194536 -22.094693 
12.283115 87.363415 56.246423 67.199436 46.315059 -51.830160 12.642883 -11.724301 -99.220353 -66.688758 -58.757747 
82.461522 87.363415 63.989996 77.398832 46.315059 -51.830160 12.642883 -10.724301 -80.794782 -65.688758 -52.393544 
93.280373 90.129224 63.989996 79.398832 -8.928579 -91.157116 44.019020 65.520312 -16.327704 -66.688758 -14.548113 
82.461522 90.804577 56.246423 77.398832 42.538864 -51.830160 -47.924930 65.520312 -64.104317 -66.688758 -52.393544 
12.283115 87.363415 53.619854 74.253283 19.933236 -80.088871 12.642883 65.520312 -38.050910 -48.001120 -14.548113 
66.049272 87.363415 52.381967 76.901300 41.538864 -51.830160 42.316176 -76.890681 -80.794782 -63.688899 -53.900430 
93.280373 99.046985 63.989996 78.398832 19.933236 -50.830160 45.019020 65.520312 -99.220353 -66.688758 -52.393544 
13.283115 90.804577 63.989996 65.199436 19.933236 -51.830160 13.642883 97.906906 -64.104317 -49.001120 -41.179110 
65.616505 87.363415 63.989996 74.253283 19.933236 -51.830160 -47.924930 -75.890681 -63.104317 -64.688899 -14.548113 
12.283115 90.804577 56.246423 77.398832 -6.928579 -92.157116 12.642883 -10.724301 -80.794782 -98.736426 -53.393544 
92.584186 87.129224 47.704471 65.199436 19.933236 -86.317114 42.316176 65.520312 -38.050910 -66.688758 -53.900430 
92.584186 87.363415 52.381967 65.199436 -6.928579 -30.686823 13.642883 95.418900 -38.050910 -49.001120 -58.757747 
82.461522 90.129224 38.911661 78.398832 -8.928579 -51.830160 44.019020 94.418900 -80.794782 -49.001120 -14.548113 
13.283115 87.363415 56.246423 76.901300 -6.928579 -91.157116 13.642883 -11.724301 -80.794782 -98.736426 -41.179110 
65.616505 89.129224 61.989996 65.199436 19.933236 -51.830160 -47.924930 65.520312 -100.220353 -66.688758 -41.179110 
82.461522 100.046985 62.989996 77.398832 47.315059 -30.686823 -46.924930 -11.724301 -101.220353 -64.688899 -41.179110 
82.461522 90.804577 56.246423 65.199436 -2.442464 -91.157116 28.210587 -16.314521 -6.167056 -66.688758 -14.548113 
13.283115 98.046985 63.989996 76.901300 19.933236 -50.830160 12.642883 -11.724301 -7.167056 -66.688758 -52.393544 
82.461522 90.129224 52.381967 74.253283 19.933236 -52.830160 12.642883 65.520312 -63.104317 -48.001120 -41.179110 
92.584186 83.343031 56.246423 79.398832 19.933236 -92.157116 -43.035599 65.520312 -80.794782 -66.688758 -58.757747 
93.280373 89.129224 53.619854 65.199436 -6.928579 -91.157116 12.642883 64.520312 -63.104317 -49.001120 -44.537342 
82.461522 87.363415 63.989996 78.398832 -6.928579 -51.830160 45.019020 -11.724301 -100.220353 -64.688899 -76.914200 
66.049272 99.046985 56.246423 78.398832 41.538864 -29.970056 5.695878 65.520312 -99.220353 -49.001120 -44.537342 
67.049272 97.046985 56.246423 65.199436 -6.928579 -92.157116 5.695878 -12.724301 -64.104317 -77.853121 -52.393544 
13.283115 89.129224 56.246423 76.901300 42.538864 -90.157116 44.019020 -16.314521 -80.794782 -66.688758 -52.393544 
69.049272 99.046985 53.619854 76.901300 42.538864 -51.830160 42.316176 79.461307 -64.104317 -49.001120 -53.393544 
281590 3160 66149
