92.584186 89.129224 47.704471 76.901300 42.538864 -51.830160 42.316176 -47.056100 -80.794782 -98.736426 -41.179110 
66.049272 87.363415 52.381967 76.901300 42.538864 -91.157116 28.210587 79.461307 -99.220353 -28.194536 -41.179110 
67.049272 90.129224 52.381967 78.398832 19.933236 -86.317114 42.316176 79.461307 -100.220353 -28.194536 -58.757747 
82.461522 90.804577 47.704471 76.901300 -55.624074 -91.157116 13.642883 65.520312 -16.327704 -66.688758 -14.548113 
67.049272 98.046985 47.212688 65.199436 -8.928579 -91.157116 12.642883 -47.056100 -64.104317 -65.688758 -41.179110 
67.049272 97.046985 56.246423 65.199436 -2.442464 -52.830160 42.316176 -10.724301 -16.327704 -19.116954 -59.757747 
82.461522 89.129224 63.989996 76.901300 42.538864 -50.830160 12.642883 -10.724301 -39.050910 -66.688758 -55.841260 
82.461522 88.129224 56.246423 65.199436 19.933236 -51.830160 5.695878 -76.890681 -38.050910 -49.001120 -22.094693 
12.283115 90.804577 63.989996 93.560449 19.933236 -30.686823 28.210587 -11.724301 -99.220353 -66.688758 -40.387249 
68.751363 90.129224 56.246423 76.901300 -6.928579 -85.317114 77.102820 -75.890681 -63.104317 -64.688758 -22.094693 
13.283115 90.804577 52.381967 78.398832 -2.442464 -91.157116 -47.924930 -74.890681 -101.220353 -66.688758 -53.900430 
69.049272 97.046985 53.619854 79.398832 19.933236 -85.317114 44.019020 -10.724301 -7.167056 -28.194536 -52.393544 
82.461522 87.363415 56.246423 74.253283 41.538864 -92.157116 12.642883 94.418900 -64.104317 -28.194536 -40.387249 
12.283115 89.129224 47.704471 76.901300 -7.928579 -84.317114 44.019020 -10.724301 -16.327704 -98.736426 -44.537342 
69.049272 90.804577 56.246423 77.398832 42.538864 -51.830160 13.642883 -11.724301 -16.327704 -65.688758 -58.757747 
92.584186 87.363415 63.989996 76.901300 0.557536 -29.970056 5.695878 65.520312 -80.794782 -64.688899 -41.179110 
82.461522 87.363415 56.246423 67.199436 41.538864 -50.830160 13.642883 -12.724301 -80.794782 -66.688758 -44.537342 
65.616505 99.046985 53.619854 79.398832 47.315059 -51.830160 42.316176 -11.724301 -80.794782 -48.001120 -58.757747 
12.283115 89.129224 56.246423 74.253283 19.933236 -51.830160 13.642883 64.520312 -64.104317 -65.688758 -14.548113 
68.049272 89.129224 52.381967 93.560449 41.538864 -91.157116 12.642883 -74.890681 -101.220353 -65.688758 -54.841260 
82.461522 90.804577 63.989996 78.398832 -2.442464 -51.830160 42.316176 65.520312 -101.220353 -66.688758 -54.841260 
82.461522 87.363415 56.246423 77.398832 -6.928579 -91.157116 13.642883 67.520312 -80.794782 -65.688758 -53.393544 
82.461522 97.046985 63.989996 76.901300 -2.442464 -51.830160 42.316176 64.520312 -15.327704 -66.688758 -59.757747 
92.584186 87.363415 62.989996 93.560449 -8.928579 -91.157116 13.642883 -10.724301 -16.327704 -66.688758 -52.393544 
66.049272 89.129224 63.989996 65.199436 -7.928579 -91.157116 28.210587 -11.724301 -16.327704 -64.688758 -41.179110 
65.616505 97.046985 56.246423 76.901300 19.933236 -51.830160 12.642883 65.520312 -63.104317 -49.001120 -52.393544 
92.584186 88.129224 63.989996 65.199436 47.315059 -51.830160 13.642883 79.461307 -80.794782 -66.688758 -41.179110 
93.280373 87.363415 63.989996 66.199436 19.933236 -91.157116 -43.035599 65.520312 -99.220353 -78.853121 -14.548113 
82.461522 90.804577 62.989996 65.199436 -2.442464 -50.830160 5.695878 97.906906 -16.327704 -66.688758 -40.179110 
93.280373 89.129224 56.246423 65.199436 42.538864 -85.317114 45.019020 65.520312 -63.104317 -66.688758 -41.179110 
92.584186 97.046985 27.831118 75.253283 19.933236 -51.830160 5.695878 65.520312 -64.104317 -66.688758 -75.914200 
11.283115 87.363415 56.246423 76.901300 19.933236 -75.322694 13.642883 -11.724301 -7.167056 -64.688899 -52.393544 
92.584186 97.046985 39.911661 66.199436 -2.442464 -50.830160 -47.924930 65.520312 -64.104317 -65.688758 -41.179110 
13.283115 100.046985 52.381967 74.253283 47.315059 -29.970056 -46.924930 97.906906 -63.104317 -66.688758 -52.393544 
82.461522 90.804577 47.212688 74.253283 42.538864 -51.830160 13.642883 79.461307 -38.050910 -98.736426 -52.393544 
13.283115 88.129224 63.989996 74.253283 -6.928579 -51.830160 28.210587 -10.724301 -100.220353 -28.194536 -51.812096 
82.461522 83.343031 52.619854 74.253283 -8.928579 -91.157116 4.695878 65.520312 -80.794782 -65.688758 -53.900430 
12.283115 87.363415 63.989996 79.398832 19.933236 -51.830160 -47.924930 -10.724301 -80.794782 -66.688758 -53.393544 
68.751363 87.363415 63.989996 76.901300 47.315059 -51.830160 13.642883 65.520312 -63.104317 -49.001120 -52.812096 
69.751363 83.343031 56.246423 66.199436 19.933236 -91.157116 -47.924930 -10.724301 -63.104317 -64.688899 -53.900430 
67.049272 53.671256 47.212688 66.199436 0.557536 -91.157116 13.642883 65.520312 -100.220353 -66.688758 -55.841260 
82.461522 90.804577 47.212688 78.398832 19.933236 -91.157116 -46.924930 65.520312 -16.327704 -64.688758 -44.537342 
82.461522 90.804577 63.989996 78.398832 42.538864 -91.157116 77.102820 -30.680556 -16.327704 -65.688758 -41.179110 
82.461522 99.046985 62.989996 78.398832 47.315059 -50.830160 44.019020 65.520312 -100.220353 -49.001120 -41.179110 
92.584186 89.129224 52.381967 67.199436 -2.442464 -51.830160 13.642883 65.520312 -80.794782 -66.688758 -41.179110 
65.616505 97.046985 63.989996 65.199436 -6.928579 -51.830160 42.316176 65.520312 -63.104317 -65.688758 -53.393544 
67.751363 97.046985 56.246423 76.901300 19.933236 -51.830160 42.316176 -9.724301 -99.220353 -48.001120 -40.387249 
13.283115 97.046985 63.989996 79.398832 46.315059 -51.830160 42.316176 65.520312 -6.167056 -65.688758 -52.393544 
13.283115 97.046985 56.246423 76.901300 42.538864 -91.157116 42.316176 64.520312 -16.327704 -49.001120 -76.914200 
82.461522 99.046985 63.989996 77.398832 47.315059 -84.317114 13.642883 65.520312 -63.104317 -64.688899 -14.548113 
12.283115 97.046985 56.246423 78.398832 -2.442464 -50.830160 12.642883 -11.724301 -80.794782 -47.001120 -22.094693 
67.049272 89.129224 63.989996 76.901300 -55.624074 -80.088871 13.642883 -11.724301 -80.794782 -21.116954 -14.548113 
92.584186 53.671256 48.212688 65.199436 42.538864 -91.157116 42.316176 65.520312 -99.220353 -66.688758 -51.812096 
68.751363 90.804577 56.246423 79.398832 -7.928579 -29.970056 45.019020 -10.724301 -99.220353 -28.194536 -41.179110 
66.049272 88.129224 52.619854 78.398832 19.933236 -91.157116 44.019020 -10.724301 -99.220353 -65.688758 -22.094693 
93.280373 87.363415 63.989996 78.398832 47.315059 -51.830160 28.210587 -11.724301 -64.104317 -66.688758 -76.914200 
67.049272 89.129224 47.704471 67.199436 47.315059 -51.830160 45.019020 -11.724301 -80.794782 -66.688758 -40.387249 
82.461522 96.046985 47.704471 76.901300 42.538864 -51.830160 44.019020 97.906906 -99.220353 -48.001120 -41.179110 
65.616505 89.129224 56.246423 66.199436 19.933236 -85.317114 -47.924930 65.520312 -100.220353 -66.688758 -40.387249 
82.461522 89.129224 63.989996 70.481538 19.933236 -80.088871 42.316176 -47.056100 -38.050910 -48.001120 -75.914200 
93.280373 83.343031 56.246423 79.398832 19.933236 -51.830160 42.316176 65.520312 -38.050910 -66.688758 -14.548113 
13.283115 89.129224 52.381967 66.199436 -6.928579 -51.830160 12.642883 65.520312 -99.220353 -66.688758 -41.179110 
82.461522 97.046985 47.704471 77.398832 19.933236 -91.157116 28.210587 -16.314521 -16.327704 -65.688758 -14.548113 
67.751363 89.129224 63.257551 78.398832 47.315059 -91.157116 12.642883 -75.890681 -38.050910 -64.688899 -52.393544 
92.584186 87.363415 64.257551 65.199436 42.538864 -50.830160 42.316176 65.520312 -38.050910 -49.001120 -41.179110 
69.049272 90.804577 52.381967 70.481538 20.933236 -51.830160 13.642883 65.520312 -63.104317 -49.001120 -41.179110 
93.280373 87.363415 52.381967 65.199436 -2.442464 -51.830160 -47.924930 -46.056100 -99.220353 -66.688758 -52.393544 
92.584186 89.129224 56.246423 65.199436 19.933236 -85.317114 12.642883 65.520312 -38.050910 -49.001120 -55.841260 
83.461522 97.046985 63.989996 65.199436 19.933236 -29.970056 13.642883 -10.724301 -63.104317 -66.688758 -55.841260 
82.461522 89.129224 47.704471 65.199436 19.933236 -51.830160 13.642883 -10.724301 -80.794782 -64.688758 -14.548113 
12.283115 99.046985 63.989996 77.398832 20.933236 -51.830160 5.695878 -9.724301 -99.220353 -49.001120 -41.179110 
66.049272 83.343031 63.989996 77.398832 -8.928579 -91.157116 44.019020 -10.724301 -80.794782 -49.001120 -52.393544 
92.584186 99.046985 52.381967 78.398832 -8.928579 -51.830160 45.019020 65.520312 -63.104317 -48.001120 -41.179110 
66.049272 82.343031 63.989996 94.560449 19.933236 -80.088871 45.019020 79.461307 -80.794782 -65.688758 -44.537342 
82.461522 99.046985 64.989996 79.398832 -2.442464 -91.157116 12.642883 -9.724301 -64.104317 -49.001120 -53.393544 
92.584186 97.046985 47.212688 76.901300 42.538864 -51.830160 13.642883 65.520312 -63.104317 -98.736426 -52.393544 
82.461522 88.129224 56.246423 76.901300 42.538864 -51.830160 78.102820 -11.724301 -80.794782 -77.853121 -58.757747 
69.049272 99.046985 53.619854 65.199436 -8.928579 -52.830160 42.316176 -75.890681 -80.794782 -99.736426 -14.548113 
13.283115 90.804577 56.246423 76.901300 18.933236 -52.830160 12.642883 -16.314521 -99.220353 -66.688758 -41.179110 
82.461522 98.046985 63.989996 78.398832 -2.442464 -90.157116 45.019020 -75.890681 -101.220353 -28.194536 -52.393544 
13.283115 87.363415 53.619854 77.398832 -5.928579 -51.830160 45.019020 65.520312 -64.104317 -66.688758 -14.548113 
67.049272 87.363415 53.619854 66.199436 -55.624074 -51.830160 77.102820 -11.724301 -38.050910 -65.688758 -51.812096 
67.751363 89.129224 47.704471 76.901300 42.538864 -51.830160 21.604655 -10.724301 -99.220353 -49.001120 -41.179110 
82.461522 90.804577 63.989996 80.398832 -6.928579 -80.088871 -47.924930 -16.314521 -99.220353 -77.853121 -22.094693 
92.584186 97.046985 53.619854 78.398832 -6.928579 -85.317114 12.642883 65.520312 -16.327704 -66.688758 -44.537342 
93.280373 90.804577 38.911661 77.398832 0.557536 -80.088871 12.642883 65.520312 -38.050910 -66.688758 -86.635194 
64.616505 87.363415 63.989996 65.199436 19.933236 -91.157116 42.316176 -16.314521 -99.220353 -28.194536 -56.841260 
83.461522 89.129224 47.704471 76.901300 19.933236 -91.157116 42.316176 66.520312 -100.220353 -97.736426 -41.179110 
93.280373 89.129224 38.911661 76.901300 -55.624074 -51.830160 12.642883 -16.314521 -16.327704 -66.688758 -40.387249 
67.751363 90.804577 47.212688 78.398832 19.933236 -51.830160 44.019020 -16.314521 -64.104317 -78.853121 -41.179110 
65.616505 87.363415 47.212688 66.199436 42.538864 -51.830160 45.019020 -10.724301 -63.104317 -78.853121 -58.757747 
65.616505 97.046985 63.989996 70.481538 47.315059 -51.830160 45.019020 65.520312 -16.327704 -66.688758 -55.841260 
92.584186 99.081123 63.989996 70.481538 19.933236 -51.830160 5.695878 -10.724301 -100.220353 -64.688899 -14.548113 
65.616505 97.046985 57.246423 79.398832 19.933236 -51.830160 45.019020 95.418900 -99.220353 -66.688758 -44.537342 
82.461522 90.129224 52.381967 65.199436 -2.442464 -91.157116 42.316176 65.520312 -80.794782 -65.688758 -55.841260 
65.616505 90.804577 47.212688 66.199436 20.933236 -91.157116 12.642883 65.520312 -16.327704 -66.688758 -40.387249 
66.049272 87.363415 63.989996 76.901300 19.933236 -91.157116 13.642883 -11.724301 -80.794782 -77.853121 -41.179110 
82.461522 99.046985 52.381967 78.398832 42.538864 -80.088871 29.210587 65.520312 -16.327704 -66.688758 -14.548113 
68.751363 97.046985 63.989996 79.398832 -6.928579 -50.830160 12.642883 65.520312 -99.220353 -28.194536 -41.179110 
82.461522 87.363415 63.989996 66.199436 19.933236 -50.830160 5.695878 65.520312 -63.104317 -49.001120 -14.548113 
262700 400 65816
