13.283115 86.129224 62.989996 76.901300 -1.442464 -52.830160 44.019020 65.520312 -80.794782 -29.194536 -53.393544 
67.049272 86.129224 53.381967 79.398832 47.315059 -51.830160 13.642883 65.520312 -64.104317 -66.688758 -44.537342 
13.283115 87.363415 64.989996 78.398832 -6.928579 -51.830160 42.316176 -74.890681 -5.167056 -50.001120 -53.841260 
13.283115 86.129224 64.989996 76.901300 47.315059 -51.830160 44.019020 -11.724301 -64.104317 -49.001120 -53.393544 
13.283115 87.363415 63.989996 78.398832 -1.442464 -51.830160 44.019020 64.520312 -65.104317 -49.001120 -53.841260 
13.283115 87.129224 64.989996 78.398832 -8.928579 -53.830160 12.642883 66.520312 -5.167056 -49.001120 -38.387249 
13.283115 89.129224 64.989996 76.901300 -2.442464 -51.830160 45.019020 64.520312 -80.794782 -28.194536 -40.179110 
13.283115 87.363415 64.989996 79.398832 18.933236 -51.830160 44.019020 -13.724301 -64.104317 -50.001120 -51.393544 
12.283115 92.129224 63.989996 79.398832 -6.928579 -51.830160 5.695878 65.520312 -80.794782 -48.001120 -40.179110 
93.584186 86.129224 63.989996 79.398832 -2.442464 -51.830160 42.316176 -75.890681 -65.104317 -66.688758 -39.179110 
13.283115 88.129224 53.381967 76.901300 1.557536 -50.830160 12.642883 -12.724301 -64.104317 -48.001120 -41.179110 
92.584186 88.129224 63.989996 76.901300 -3.442464 -91.157116 13.642883 -11.724301 -65.104317 -49.001120 -37.387249 
14.283115 88.129224 63.989996 78.398832 -3.442464 -51.830160 5.695878 -74.890681 -64.104317 -48.001120 -52.841260 
82.461522 92.129224 63.989996 78.398832 -1.442464 -50.830160 43.019020 -13.724301 -80.794782 -27.194536 -41.179110 
13.283115 87.129224 62.989996 78.398832 20.933236 -52.830160 13.642883 -11.724301 -5.167056 -28.194536 -52.393544 
82.461522 88.129224 64.989996 78.398832 -2.442464 -51.830160 13.642883 -11.724301 -64.104317 -66.688758 -53.393544 
12.283115 87.363415 65.989996 78.398832 -6.928579 -51.830160 13.642883 -9.724301 -80.794782 -68.688758 -39.387249 
13.283115 87.129224 59.246423 78.398832 -6.928579 -51.830160 5.695878 94.418900 -4.167056 -49.001120 -44.537342 
67.049272 86.129224 64.989996 78.398832 18.933236 -52.830160 44.019020 -74.890681 -80.794782 -50.001120 -45.537342 
66.049272 88.129224 53.381967 76.901300 18.933236 -52.830160 12.642883 -11.724301 -64.104317 -50.001120 -53.393544 
11.283115 87.129224 63.989996 79.398832 -6.928579 -48.830160 14.642883 -74.890681 -65.104317 -50.001120 -44.537342 
67.751363 89.129224 57.246423 76.901300 -2.442464 -51.830160 42.316176 -13.724301 -65.104317 -49.001120 -52.841260 
12.283115 98.046985 53.381967 78.398832 -2.442464 -51.830160 44.019020 64.520312 -64.104317 -49.001120 -51.393544 
13.283115 88.129224 53.381967 65.199436 -1.442464 -91.157116 44.019020 -13.724301 -6.167056 -29.194536 -37.387249 
82.461522 87.129224 62.989996 79.398832 -6.928579 -51.830160 44.019020 65.520312 -64.104317 -49.001120 -40.179110 
13.283115 88.363415 53.381967 65.199436 -2.442464 -51.830160 12.642883 65.520312 -40.050910 -67.688758 -39.387249 
14.283115 88.129224 63.989996 78.398832 -1.442464 -50.830160 5.695878 -11.724301 -5.167056 -66.688758 -41.179110 
12.283115 87.129224 63.989996 78.398832 19.933236 -51.830160 13.642883 94.418900 -64.104317 -29.194536 -15.548113 
13.283115 91.129224 64.989996 78.398832 -2.442464 -51.830160 44.019020 64.520312 -99.220353 -50.001120 -45.537342 
12.283115 87.363415 53.381967 78.398832 -2.442464 -51.830160 12.642883 -74.890681 -40.050910 -49.001120 -52.841260 
13.283115 87.129224 53.381967 80.398832 1.557536 -52.830160 5.695878 -13.724301 -80.794782 -29.194536 -44.537342 
13.283115 100.046985 64.989996 76.901300 -2.442464 -49.830160 12.642883 94.418900 -80.794782 -67.688758 -41.179110 
82.461522 87.363415 63.989996 77.398832 -2.442464 -51.830160 42.316176 65.520312 -80.794782 -65.688758 -53.393544 
12.283115 88.129224 64.989996 75.901300 -1.442464 -50.830160 13.642883 63.520312 -5.167056 -48.001120 -53.393544 
13.283115 99.046985 63.989996 78.398832 -6.928579 -51.830160 4.695878 64.520312 -80.794782 -49.001120 -41.179110 
13.283115 87.129224 63.989996 76.901300 -2.442464 -51.830160 12.642883 -11.724301 -6.167056 -66.688758 -41.179110 
12.283115 98.046985 63.989996 77.398832 20.933236 -91.157116 12.642883 94.418900 -64.104317 -47.001120 -53.393544 
14.283115 88.129224 63.989996 79.398832 -2.442464 -52.830160 45.019020 -75.890681 -5.167056 -48.001120 -41.179110 
13.283115 86.129224 64.989996 78.398832 -5.928579 -51.830160 44.019020 65.520312 -64.104317 -68.688758 -53.841260 
92.584186 98.046985 63.989996 79.398832 47.315059 -50.830160 5.695878 66.520312 -64.104317 -49.001120 -44.537342 
80.461522 87.129224 62.989996 78.398832 47.315059 -52.830160 12.642883 64.520312 -80.794782 -67.688758 -52.841260 
13.283115 87.129224 64.989996 76.901300 -2.442464 -52.830160 45.019020 63.520312 -65.104317 -48.001120 -38.179110 
66.049272 87.363415 56.246423 79.398832 1.557536 -51.830160 5.695878 64.520312 -80.794782 -65.688758 -38.387249 
92.584186 98.046985 64.989996 78.398832 -6.928579 -51.830160 43.019020 65.520312 -40.050910 -29.194536 -53.393544 
13.283115 87.129224 63.989996 78.398832 18.933236 -51.830160 12.642883 63.520312 -65.104317 -50.001120 -53.393544 
13.283115 87.363415 64.989996 79.398832 -6.928579 -51.830160 5.695878 65.520312 -5.167056 -66.688758 -38.387249 
11.283115 87.363415 62.989996 77.901300 -1.442464 -51.830160 45.316176 66.520312 -64.104317 -49.001120 -53.393544 
13.283115 87.129224 62.989996 78.398832 -2.442464 -51.830160 4.695878 64.520312 -65.104317 -50.001120 -43.537342 
13.283115 87.129224 57.246423 79.398832 -2.442464 -52.830160 45.019020 -7.724301 -66.104317 -66.688758 -39.387249 
12.283115 100.046985 62.989996 78.398832 -2.442464 -53.830160 44.019020 -10.724301 -64.104317 -47.001120 -52.841260 
13.283115 89.129224 64.989996 78.398832 -0.442464 -53.830160 13.642883 -75.890681 -80.794782 -28.194536 -43.537342 
92.584186 92.129224 63.989996 78.398832 -2.442464 -51.830160 12.642883 -74.890681 -5.167056 -48.001120 -52.841260 
65.049272 89.129224 63.989996 78.398832 -2.442464 -52.830160 13.642883 65.520312 -80.794782 -49.001120 -41.179110 
67.049272 87.129224 65.989996 76.901300 1.557536 -51.830160 45.019020 65.520312 -80.794782 -47.001120 -53.393544 
66.049272 87.129224 53.381967 78.398832 -2.442464 -51.830160 44.019020 -74.890681 -80.794782 -28.194536 -41.179110 
12.283115 87.129224 57.246423 78.398832 -2.442464 -51.830160 43.019020 -12.724301 -64.104317 -49.001120 -41.179110 
13.283115 87.363415 64.989996 78.398832 -6.928579 -51.830160 45.019020 -13.724301 -65.104317 -29.194536 -53.393544 
83.461522 88.129224 64.989996 78.398832 -2.442464 -52.830160 13.642883 -11.724301 -79.794782 -28.194536 -40.179110 
92.584186 88.129224 63.989996 78.398832 -2.442464 -53.830160 12.642883 65.520312 -79.794782 -66.688758 -41.179110 
66.049272 87.129224 64.989996 78.398832 -2.442464 -51.830160 12.642883 94.418900 -5.167056 -28.194536 -53.841260 
92.584186 87.363415 64.989996 78.398832 18.933236 -51.830160 13.642883 -9.724301 -79.794782 -48.001120 -38.387249 
13.283115 87.363415 62.989996 78.398832 -2.442464 -52.830160 44.019020 -11.724301 -64.104317 -67.688758 -39.387249 
90.584186 88.129224 53.381967 75.901300 -6.928579 -51.830160 44.019020 -9.724301 -5.167056 -67.688758 -53.393544 
13.283115 91.129224 64.989996 78.398832 18.933236 -52.830160 4.695878 65.520312 -64.104317 -28.194536 -41.179110 
11.283115 86.129224 63.989996 78.398832 -3.442464 -51.830160 4.695878 -74.890681 -80.794782 -67.688758 -53.393544 
13.283115 98.046985 64.989996 78.398832 -5.928579 -51.830160 14.642883 -13.724301 -5.167056 -50.001120 -41.179110 
93.584186 90.129224 63.989996 76.901300 -0.442464 -51.830160 44.019020 64.520312 -99.220353 -48.001120 -52.393544 
67.049272 88.129224 53.381967 78.398832 -1.442464 -52.830160 44.316176 -9.724301 -6.167056 -49.001120 -41.179110 
15.283115 87.129224 52.381967 78.398832 -5.928579 -51.830160 44.019020 -75.890681 -64.104317 -50.001120 -52.393544 
83.461522 87.363415 63.989996 79.398832 -0.442464 -51.830160 13.642883 -75.890681 -5.167056 -50.001120 -39.387249 
83.461522 87.129224 63.989996 65.199436 -6.928579 -51.830160 13.642883 -10.724301 -79.794782 -67.688758 -41.179110 
14.283115 88.129224 62.989996 79.398832 -2.442464 -91.157116 12.642883 -74.890681 -64.104317 -67.688758 -40.179110 
91.584186 88.129224 65.989996 79.398832 -1.442464 -51.830160 44.019020 -12.724301 -98.220353 -47.001120 -41.179110 
66.049272 88.129224 64.989996 78.398832 -1.442464 -51.830160 45.019020 65.520312 -64.104317 -67.688758 -39.387249 
80.461522 87.129224 64.989996 78.398832 -2.442464 -52.830160 44.019020 65.520312 -5.167056 -49.001120 -52.393544 
67.049272 92.129224 65.989996 78.398832 -6.928579 -52.830160 45.019020 65.520312 -64.104317 -49.001120 -38.387249 
11.283115 87.129224 63.989996 74.253283 -6.928579 -50.830160 45.316176 -9.724301 -64.104317 -50.001120 -41.179110 
67.751363 98.046985 65.989996 78.398832 -2.442464 -51.830160 13.642883 63.520312 -80.794782 -50.001120 -53.393544 
92.584186 87.129224 63.989996 78.398832 -2.442464 -52.830160 13.642883 -74.890681 -80.794782 -29.194536 -41.179110 
13.283115 87.363415 63.989996 78.398832 -2.442464 -52.830160 44.019020 -7.724301 -66.104317 -50.001120 -52.841260 
13.283115 87.363415 62.989996 76.901300 -2.442464 -52.830160 44.019020 -11.724301 -80.794782 -67.688758 -39.179110 
67.049272 86.129224 63.989996 78.398832 -2.442464 -51.830160 42.316176 65.520312 -65.104317 -49.001120 -53.393544 
66.049272 87.363415 64.989996 79.398832 -2.442464 -53.830160 12.642883 63.520312 -80.794782 -29.194536 -41.179110 
13.283115 86.129224 63.989996 79.398832 -6.928579 -52.830160 12.642883 65.520312 -79.794782 -66.688758 -45.537342 
12.283115 87.363415 62.989996 76.901300 -2.442464 -49.830160 44.316176 -76.890681 -64.104317 -67.688758 -53.841260 
13.283115 85.363415 61.989996 75.901300 18.933236 -51.830160 12.642883 65.520312 -5.167056 -49.001120 -53.393544 
12.283115 98.046985 59.246423 76.901300 -2.442464 -51.830160 4.695878 -74.890681 -80.794782 -50.001120 -41.179110 
82.461522 92.129224 65.989996 79.398832 -1.442464 -90.157116 45.019020 65.520312 -64.104317 -46.001120 -41.179110 
67.049272 98.046985 63.989996 75.901300 -2.442464 -52.830160 4.695878 65.520312 -5.167056 -49.001120 -53.841260 
92.584186 87.129224 65.989996 78.398832 -2.442464 -51.830160 42.316176 -74.890681 -79.794782 -48.001120 -40.179110 
66.049272 100.046985 65.989996 79.398832 -2.442464 -91.157116 44.019020 -7.724301 -80.794782 -49.001120 -38.387249 
13.283115 87.129224 63.989996 79.398832 -0.442464 -51.830160 12.642883 -74.890681 -64.104317 -50.001120 -52.393544 
66.049272 88.129224 57.246423 76.901300 18.933236 -51.830160 44.019020 65.520312 -5.167056 -49.001120 -53.841260 
92.584186 87.363415 63.989996 76.901300 1.557536 -52.830160 44.019020 -11.724301 -98.220353 -28.194536 -41.179110 
11.283115 87.129224 63.989996 79.398832 -2.442464 -51.830160 5.695878 -74.890681 -64.104317 -29.194536 -44.537342 
91.584186 87.129224 61.989996 77.398832 -6.928579 -52.830160 4.695878 64.520312 -5.167056 -49.001120 -41.179110 
13.283115 88.363415 64.989996 74.253283 -2.442464 -52.830160 45.019020 -74.890681 -80.794782 -67.688758 -53.393544 
13.283115 87.363415 63.989996 79.398832 -2.442464 -51.830160 43.316176 -11.724301 -80.794782 -66.688758 -44.537342 
13.283115 98.046985 58.246423 74.253283 -6.928579 -52.830160 12.642883 63.520312 -64.104317 -48.001120 -41.179110 
92.584186 88.129224 63.989996 79.398832 1.557536 -51.830160 5.695878 65.520312 -64.104317 -46.001120 -41.179110 
448360 600 90484
